23
0 0 1060 414
1 0 1029 422
2 0 1004 426
0 1 1298.4 644.4
1 1 1269.6 648
2 1 1249.2 650.4
0 2 139.968 677.376
1 2 107.136 692.928
2 2 76.032 698.112
0 3 400.896 914.112
1 3 371.52 922.752
2 3 345.6 924.48
0 4 174.528 663.552
1 4 141.696 679.104
2 4 108.864 686.016
0 5 430.479 609.639
1 5 398.131 622.08
2 5 368.271 627.057
0 6 223.949 681.8
1 6 189.112 696.73
2 6 159.253 701.706
0 7 189.112 788.798
1 7 156.764 801.239
2 7 126.904 806.216
0 8 721.613 639.498
1 8 691.753 646.963
2 8 664.382 651.94
0 9 721.613 487.711
1 9 691.753 497.664
2 9 661.893 502.641
0 10 520.059 656.917
1 10 487.711 669.358
2 10 457.851 674.335
0 11 1334.74 845.034
1 11 1307.86 845.034
2 11 1289.95 848.02
0 12 1322.79 641.987
1 12 1292.93 647.959
2 12 1272.03 647.959
0 13 722.608 486.716
1 13 692.748 495.673
2 13 662.889 501.645
0 14 152.285 916.697
1 14 122.425 928.641
2 14 95.5515 931.627
0 15 1242.17 570.323
1 15 1212.31 573.309
2 15 1191.41 579.281
0 16 170.201 662.889
1 16 137.355 677.819
2 16 104.509 683.791
0 17 164.229 689.763
1 17 131.383 704.692
2 17 98.5375 710.664
0 18 271.725 435.954
1 18 232.907 453.87
2 18 200.061 462.828
0 19 1239.78 569.726
1 19 1211.12 573.309
2 19 1189.62 576.892
0 20 1260.09 874.894
1 20 1233.21 874.894
2 20 1218.28 870.713
0 21 781.134 591.225
1 21 752.468 598.391
2 21 723.803 601.975
0 22 1336.53 842.048
1 22 1307.86 842.048
2 22 1289.95 845.631
