17
0 0 862.8 424.8
1 0 844.8 399.6
2 0 819.6 357.6
0 1 862.56 424.8
1 1 845.28 400.32
2 1 819.36 358.56
0 2 837.734 572.314
1 2 819.072 547.43
2 2 794.189 508.032
0 3 1495.07 617.933
1 3 1459.81 588.902
2 3 1426.64 534.989
0 4 836.076 569.825
1 4 818.657 544.942
2 4 793.774 505.129
0 5 816.169 447.898
1 5 798.751 423.014
2 5 773.868 380.713
0 6 691.753 335.923
1 6 676.823 308.552
2 6 649.452 266.25
0 7 699.218 323.482
1 7 684.288 296.11
2 7 656.917 253.809
0 8 987.863 395.643
1 8 970.445 370.76
2 8 943.073 325.97
0 9 1495.48 617.104
1 9 1460.64 587.244
2 9 1428.3 534.989
0 10 1455.67 691.753
1 10 1420.83 661.893
2 10 1388.48 609.639
0 11 1494.19 612.724
1 11 1460.15 588.239
2 11 1427.3 534.491
0 12 1494.19 612.724
1 12 1458.35 584.059
2 12 1426.11 530.311
0 13 1418.94 519.561
1 13 1386.69 490.896
2 13 1354.44 440.731
0 14 1418.94 601.975
1 14 1386.69 573.309
2 14 1354.44 523.145
0 15 1454.77 680.805
1 15 1418.94 648.556
2 15 1386.69 598.391
0 16 1472.69 687.971
1 16 1436.86 659.305
2 16 1404.61 605.558
