16
0 0 831.168 485.568
1 0 827.712 475.2
2 0 815.616 470.016
0 1 1315.01 632.448
1 1 1299.46 616.896
2 1 1278.72 608.256
0 2 831.514 485.222
1 2 827.367 474.854
2 2 814.925 470.707
0 3 850.176 611.712
1 3 848.103 601.344
2 3 835.661 595.123
0 4 690.509 346.291
1 4 690.509 337.997
2 4 680.141 335.923
0 5 1682.1 975.422
1 5 1657.22 953.027
2 5 1629.85 940.585
0 6 1719.93 271.725
1 6 1696.04 259.781
2 6 1660.21 247.837
0 7 1579.59 683.791
1 7 1558.68 668.861
2 7 1531.81 653.931
0 8 1454.17 674.833
1 8 1436.26 659.903
2 8 1412.37 647.959
0 9 1552.71 755.454
1 9 1531.81 740.524
2 9 1504.94 728.58
0 10 831.298 480.146
1 10 827.715 469.397
2 10 816.965 465.814
0 11 1719.93 275.905
1 11 1694.84 261.572
2 11 1659.01 247.24
0 12 1530.02 745.302
1 12 1512.1 727.386
2 12 1487.02 716.636
0 13 1476.27 472.98
1 13 1458.35 458.647
2 13 1429.69 447.898
0 14 824.132 164.826
1 14 820.549 157.66
2 14 806.216 157.66
0 15 1551.52 756.051
1 15 1530.02 738.135
2 15 1504.94 723.803
