15
0 0 1625.76 655.2
1 0 1609.92 665.28
2 0 1549.44 662.4
0 1 1478.88 639.36
1 1 1457.28 653.76
2 1 1399.68 652.32
0 2 1609.11 659.405
1 2 1594.6 669.773
2 2 1536.19 667.008
0 3 1478.88 639.36
1 3 1457.28 653.76
2 3 1399.68 653.184
0 4 1479.17 639.36
1 4 1457.74 655.258
2 4 1399.68 653.184
0 5 1527.83 649.452
1 5 1542.76 665.626
2 5 1482.62 663.552
0 6 1609.11 659.405
1 6 1594.6 669.773
2 6 1534.46 667.699
0 7 1190.25 765.159
1 7 1172 786.309
2 7 1114.77 783.821
0 8 1617.41 664.382
1 8 1599.99 674.335
2 8 1540.27 671.847
0 9 1597.5 661.893
1 9 1585.06 674.335
2 9 1522.85 669.358
0 10 915.702 423.014
1 10 883.354 447.898
2 10 816.169 450.386
0 11 1006.28 310.542
1 11 973.431 328.458
2 11 904.753 328.458
0 12 1191.41 764.412
1 12 1170.51 785.314
2 12 1113.77 785.314
0 13 1189.62 763.218
1 13 1171.7 784.717
2 13 1114.37 781.134
0 14 394.15 462.23
1 14 343.985 501.645
2 14 257.989 515.978
