14
0 0 622.8 897.6
1 0 533 929
2 0 462 944
0 1 859 328
1 1 776.4 345.6
2 1 705.6 349.2
0 2 622.8 897.6
1 2 533 929
2 2 463.2 943.2
0 3 622.08 897.12
1 3 532.8 928.8
2 3 462.24 943.2
0 4 1186.56 74.88
1 4 1100.16 90.72
2 4 1033.92 82.08
0 5 860.544 326.592
1 5 775.872 345.6
2 5 705.024 349.056
0 6 622.08 896.832
1 6 533.952 927.936
2 6 463.104 941.76
0 7 1171.58 72.576
1 7 1086.57 85.0176
2 7 1020.21 76.7232
0 8 862.618 325.555
1 8 777.6 346.291
2 8 707.098 348.365
0 9 1318.81 84.6029
1 9 1231.72 99.5328
2 9 1164.53 89.5795
0 10 808.704 582.267
1 10 722.608 588.239
2 10 653.931 579.281
0 11 1132.29 125.411
1 11 1049.87 136.161
2 11 985.375 125.411
0 12 1042.71 214.991
1 12 953.126 240.073
2 12 881.463 243.656
0 13 806.216 580.475
1 13 722.608 588.239
2 13 652.139 576.892
