15
0 0 1593.6 668.4
1 0 1483.2 662.4
2 0 1448.4 642
0 1 1457.28 653.76
1 1 1399.68 652.32
2 1 1365.12 633.6
0 2 1457.28 653.76
1 2 1399.68 653.184
2 2 1365.12 634.176
0 3 1541.38 665.28
1 3 1482.62 663.552
2 3 1448.06 642.816
0 4 1596.67 675.648
1 4 1537.92 672.192
2 4 1503.36 651.456
0 5 1595.01 671.847
1 5 1534.46 667.699
2 5 1501.29 646.963
0 6 1169.51 787.968
1 6 1113.52 785.895
2 6 1080.35 756.864
0 7 1170.51 785.314
1 7 1114.77 783.821
2 7 1082.42 756.449
0 8 1595.01 671.847
1 8 1534.46 667.699
2 8 1500.46 646.963
0 9 1595.01 671.847
1 9 1535.29 669.358
2 9 1492.99 646.963
0 10 880.866 447.898
1 10 815.174 450.884
2 10 770.384 432.968
0 11 1170.51 785.314
1 11 1113.77 785.314
2 11 1080.93 755.454
0 12 1606.46 665.875
1 12 1546.74 662.889
2 12 1510.91 641.987
0 13 1170.51 785.314
1 13 1114.37 781.134
2 13 1082.12 752.468
0 14 343.985 501.645
1 14 257.989 515.978
2 14 197.075 508.812
