17
0 0 844.8 399.6
1 0 819.6 357.6
2 0 796.8 316.8
0 1 984.96 341.28
1 1 959.04 296.64
2 1 934.56 250.56
0 2 845.28 400.32
1 2 819.6 357.6
2 2 796.32 316.8
0 3 1009.44 504
1 3 983.52 462.24
2 3 963.36 417.6
0 4 642.816 431.309
1 4 617.933 391.91
2 4 595.123 358.733
0 5 1460.64 587.244
1 5 1428.3 534.989
2 5 1405.9 472.781
0 6 1420.83 661.893
1 6 1388.48 609.639
2 6 1368.58 549.919
0 7 1249.14 564.849
1 7 1219.28 517.571
2 7 1199.37 465.316
0 8 1363.6 385.69
1 8 1333.74 330.947
2 8 1308.86 271.227
0 9 1349.67 582.267
1 9 1316.82 531.505
2 9 1295.92 474.772
0 10 1361.61 385.192
1 10 1331.75 331.444
2 10 1307.86 271.725
0 11 1421.33 662.889
1 11 1388.48 612.127
2 11 1367.58 552.407
0 12 1386.69 573.309
1 12 1354.44 523.145
2 12 1332.94 462.23
0 13 1418.94 648.556
1 13 1386.69 598.391
2 13 1365.19 537.477
0 14 1436.86 659.305
1 14 1404.61 605.558
2 14 1383.11 544.644
0 15 1458.35 584.059
1 15 1426.11 530.311
2 15 1404.61 469.397
0 16 1386.69 490.896
1 16 1354.44 440.731
2 16 1332.94 379.817
