38
0 0 1442 623
1 0 1431 621
2 0 1424 620
0 1 1398 622
1 1 1387 620
2 1 1380 619
0 2 1383.6 624
1 2 1372.8 622.8
2 2 1364.4 621.6
0 3 1347.84 626.4
1 3 1336.32 624.96
2 3 1328.4 624
0 4 1303.2 620.4
1 4 1291.2 619.2
2 4 1284 616.8
0 5 1320.48 626.4
1 5 1308.96 624.96
2 5 1301.76 623.52
0 6 1296 626.4
1 6 1284.48 624.96
2 6 1277.28 623.52
0 7 1414.08 635.04
1 7 1404 633.6
2 7 1396.8 632.16
0 8 1332 627.84
1 8 1320.48 626.4
2 8 1313.28 624.96
0 9 1404 633.6
1 9 1392.48 632.16
2 9 1385.28 630.72
0 10 1434.24 635.04
1 10 1424.16 633.6
2 10 1416.96 632.16
0 11 1347.84 626.4
1 11 1336.32 624.96
2 11 1329.12 623.52
0 12 1445.76 623.52
1 12 1435.68 622.08
2 12 1428.48 620.64
0 13 1347.84 623.52
1 13 1336.32 622.08
2 13 1329.12 620.64
0 14 1297.44 616.32
1 14 1287.36 614.88
2 14 1278.72 613.44
0 15 1366.56 632.16
1 15 1355.04 630.72
2 15 1347.84 629.28
0 16 1303.2 624.96
1 16 1291.68 623.52
2 16 1283.04 622.08
0 17 784.8 230.4
1 17 770.4 228.96
2 17 761.76 223.2
0 18 768.96 380.16
1 18 756 378.72
2 18 745.92 374.4
0 19 838.08 315.36
1 19 825.12 313.92
2 19 815.04 309.6
0 20 1413.5 634.176
1 20 1403.14 632.448
2 20 1396.22 630.72
0 21 1297.73 616.896
1 21 1287.36 615.168
2 21 1278.72 613.44
0 22 768.96 380.16
1 22 755.136 378.432
2 22 744.768 373.248
0 23 794.189 282.01
1 23 781.747 282.01
2 23 771.379 275.789
0 24 1297.73 616.896
1 24 1287.71 615.859
2 24 1279.41 613.786
0 25 1432.86 628.301
1 25 1423.87 627.264
2 25 1414.2 626.227
0 26 1437.01 634.522
1 26 1426.64 632.448
2 26 1418.34 632.448
0 27 1424.56 632.448
1 27 1414.2 632.448
2 27 1405.9 630.375
0 28 839.808 313.114
1 28 825.293 313.114
2 28 814.925 306.893
0 29 1443.23 634.522
1 29 1428.3 632.033
2 29 1425.81 632.033
0 30 1017.72 721.613
1 30 1005.28 721.613
2 30 992.84 716.636
0 31 785.314 235.893
1 31 770.384 235.893
2 31 761.426 229.921
0 32 1425.81 632.033
1 32 1406.4 630.043
2 32 1400.43 630.043
0 33 1430.29 633.029
1 33 1421.33 630.043
2 33 1412.37 630.043
0 34 1018.22 722.608
1 34 1006.28 719.622
2 34 994.333 716.636
0 35 820.549 229.324
1 35 806.216 229.324
2 35 795.466 222.157
0 36 784.717 447.898
1 36 770.384 447.898
2 36 759.635 444.315
0 37 1018.22 722.608
1 37 1006.87 716.636
2 37 992.541 713.053
