21
0 0 1283 34
1 0 1256 48
2 0 1237 59
0 1 1547 52
1 1 1515 65
2 1 1493 74
0 2 1344 38
1 2 1316 51
2 2 1296 62
0 3 1344 37.2
1 3 1316.4 50.4
2 3 1296 61.2
0 4 1686.24 46.08
1 4 1650.24 57.6
2 4 1627.2 66.24
0 5 1723.68 51.84
1 5 1686.24 63.36
2 5 1661.76 72
0 6 962.496 257.472
1 6 940.032 281.664
2 6 926.208 298.944
0 7 1771.2 55.296
1 7 1733.18 67.392
2 7 1708.99 76.032
0 8 1722.82 55.296
1 8 1686.53 67.392
2 8 1662.34 76.032
0 9 1715.9 55.296
1 9 1679.62 67.392
2 9 1655.42 76.032
0 10 1638.14 55.296
1 10 1603.58 67.392
2 10 1581.12 76.032
0 11 961.487 256.795
1 11 940.585 278.692
2 11 925.655 298.598
0 12 1164.53 164.229
1 12 1137.16 189.112
2 12 1117.26 209.019
0 13 1526.17 505.958
1 13 1492.99 513.589
2 13 1470.6 517.571
0 14 1181.95 559.872
1 14 1155.58 567.337
2 14 1137.66 570.323
0 15 701.706 922.669
1 15 692.748 946.557
2 15 689.763 958.501
0 16 1122.73 158.257
1 16 1095.86 182.145
2 16 1077.94 203.047
0 17 1373.55 349.36
1 17 1340.71 358.318
2 17 1325.78 361.901
0 18 1522.85 505.229
1 18 1492.99 513.589
2 18 1469.1 515.978
0 19 1164.53 154.077
1 19 1139.45 179.159
2 19 1121.54 200.658
0 20 725.594 585.253
1 20 709.47 594.808
2 20 698.72 598.391
