26
0 0 648 262
1 0 624 226
2 0 598 196
0 1 1373.76 607.68
1 1 1355.04 550.08
2 1 1339.2 489.6
0 2 819.6 357.6
1 2 796.32 316.8
2 2 774.72 280.8
0 3 983.52 462.24
1 3 963.36 417.6
2 3 944.64 375.84
0 4 784.8 352.8
1 4 760.32 312.48
2 4 738.72 277.92
0 5 943.488 324.864
1 5 919.296 281.664
2 5 896.832 238.464
0 6 1389.31 609.638
1 6 1368.58 549.504
2 6 1351.99 489.37
0 7 964.224 302.746
1 7 939.341 257.126
2 7 916.531 213.581
0 8 1171.58 601.344
1 8 1152.92 551.578
2 8 1138.41 501.811
0 9 1040.95 321.408
1 9 1018.14 273.715
2 9 995.328 228.096
0 10 1138.41 578.534
1 10 1119.74 530.842
2 10 1105.23 483.149
0 11 1024.36 315.187
1 11 1001.55 267.494
2 11 978.739 221.875
0 12 1356.13 740.275
1 12 1339.55 684.288
2 12 1327.1 624.154
0 13 1376.04 604.662
1 13 1356.13 547.431
2 13 1341.2 487.711
0 14 1351.16 457.851
1 14 1328.76 398.131
2 14 1308.86 338.412
0 15 1428.3 534.989
1 15 1405.9 472.781
2 15 1388.48 410.573
0 16 1358.62 744.008
1 16 1341.2 686.776
2 16 1331.25 629.545
0 17 1316.82 531.505
1 17 1295.92 474.772
2 17 1278 418.038
0 18 1385.5 597.197
1 18 1364.6 537.477
2 18 1349.67 477.758
0 19 1331.75 331.444
1 19 1307.86 271.725
2 19 1283.97 212.005
0 20 1358.62 743.51
1 20 1340.71 686.776
2 20 1328.76 627.057
0 21 1426.11 530.311
1 21 1404.61 469.397
2 21 1386.69 404.9
0 22 1386.69 598.391
1 22 1365.19 537.477
2 22 1350.86 476.563
0 23 1404.61 605.558
1 23 1383.11 544.644
2 23 1368.78 483.73
0 24 1354.44 523.145
1 24 1332.94 462.23
2 24 1315.03 404.9
0 25 1318.61 530.311
1 25 1297.11 472.98
2 25 1279.2 415.649
