41
0 0 1314 620
1 0 1306 618
2 0 1301 618
0 1 784 343
1 1 774 338
2 1 769 334
0 2 1292 619
1 2 1283 617
2 2 1278 617
0 3 1291.2 619.2
1 3 1284 616.8
2 3 1278 616.8
0 4 1372.8 622.8
1 4 1364.4 621.6
2 4 1359.6 621.6
0 5 830.4 304.8
1 5 820.8 300
2 5 816 296.4
0 6 807.84 234.72
1 6 797.76 228.96
2 6 793.44 224.64
0 7 1287.36 614.88
1 7 1278.72 613.44
2 7 1272.96 613.44
0 8 1370.88 626.4
1 8 1363.68 624.96
2 8 1357.92 624.96
0 9 1428.48 635.04
1 9 1421.28 633.6
2 9 1415.52 633.6
0 10 1320.48 626.4
1 10 1313.28 624.96
2 10 1307.52 624.96
0 11 1336.32 624.96
1 11 1329.12 623.52
2 11 1323.36 623.52
0 12 1370.88 623.52
1 12 1363.68 622.08
2 12 1357.92 622.08
0 13 830.88 303.84
1 13 820.8 298.08
2 13 816.48 295.2
0 14 1291.68 623.52
1 14 1283.04 622.08
2 14 1278.72 622.08
0 15 1423.87 632.448
1 15 1416.96 632.448
2 15 1411.78 632.448
0 16 1287.36 615.168
1 16 1278.72 613.44
2 16 1273.54 613.44
0 17 820.8 293.76
1 17 812.16 288.576
2 17 806.976 285.12
0 18 1336.32 622.08
1 18 1329.12 620.64
2 18 1323.65 620.352
0 19 1366.85 625.536
1 19 1359.94 623.808
2 19 1354.75 623.808
0 20 770.688 229.824
1 20 760.32 224.64
2 20 756.864 221.184
0 21 755.136 378.432
1 21 744.768 373.248
2 21 739.584 369.792
0 22 1287.71 615.859
1 22 1278.72 613.44
2 22 1273.19 613.786
0 23 1432.86 632.448
1 23 1426.64 632.448
2 23 1420.42 632.448
0 24 1337.47 624.154
1 24 1329.18 622.08
2 24 1322.96 622.08
0 25 1414.2 632.448
1 25 1405.9 630.375
2 25 1401.75 630.375
0 26 1423.87 627.264
1 26 1414.2 626.227
2 26 1410.05 626.227
0 27 1434.93 622.08
1 27 1426.64 622.08
2 27 1422.49 622.08
0 28 1285.63 625.536
1 28 1276.99 623.808
2 28 1273.19 624.154
0 29 742.349 252.979
1 29 731.981 246.758
2 29 727.834 242.611
0 30 825.293 313.114
1 30 814.925 306.893
2 30 810.778 304.819
0 31 836.076 278.692
1 31 826.122 273.715
2 31 821.146 271.227
0 32 811.193 231.414
1 32 801.239 226.437
2 32 796.263 221.461
0 33 1422.49 628.301
1 33 1413.37 627.057
2 33 1408.39 627.057
0 34 1005.28 721.613
1 34 992.84 716.636
2 34 985.375 714.148
0 35 782.328 280.683
1 35 770.384 274.711
2 35 767.398 271.725
0 36 1005.28 721.613
1 36 994.333 716.636
2 36 985.375 713.65
0 37 770.384 450.884
1 37 761.426 447.898
2 37 755.454 441.926
0 38 1006.87 716.636
1 38 992.541 713.053
2 38 985.375 709.47
0 39 806.216 229.324
1 39 795.466 222.157
2 39 791.883 218.574
0 40 770.384 447.898
1 40 759.635 444.315
2 40 756.051 440.731
