19
0 0 1008 444.96
1 0 1022.4 433.44
2 0 1015.2 421.92
0 1 1304.64 649.728
1 1 1315.01 632.448
2 1 1299.46 616.896
0 2 810.778 495.59
1 2 831.514 485.222
2 2 827.367 474.854
0 3 877.133 642.816
1 3 895.795 628.301
2 3 891.648 617.933
0 4 1445.3 694.656
1 4 1453.59 675.994
2 4 1434.93 659.405
0 5 752.717 599.271
1 5 775.526 586.829
2 5 773.453 576.461
0 6 1674.64 997.817
1 6 1682.1 975.422
2 6 1657.22 953.027
0 7 1057.54 534.989
1 7 1072.47 522.547
2 7 1062.51 510.106
0 8 1485.53 908.237
1 8 1495.48 888.33
2 8 1478.06 870.912
0 9 1112.28 447.898
1 9 1124.72 435.456
2 9 1114.77 423.014
0 10 1719.93 292.627
1 10 1719.93 271.725
2 10 1696.04 259.781
0 11 1036.14 424.01
1 11 1048.08 409.08
2 11 1039.12 400.122
0 12 1546.74 776.356
1 12 1552.71 755.454
2 12 1531.81 740.524
0 13 1570.63 704.692
1 13 1579.59 683.791
2 13 1558.68 668.861
0 14 813.382 490.896
1 14 831.298 480.146
2 14 827.715 469.397
0 15 1522.85 763.218
1 15 1530.02 745.302
2 15 1512.1 727.386
0 16 806.216 171.993
1 16 824.132 164.826
2 16 820.549 157.66
0 17 1719.93 293.821
1 17 1719.93 275.905
2 17 1694.84 261.572
0 18 1544.35 773.967
1 18 1551.52 756.051
2 18 1530.02 738.135
