14
0 0 1311.55 665.28
1 0 1304.64 649.728
2 0 1315.01 632.448
0 1 806.63 505.958
1 1 810.778 495.59
2 1 831.514 485.222
0 2 1586.3 723.687
1 2 1571.79 705.024
2 2 1578.01 684.288
0 3 744.422 611.712
1 3 752.717 599.271
2 3 775.526 586.829
0 4 1587.55 724.101
1 4 1572.62 704.195
2 4 1580.08 684.288
0 5 1057.54 547.431
1 5 1057.54 534.989
2 5 1072.47 522.547
0 6 1743.82 307.556
1 6 1719.93 292.627
2 6 1721.92 271.227
0 7 806.216 504.631
1 7 812.188 492.688
2 7 833.09 483.73
0 8 1501.95 639.001
1 8 1490.01 624.071
2 8 1495.98 603.169
0 9 1513.89 546.435
1 9 1498.96 531.505
2 9 1504.94 513.589
0 10 1555.1 795.466
1 10 1544.35 773.967
2 10 1551.52 756.051
0 11 1533.6 784.717
1 11 1522.85 763.218
2 11 1530.02 745.302
0 12 1745.01 304.57
1 12 1719.93 293.821
2 12 1719.93 275.905
0 13 806.216 501.645
1 13 813.382 490.896
2 13 831.298 480.146
