28
0 0 1400.4 652.8
1 0 1365.6 633.6
2 0 1339.2 619.2
0 1 1483.2 662.4
1 1 1448.4 642
2 1 1420.8 627.6
0 2 1550.4 663.6
1 2 1516.8 642
2 2 1489.2 627.6
0 3 1499.04 659.52
1 3 1464.48 639.36
2 3 1437.12 624.96
0 4 1499.04 662.4
1 4 1464.48 642.24
2 4 1437.12 627.84
0 5 1483.2 662.4
1 5 1448.64 642.24
2 5 1422.72 627.84
0 6 1399.68 652.32
1 6 1365.12 633.6
2 6 1339.2 619.2
0 7 1548.29 673.92
1 7 1513.73 653.184
2 7 1486.08 639.36
0 8 1537.92 672.192
1 8 1503.36 651.456
2 8 1477.44 637.632
0 9 1550.02 668.736
1 9 1515.46 648
2 9 1487.81 634.176
0 10 1397.95 661.824
1 10 1363.39 642.816
2 10 1337.47 628.992
0 11 964.224 336.96
1 11 922.752 314.496
2 11 893.376 292.032
0 12 1399.68 653.184
1 12 1365.12 634.176
2 12 1339.2 620.352
0 13 1399.68 653.184
1 13 1368.58 632.448
2 13 1339.55 620.006
0 14 1113.52 785.895
1 14 1080.35 756.864
2 14 1055.46 729.907
0 15 1546.91 673.92
1 15 1513.73 653.184
2 15 1486.77 638.669
0 16 1536.19 667.008
1 16 1501.63 646.272
2 16 1474.33 632.448
0 17 1522.85 669.358
1 17 1488.02 646.963
2 17 1461.89 632.448
0 18 1548.98 663.552
1 18 1513.73 642.816
2 18 1486.77 628.301
0 19 1540.27 671.847
1 19 1512.9 651.94
2 19 1480.55 637.01
0 20 878.377 440.433
1 20 836.076 423.014
2 20 806.216 403.108
0 21 1114.77 783.821
1 21 1080.93 755.454
2 21 1055.05 729.078
0 22 1114.77 783.821
1 22 1082.42 756.449
2 22 1057.04 728.58
0 23 1546.74 662.889
1 23 1510.91 641.987
2 23 1484.03 627.057
0 24 1113.77 785.314
1 24 1082.12 752.468
2 24 1057.04 727.386
0 25 849.214 222.157
1 25 802.633 197.075
2 25 770.384 171.993
0 26 1544.35 662.889
1 26 1512.1 641.39
2 26 1483.44 627.057
0 27 257.989 515.978
1 27 197.075 508.812
2 27 150.494 490.896
