18
0 0 691 700
1 0 730 704
2 0 775 702
0 1 963.6 442.8
1 1 1006.8 454.8
2 1 1059.6 462
0 2 672.48 470.88
1 2 714.24 476.64
2 2 766.08 475.2
0 3 642.24 528.48
1 3 682.56 532.8
2 3 732.96 529.92
0 4 979.2 735.84
1 4 1019.52 748.8
2 4 1067.04 760.32
0 5 650.88 472.32
1 5 692.64 476.64
2 5 744.48 475.2
0 6 1274.4 750.24
1 6 1321.92 773.28
2 6 1376.64 799.2
0 7 395.712 419.904
1 7 440.64 419.904
2 7 497.664 411.264
0 8 1306.37 749.952
1 8 1354.75 774.144
2 8 1411.78 801.792
0 9 514.253 483.149
1 9 555.725 485.222
2 9 609.638 479.002
0 10 161.741 709.171
1 10 209.019 699.218
2 10 266.25 676.823
0 11 1089.88 382.206
1 11 1137.66 394.15
2 11 1194.39 406.094
0 12 683.791 415.052
1 12 725.594 421.024
2 12 779.342 421.024
0 13 859.964 716.636
1 13 898.781 725.594
2 13 943.571 731.566
0 14 1214.7 630.64
1 14 1261.28 648.556
2 14 1318.61 670.055
0 15 594.808 605.558
1 15 634.223 605.558
2 15 684.388 601.975
0 16 1089.29 379.817
1 16 1135.87 394.15
2 16 1193.2 404.9
0 17 644.973 691.554
1 17 684.388 695.137
2 17 730.969 691.554
