10
0 0 941.76 393.984
1 0 908.928 433.728
2 0 867.456 451.008
0 1 418.176 893.376
1 1 388.8 922.752
2 1 354.24 927.936
0 2 143.078 327.629
1 2 118.195 385.69
2 2 85.0176 412.646
0 3 234.317 966.298
1 3 205.286 995.328
2 3 174.182 997.402
0 4 233.902 965.468
1 4 206.531 995.328
2 4 174.182 997.817
0 5 1368.58 851.006
1 5 1326.27 868.424
2 5 1283.97 873.401
0 6 540.463 671.847
1 6 510.603 707.678
2 6 471.786 719.622
0 7 1442.23 818.16
1 7 1400.43 839.062
2 7 1355.64 845.034
0 8 1354.44 519.561
1 8 1311.44 551.81
2 8 1268.45 562.56
0 9 1368.78 849.214
1 9 1325.78 867.13
2 9 1282.78 870.713
