18
0 0 305.28 947.52
1 0 277.92 948.96
2 0 277.92 957.6
0 1 110.592 886.464
1 1 81.216 889.92
2 1 79.488 900.288
0 2 107.136 692.928
1 2 76.032 698.112
2 2 70.848 711.936
0 3 141.696 679.104
1 3 108.864 686.016
2 3 103.68 698.112
0 4 487.296 669.773
1 4 458.266 673.92
2 4 456.192 682.214
0 5 188.698 698.803
1 5 159.667 702.951
2 5 153.446 715.392
0 6 296.525 951.783
1 6 269.568 953.856
2 6 269.568 962.151
0 7 559.872 852.25
1 7 534.989 854.323
2 7 534.989 862.618
0 8 1293.93 641.987
1 8 1274.02 646.963
2 8 1283.97 649.452
0 9 189.112 696.73
1 9 159.253 701.706
2 9 154.276 714.148
0 10 1307.86 845.034
1 10 1289.95 848.02
2 10 1301.89 851.006
0 11 1215.3 555.393
1 11 1191.41 558.379
2 11 1200.37 561.365
0 12 1292.93 647.959
1 12 1272.03 647.959
2 12 1283.97 650.945
0 13 1233.21 874.894
1 13 1218.28 870.713
2 13 1227.24 880.866
0 14 1307.86 842.048
1 14 1289.95 845.631
2 14 1304.28 849.214
0 15 1479.85 687.971
1 15 1461.94 687.971
2 15 1476.27 691.554
0 16 1211.12 555.393
1 16 1193.2 555.393
2 16 1200.37 558.976
0 17 752.468 598.391
1 17 723.803 601.975
2 17 723.803 609.141
