38
0 0 1402.8 622.8
1 0 1383.6 624
2 0 1372.8 622.8
0 1 650.4 92.4
1 1 626.4 93.6
2 1 610.8 92.4
0 2 792 379.2
1 2 769.2 380.4
2 2 756 380.4
0 3 901.44 207.36
1 3 879.84 208.8
2 3 865.44 207.36
0 4 1352.16 626.4
1 4 1332 627.84
2 4 1320.48 626.4
0 5 1368 624.96
1 5 1347.84 626.4
2 5 1336.32 624.96
0 6 1316.16 624.96
1 6 1296 626.4
2 6 1284.48 624.96
0 7 806.4 228.96
1 7 784.8 230.4
2 7 770.4 228.96
0 8 859.68 313.92
1 8 838.08 315.36
2 8 825.12 313.92
0 9 1317.6 614.88
1 9 1297.44 616.32
2 9 1287.36 614.88
0 10 1434.24 633.6
1 10 1414.08 635.04
2 10 1404 633.6
0 11 1368 622.08
1 11 1347.84 623.52
2 11 1336.32 622.08
0 12 1424.16 620.64
1 12 1404 620.64
2 12 1393.92 619.2
0 13 1453.25 627.264
1 13 1432.86 628.301
2 13 1423.87 627.264
0 14 1317.6 614.88
1 14 1297.73 616.896
2 14 1287.36 615.168
0 15 1454.98 634.176
1 15 1435.97 634.176
2 15 1423.87 632.448
0 16 808.704 236.736
1 16 786.24 236.736
2 16 772.416 236.736
0 17 902.016 207.36
1 17 879.552 209.088
2 17 865.728 207.36
0 18 1451.52 628.301
1 18 1433.27 629.545
2 18 1422.49 628.301
0 19 1443.23 632.448
1 19 1424.56 632.448
2 19 1414.2 632.448
0 20 808.704 236.39
1 20 785.895 236.39
2 20 771.379 236.39
0 21 1316.74 615.859
1 21 1297.73 616.896
2 21 1287.71 615.859
0 22 767.232 248.832
1 22 744.422 248.832
2 22 729.907 248.832
0 23 816.999 282.01
1 23 794.189 282.01
2 23 781.747 282.01
0 24 860.544 313.114
1 24 839.808 313.114
2 24 825.293 313.114
0 25 1428.3 619.592
1 25 1408.39 619.592
2 25 1398.44 619.592
0 26 1465.62 622.08
1 26 1445.3 624.154
2 26 1433.27 622.08
0 27 1463.13 632.033
1 27 1443.23 634.522
2 27 1433.27 632.033
0 28 818.657 281.18
1 28 796.263 281.18
2 28 781.333 281.18
0 29 796.263 84.6029
1 29 773.868 84.6029
2 29 758.938 84.6029
0 30 1037.63 719.125
1 30 1017.72 721.613
2 30 1005.28 721.613
0 31 1463.13 633.029
1 31 1442.23 633.029
2 31 1433.27 633.029
0 32 1036.14 719.622
1 32 1018.22 722.608
2 32 1006.28 719.622
0 33 806.216 447.898
1 33 785.314 450.884
2 33 770.384 450.884
0 34 713.053 404.9
1 34 691.554 404.9
2 34 677.221 404.9
0 35 842.048 229.324
1 35 820.549 229.324
2 35 806.216 229.324
0 36 1035.54 716.636
1 36 1017.62 720.22
2 36 1006.87 716.636
0 37 806.216 447.898
1 37 784.717 447.898
2 37 770.384 447.898
