13
0 0 1651.97 689.472
1 0 1617.41 668.736
2 0 1608.77 658.368
0 1 1520.64 665.28
1 1 1492.99 646.963
2 1 1479.17 639.36
0 2 1652.66 690.509
1 2 1617.41 669.773
2 2 1609.11 659.405
0 3 1520.64 665.28
1 3 1492.99 646.963
2 3 1482.62 638.669
0 4 1665.1 698.803
1 4 1631.92 678.067
2 4 1623.63 667.699
0 5 1667.17 688.435
1 5 1631.92 667.699
2 5 1623.63 657.331
0 6 1664.69 686.776
1 6 1632.34 666.87
2 6 1624.87 656.917
0 7 1652.66 690.509
1 7 1617.41 669.773
2 7 1609.94 659.405
0 8 1245.16 794.272
1 8 1203.35 770.384
2 8 1189.42 763.914
0 9 1245.16 794.272
1 9 1207.53 770.384
2 9 1191.41 764.412
0 10 495.673 465.814
1 10 429.982 455.064
2 10 394.15 462.828
0 11 1660.21 695.734
1 11 1626.76 673.638
2 11 1619.6 662.889
0 12 494.479 462.23
1 12 429.982 455.064
2 12 394.15 462.23
