19
0 0 1702.08 46.08
1 0 1670.4 47.52
2 0 1634.4 59.04
0 1 983.232 240.192
1 1 962.496 257.472
2 1 940.032 281.664
0 2 1805.76 55.296
1 2 1771.2 55.296
2 2 1733.18 67.392
0 3 1555.1 508.812
1 3 1525.84 507.617
2 3 1494.72 513.216
0 4 1144.63 111.974
1 4 1119.74 130.637
2 4 1094.86 157.594
0 5 1144.63 111.974
1 5 1119.74 131.881
2 5 1094.86 156.764
0 6 982.887 238.879
1 6 962.98 256.297
2 6 940.585 278.692
0 7 1555.7 507.617
1 7 1526.17 505.958
2 7 1492.99 512.594
0 8 1189.42 144.323
1 8 1164.53 164.229
2 8 1137.16 189.112
0 9 1393.86 351.152
1 9 1367.58 352.346
2 9 1340.71 358.318
0 10 704.692 898.781
1 10 701.706 922.669
2 10 692.748 946.557
0 11 1191.41 137.355
1 11 1164.53 155.271
2 11 1140.65 182.145
0 12 1186.03 236.49
1 12 1161.55 256.795
2 12 1134.67 280.683
0 13 1555.7 507.617
1 13 1522.85 505.229
2 13 1492.99 513.589
0 14 1188.42 146.313
1 14 1161.55 164.229
2 14 1134.67 191.103
0 15 709.47 895.795
1 15 702.304 917.295
2 15 695.137 945.96
0 16 1189.62 136.161
1 16 1164.53 154.077
2 16 1139.45 179.159
0 17 1555.7 507.617
1 17 1522.85 505.229
2 17 1490.6 512.395
0 18 743.51 576.295
1 18 730.969 580.475
2 18 713.053 587.642
