12
0 0 1095.55 433.728
1 0 1017.79 371.52
2 0 953.856 324.864
0 1 1593.22 732.672
1 1 1518.91 646.272
2 1 1460.16 573.696
0 2 993.6 380.16
1 2 914.112 323.136
2 2 848.448 279.936
0 3 1094.86 433.382
1 3 1018.14 371.174
2 3 953.856 325.555
0 4 1226.74 510.106
1 4 1149.6 445.409
2 4 1089.88 393.155
0 5 994.333 379.22
1 5 913.711 322.486
2 5 848.02 277.697
0 6 1054.05 406.094
1 6 973.431 346.374
2 6 910.725 301.584
0 7 1236.2 349.36
1 7 1155.58 280.683
2 7 1089.88 226.935
0 8 1257.1 361.304
1 8 1176.48 292.627
2 8 1110.79 235.893
0 9 1257.7 358.318
1 9 1175.28 290.238
2 9 1110.79 236.49
0 10 1168.12 297.404
1 10 1085.7 232.907
2 10 1017.62 179.159
0 11 1770.09 641.39
1 11 1687.68 541.06
2 11 1623.18 458.647
