17
0 0 1354.8 351.6
1 0 1275.6 284.4
2 0 1192.8 214.8
0 1 1353.6 351.36
1 1 1275.26 283.392
2 1 1192.32 214.56
0 2 1073.09 416.448
1 2 997.056 362.88
2 2 917.568 305.856
0 3 1762.56 449.28
1 3 1677.89 359.424
2 3 1593.22 264.384
0 4 1665.79 817.344
1 4 1593.22 732.672
2 4 1518.91 646.272
0 5 903.744 328.32
1 5 823.68 282.24
2 5 737.856 226.368
0 6 1300.15 572.314
1 6 1227.57 510.106
2 6 1150.85 445.824
0 7 1140.48 452.045
1 7 1065.83 396.058
2 7 987.034 335.923
0 8 1796.57 467.804
1 8 1709.48 375.736
2 8 1622.39 281.18
0 9 1298.9 572.314
1 9 1226.74 510.106
2 9 1149.6 445.409
0 10 1812.49 468.8
1 10 1725.9 376.234
2 10 1639.31 277.697
0 11 1334.74 426.996
1 11 1257.1 361.304
2 11 1176.48 292.627
0 12 512.395 376.234
1 12 426.399 343.985
2 12 328.458 307.556
0 13 1298.9 570.323
1 13 1227.24 510.603
2 13 1149.6 444.912
0 14 1666.18 820.549
1 14 1594.52 738.135
2 14 1519.27 648.556
0 15 1727.09 541.06
1 15 1644.68 455.064
2 15 1562.27 361.901
0 16 1311.44 415.649
1 16 1236.2 351.152
2 16 1157.37 283.071
