21
0 0 841 445
1 0 828 440
2 0 802 428
0 1 1059.6 565.2
1 1 1044 558
2 1 1014 543.6
0 2 780.48 234.72
1 2 767.52 233.28
2 2 740.16 221.76
0 3 646.272 533.952
1 3 639.36 530.496
2 3 616.896 518.4
0 4 891.648 617.933
1 4 881.28 611.712
2 4 854.323 599.271
0 5 690.509 337.997
1 5 680.141 335.923
2 5 655.258 323.482
0 6 1849.65 798.336
1 6 1816.47 781.747
2 6 1766.71 758.938
0 7 1389.31 524.621
1 7 1364.43 514.253
2 7 1327.1 497.664
0 8 1390.97 525.036
1 8 1366.09 515.082
2 8 1328.76 497.664
0 9 1515.39 739.031
1 9 1490.5 726.59
2 9 1450.69 709.171
0 10 1657.22 953.027
1 10 1629.85 940.585
2 10 1587.55 918.19
0 11 671.847 308.552
1 11 661.893 306.063
2 11 637.01 296.11
0 12 1513.89 740.524
1 12 1490.01 728.58
2 12 1451.19 710.664
0 13 1696.04 259.781
1 13 1660.21 247.837
2 13 1612.43 226.935
0 14 666.472 315.32
1 14 659.305 311.737
2 14 634.223 300.987
0 15 1694.84 261.572
1 15 1659.01 247.24
2 15 1612.43 229.324
0 16 1512.1 727.386
1 16 1487.02 716.636
2 16 1447.61 698.72
0 17 1558.68 666.472
1 17 1530.02 652.139
2 17 1490.6 634.223
0 18 1530.02 738.135
1 18 1504.94 723.803
2 18 1465.52 705.887
0 19 820.549 157.66
1 19 806.216 157.66
2 19 777.55 146.91
0 20 1458.35 458.647
1 20 1429.69 447.898
2 20 1390.27 429.982
