47
0 0 774 338
1 0 769 334
2 0 780 331
0 1 1424 620
1 1 1419 620
2 1 1434 618
0 2 1359.6 626.4
1 2 1354.8 626.4
2 2 1369.2 624
0 3 1328.4 624
1 3 1323.6 624
2 3 1338 621.6
0 4 820.8 300
1 4 816 296.4
2 4 826.8 292.8
0 5 1305.6 622.8
1 5 1299.6 622.8
2 5 1314 620.4
0 6 1364.4 621.6
1 6 1359.6 621.6
2 6 1374 619.2
0 7 1302 620.4
1 7 1297.2 620.4
2 7 1311.6 618
0 8 1284 616.8
1 8 1278 616.8
2 8 1292.4 614.4
0 9 1278.72 613.44
1 9 1272.96 613.44
2 9 1287.36 610.56
0 10 1313.28 624.96
1 10 1307.52 624.96
2 10 1321.92 622.08
0 11 1329.12 623.52
1 11 1323.36 623.52
2 11 1337.76 620.64
0 12 761.76 223.2
1 12 757.44 220.32
2 12 767.52 216
0 13 1283.04 622.08
1 13 1278.72 622.08
2 13 1293.12 619.2
0 14 812.16 288.576
1 14 806.976 285.12
2 14 817.344 281.664
0 15 1278.72 613.44
1 15 1273.19 613.786
2 15 1287.36 609.984
0 16 1427.33 627.264
1 16 1422.14 627.264
2 16 1437.7 625.536
0 17 1416.96 632.448
1 17 1411.78 632.448
2 17 1427.33 630.72
0 18 677.376 217.728
1 18 673.92 214.272
2 18 684.288 210.816
0 19 760.32 224.64
1 19 756.864 221.184
2 19 767.232 217.728
0 20 744.768 373.248
1 20 739.584 369.792
2 20 751.68 366.336
0 21 1416.96 625.536
1 21 1410.05 626.227
2 21 1427.33 623.808
0 22 1401.75 626.227
1 22 1395.53 626.227
2 22 1410.05 624.154
0 23 1426.64 632.448
1 23 1420.42 632.448
2 23 1437.01 630.375
0 24 1426.64 622.08
1 24 1422.49 622.08
2 24 1437.01 620.006
0 25 1276.99 623.808
1 25 1273.19 624.154
2 25 1287.71 622.08
0 26 1279.41 613.786
1 26 1273.19 613.786
2 26 1287.71 611.712
0 27 1414.2 626.227
1 27 1410.05 626.227
2 27 1424.56 624.154
0 28 1418.34 632.448
1 28 1412.12 632.448
2 28 1428.71 630.375
0 29 1405.9 630.375
1 29 1401.75 630.375
2 29 1416.27 628.301
0 30 721.613 242.611
1 30 717.466 238.464
2 30 727.834 236.39
0 31 796.263 230.17
1 31 792.115 226.022
2 31 802.483 223.949
0 32 825.293 275.789
1 32 821.146 271.642
2 32 831.514 269.568
0 33 814.925 306.893
1 33 810.778 304.819
2 33 821.146 300.672
0 34 800.41 226.022
1 34 796.263 223.949
2 34 806.63 219.802
0 35 1400.92 627.057
1 35 1395.95 627.057
2 35 1410.88 624.568
0 36 796.263 231.414
1 36 791.286 228.925
2 36 801.239 223.949
0 37 1425.81 632.033
1 37 1420.83 632.033
2 37 1435.76 629.545
0 38 801.239 226.437
1 38 796.263 221.461
2 38 806.216 218.972
0 39 1413.37 627.057
1 39 1408.39 627.057
2 39 1423.32 624.568
0 40 1400.43 630.043
1 40 1394.45 630.043
2 40 1409.38 627.057
0 41 1278 621.085
1 41 1272.03 621.085
2 41 1286.96 618.099
0 42 992.84 716.636
1 42 985.375 714.148
2 42 994.333 707.678
0 43 795.466 222.157
1 43 791.883 218.574
2 43 802.633 214.991
0 44 759.635 444.315
1 44 756.051 440.731
2 44 766.801 437.148
0 45 994.333 716.636
1 45 985.375 713.65
2 45 996.125 705.887
0 46 788.3 240.073
1 46 784.717 236.49
2 46 795.466 232.907
