38
0 0 1389 631
1 0 1368 626
2 0 1348 627
0 1 1380 625.2
1 1 1358.4 620.4
2 1 1339.2 621.6
0 2 1424.4 627.6
1 2 1402.8 622.8
2 2 1383.6 624
0 3 1389.6 630
1 3 1368 625.2
2 3 1347.6 626.4
0 4 1462.8 630
1 4 1440 625.2
2 4 1419.6 626.4
0 5 1437.6 631.2
1 5 1416 626.4
2 5 1395.6 627.6
0 6 1339.2 619.2
1 6 1317.6 614.88
2 6 1297.44 616.32
0 7 1445.76 624.96
1 7 1424.16 620.64
2 7 1404 620.64
0 8 1424.4 627.6
1 8 1402.8 622.8
2 8 1380.96 623.52
0 9 1487.52 627.84
1 9 1465.92 622.08
2 9 1445.76 623.52
0 10 1337.76 629.28
1 10 1316.16 624.96
2 10 1296 626.4
0 11 1422.72 632.16
1 11 1399.68 627.84
2 11 1380.96 629.28
0 12 921.6 218.88
1 12 901.44 207.36
2 12 879.84 208.8
0 13 828 240.48
1 13 806.4 228.96
2 13 784.8 230.4
0 14 1337.47 628.992
1 14 1316.74 623.808
2 14 1296 625.536
0 15 1339.2 619.2
1 15 1316.74 615.168
2 15 1297.73 616.896
0 16 1473.98 630.72
1 16 1453.25 627.264
2 16 1432.51 627.264
0 17 762.048 364.608
1 17 739.584 355.968
2 17 717.12 357.696
0 18 829.44 246.758
1 18 808.704 236.39
2 18 785.895 236.39
0 19 1466.04 636.595
1 19 1443.23 632.448
2 19 1424.56 632.448
0 20 1474.33 632.448
1 20 1453.25 627.264
2 20 1432.86 628.301
0 21 1339.2 620.352
1 21 1316.74 615.859
2 21 1298.07 617.933
0 22 1055.46 729.907
1 22 1036.8 719.539
2 22 1018.14 721.613
0 23 742.349 360.806
1 23 719.539 350.438
2 23 696.73 352.512
0 24 1480.55 637.01
1 24 1458.16 632.033
2 24 1443.23 634.522
0 25 1450.69 624.568
1 25 1428.3 619.592
2 25 1408.39 619.592
0 26 1474.33 632.448
1 26 1453.18 629.545
2 26 1433.27 629.545
0 27 1341.2 619.592
1 27 1318.81 617.104
2 27 1298.9 617.104
0 28 1055.05 729.078
1 28 1036.14 719.622
2 28 1017.72 721.613
0 29 1484.03 627.057
1 29 1463.13 624.071
2 29 1442.23 624.071
0 30 1433.27 624.071
1 30 1409.38 621.085
2 30 1391.47 621.085
0 31 1057.04 728.58
1 31 1036.14 719.622
2 31 1018.22 722.608
0 32 863.547 240.073
1 32 842.048 229.324
2 32 820.549 229.324
0 33 827.715 455.064
1 33 806.216 447.898
2 33 784.717 447.898
0 34 1057.04 727.386
1 34 1035.54 716.636
2 34 1017.62 720.22
0 35 806.216 404.9
1 35 784.717 394.15
2 35 763.218 397.733
0 36 1451.19 623.474
1 36 1429.69 619.89
2 36 1411.77 619.89
0 37 1340.11 627.057
1 37 1318.61 623.474
2 37 1300.7 623.474
