26
0 0 1465.2 639.6
1 0 1438.8 625.2
2 0 1417.2 620.4
0 1 1448.4 642
1 1 1420.8 627.6
2 1 1399.2 622.8
0 2 1514.88 653.76
1 2 1487.52 639.36
2 2 1465.92 635.04
0 3 1365.12 633.6
1 3 1339.2 619.2
2 3 1317.6 614.88
0 4 1448.64 646.56
1 4 1422.72 632.16
2 4 1399.68 627.84
0 5 1448.64 642.24
1 5 1422.72 627.84
2 5 1401.12 623.52
0 6 1500.48 645.12
1 6 1474.56 630.72
2 6 1451.52 626.4
0 7 905.76 325.44
1 7 876.96 303.84
2 7 855.36 293.76
0 8 1365.12 634.176
1 8 1339.2 619.2
2 8 1316.74 615.168
0 9 787.968 441.677
1 9 756.864 423.014
2 9 734.055 414.72
0 10 1492.99 651.11
1 10 1466.04 636.595
2 10 1443.23 632.448
0 11 1080.35 756.864
1 11 1055.46 729.907
2 11 1036.8 719.539
0 12 1365.12 634.176
1 12 1339.55 620.006
2 12 1316.74 615.859
0 13 1513.73 653.184
1 13 1486.77 638.669
2 13 1463.96 634.522
0 14 1501.29 646.963
1 14 1474.33 632.448
2 14 1451.52 628.301
0 15 860.544 269.568
1 15 829.44 246.758
2 15 808.704 236.39
0 16 1474.33 638.669
1 16 1449.45 624.154
2 16 1426.64 620.006
0 17 926.899 306.893
1 17 897.869 284.083
2 17 877.133 273.715
0 18 848.517 121.928
1 18 816.169 97.0445
2 18 796.263 84.6029
0 19 1082.42 756.449
1 19 1057.04 728.58
2 19 1037.63 719.125
0 20 1367.58 639.001
1 20 1337.72 627.057
2 20 1316.82 621.085
0 21 1080.93 755.454
1 21 1055.05 729.078
2 21 1036.14 719.622
0 22 788.3 388.178
1 22 758.44 367.276
2 22 734.552 358.318
0 23 892.212 261.572
1 23 863.547 240.073
2 23 842.048 229.324
0 24 1512.1 641.39
1 24 1483.44 627.057
2 24 1461.94 623.474
0 25 1082.12 752.468
1 25 1057.04 727.386
2 25 1035.54 716.636
