10
0 0 205.286 472.781
1 0 196.992 487.296
2 0 196.992 491.443
0 1 107.827 686.362
1 1 101.606 698.803
2 1 109.901 702.951
0 2 458.266 673.92
1 2 456.192 682.214
2 2 462.413 684.288
0 3 76.7232 696.73
1 3 70.5024 711.245
2 3 76.7232 715.392
0 4 661.893 502.641
1 4 659.405 510.106
2 4 666.87 510.106
0 5 271.227 953.027
1 5 271.227 960.492
2 5 283.669 960.492
0 6 159.253 701.706
1 6 154.276 714.148
2 6 159.253 719.125
0 7 1097.35 363.295
1 7 1099.84 363.295
2 7 1112.28 358.318
0 8 1191.41 558.379
1 8 1200.37 561.365
2 8 1221.27 558.379
0 9 1218.28 870.713
1 9 1227.24 880.866
2 9 1254.11 874.296
