26
0 0 1850.4 78
1 0 1814.4 62.4
2 0 1779.6 62.4
0 1 1762.56 61.92
1 1 1729.44 47.52
2 1 1696.32 47.52
0 2 1734.91 69.12
1 2 1702.08 55.296
2 2 1669.25 55.296
0 3 1842.05 70.848
1 3 1805.76 55.296
2 3 1771.2 55.296
0 4 1003.62 242.611
1 4 982.887 240.538
2 4 962.151 257.126
0 5 711.66 895.795
1 5 705.024 897.869
2 5 700.877 922.752
0 6 1213.06 244.685
1 6 1186.1 240.538
2 6 1161.22 257.126
0 7 1169.51 141.005
1 7 1144.63 138.931
2 7 1119.74 157.594
0 8 964.224 244.685
1 8 943.488 242.611
2 8 924.826 259.2
0 9 1181.95 145.152
1 9 1157.07 143.078
2 9 1132.19 161.741
0 10 1214.3 146.811
1 10 1189.42 144.323
2 10 1164.53 164.229
0 11 1591.53 528.519
1 11 1557.69 507.617
2 11 1525.34 507.617
0 12 928.641 256.795
1 12 908.237 251.32
2 12 890.819 266.25
0 13 1169.51 114.463
1 13 1144.63 111.974
2 13 1119.74 131.881
0 14 1231.72 577.29
1 14 1206.34 558.379
2 14 1182.45 558.379
0 15 943.571 247.837
1 15 922.669 241.865
2 15 904.753 259.781
0 16 1591.53 528.519
1 16 1555.7 507.617
2 16 1525.84 507.617
0 17 928.641 256.795
1 17 907.739 250.823
2 17 889.823 265.753
0 18 934.613 268.739
1 18 913.711 262.767
2 18 895.795 277.697
0 19 963.876 243.656
1 19 942.377 240.073
2 19 924.461 257.989
0 20 1014.04 236.49
1 20 992.541 232.907
2 20 971.042 250.823
0 21 1003.29 240.073
1 21 981.792 236.49
2 21 960.293 254.406
0 22 942.377 247.24
1 22 924.461 240.073
2 22 902.962 257.989
0 23 931.627 257.989
1 23 910.128 250.823
2 23 892.212 265.155
0 24 1218.28 139.744
1 24 1189.62 136.161
2 24 1164.53 154.077
0 25 1424.31 370.262
1 25 1393.86 351.152
2 25 1368.78 351.152
