13
0 0 456.192 682.214
1 0 461.376 684.288
2 0 489.024 672.192
0 1 70.848 711.936
1 1 76.032 715.392
2 1 101.952 701.568
0 2 101.606 698.803
1 2 109.901 702.951
2 2 132.71 688.435
0 3 196.992 481.075
1 3 196.992 485.222
2 3 219.802 472.781
0 4 70.5024 711.245
1 4 76.7232 715.392
2 4 101.606 700.877
0 5 456.192 682.214
1 5 462.413 684.288
2 5 489.37 673.92
0 6 773.453 485.222
1 6 779.674 485.222
2 6 810.778 474.854
0 7 659.405 510.106
1 7 666.87 510.106
2 7 694.241 500.152
0 8 154.276 714.148
1 8 159.253 719.125
2 8 184.136 704.195
0 9 385.192 758.44
1 9 397.136 758.44
2 9 421.024 746.496
0 10 1200.37 561.365
1 10 1221.27 558.379
2 10 1266.06 549.421
0 11 272.322 956.71
1 11 286.655 956.71
2 11 311.737 942.377
0 12 154.077 713.053
1 12 161.243 716.636
2 12 186.325 702.304
