14
0 0 845 506
1 0 815 519
2 0 786 528
0 1 1090.8 402
1 1 1060.8 414
2 1 1029.6 422.4
0 2 162.72 656.64
1 2 139.68 678.24
2 2 106.56 694.08
0 3 162.432 656.64
1 3 139.968 677.376
2 3 107.136 692.928
0 4 398.131 582.267
1 4 373.248 599.685
2 4 340.9 614.615
0 5 462.828 716.636
1 5 437.944 731.566
2 5 408.085 741.52
0 6 1283.97 873.401
1 6 1261.58 875.889
2 6 1234.21 875.889
0 7 1355.64 845.034
1 7 1334.74 845.034
2 7 1307.86 845.034
0 8 1269.04 564.351
1 8 1242.17 570.323
2 8 1212.31 573.309
0 9 250.823 659.305
1 9 225.74 680.805
2 9 193.492 695.137
0 10 164.826 906.545
1 10 146.91 920.878
2 10 114.662 931.627
0 11 1268.45 562.56
1 11 1239.78 569.726
2 11 1211.12 573.309
0 12 1358.03 842.048
1 12 1336.53 842.048
2 12 1307.86 842.048
0 13 455.064 680.805
1 13 429.982 695.137
2 13 397.733 705.887
