14
0 0 1816.47 781.747
1 0 1766.71 758.938
2 0 1772.93 744.422
0 1 1096.93 416.794
1 1 1063.76 404.352
2 1 1072.05 393.984
0 2 1532.81 654.428
1 2 1492.99 637.01
2 2 1497.97 622.08
0 3 1490.01 728.58
1 3 1451.19 710.664
2 3 1460.15 698.72
0 4 1504.94 723.803
1 4 1469.1 707.678
2 4 1475.08 695.734
0 5 1767.7 949.543
1 5 1719.93 925.655
2 5 1728.89 916.697
0 6 1659.01 247.24
1 6 1612.43 226.935
2 6 1612.43 209.019
0 7 1487.02 716.636
1 7 1448.2 698.72
2 7 1454.17 686.776
0 8 1454.77 641.39
1 8 1415.36 619.89
2 8 1422.52 609.141
0 9 1429.69 447.898
1 9 1390.27 429.982
2 9 1393.86 415.649
0 10 1504.94 723.803
1 10 1465.52 705.887
2 10 1472.69 695.137
0 11 1469.1 630.64
1 11 1429.69 612.724
2 11 1433.27 598.391
0 12 1487.02 716.636
1 12 1447.61 698.72
2 12 1454.77 684.388
0 13 637.806 788.3
1 13 616.307 773.967
2 13 637.806 766.801
