24
0 0 1450.08 707.04
1 0 1457.28 695.52
2 0 1454.4 689.76
0 1 1491.26 637.632
1 1 1498.18 625.536
2 1 1494.72 618.624
0 2 1415.23 838.08
1 2 1425.6 829.44
2 2 1422.14 824.256
0 3 790.042 458.266
1 3 806.63 452.045
2 3 816.999 449.971
0 4 1293.93 690.509
1 4 1304.29 680.141
2 4 1302.22 673.92
0 5 1450.69 709.171
1 5 1460.64 696.73
2 5 1455.67 691.753
0 6 1492.99 637.01
1 6 1497.97 622.08
2 6 1495.48 617.104
0 7 1254.11 716.636
1 7 1264.07 706.683
2 7 1264.07 701.706
0 8 1418.34 841.052
1 8 1428.3 831.099
2 8 1425.81 826.122
0 9 1415.36 624.071
1 9 1421.33 612.127
2 9 1418.34 606.155
0 10 1448.2 698.72
1 10 1454.17 686.776
2 10 1451.19 680.805
0 11 1469.1 707.678
1 11 1475.08 695.734
2 11 1472.09 689.763
0 12 1451.19 710.664
1 12 1460.15 698.72
2 12 1457.16 692.748
0 13 1490.01 636.015
1 13 1498.96 621.085
2 13 1492.99 615.113
0 14 1182.45 665.875
1 14 1191.41 656.917
2 14 1194.39 650.945
0 15 1412.37 558.379
1 15 1418.34 546.435
2 15 1415.36 540.463
0 16 1390.27 429.982
1 16 1393.86 415.649
2 16 1393.86 408.483
0 17 1612.43 229.324
1 17 1612.43 209.019
2 17 1605.27 204.241
0 18 1465.52 705.887
1 18 1472.69 695.137
2 18 1472.69 687.971
0 19 1415.36 619.89
1 19 1422.52 609.141
2 19 1418.94 601.975
0 20 1490.6 634.223
1 20 1497.77 619.89
2 20 1494.19 612.724
0 21 777.55 146.91
1 21 788.3 146.91
2 21 802.633 146.91
0 22 1433.27 702.304
1 22 1440.44 691.554
2 22 1436.86 684.388
0 23 616.307 773.967
1 23 637.806 766.801
2 23 648.556 759.635
