17
0 0 1498.18 625.536
1 0 1494.72 618.624
2 0 1461.89 590.976
0 1 1497.14 624.154
1 1 1495.07 617.933
2 1 1459.81 588.902
0 2 1460.64 696.73
1 2 1455.67 691.753
2 2 1420.83 661.893
0 3 1497.97 622.08
1 3 1495.48 617.104
2 3 1460.64 587.244
0 4 1455.67 684.288
1 4 1453.18 679.312
2 4 1418.34 649.452
0 5 1027.68 480.246
1 5 1032.65 477.758
2 5 1012.75 452.874
0 6 982.887 398.131
1 6 987.863 395.643
2 6 970.445 370.76
0 7 1264.07 706.683
1 7 1264.07 701.706
2 7 1234.21 674.335
0 8 1421.33 612.127
1 8 1418.34 606.155
2 8 1385.5 576.295
0 9 1454.17 686.776
1 9 1451.19 680.805
2 9 1418.34 650.945
0 10 1418.34 546.435
1 10 1415.36 540.463
2 10 1382.51 510.603
0 11 1460.15 698.72
1 11 1457.16 692.748
2 11 1421.33 662.889
0 12 1497.77 619.89
1 12 1494.19 612.724
2 12 1458.35 584.059
0 13 1472.69 695.137
1 13 1472.69 687.971
2 13 1436.86 659.305
0 14 1454.77 684.388
1 14 1454.77 680.805
2 14 1418.94 648.556
0 15 1422.52 609.141
1 15 1418.94 601.975
2 15 1386.69 573.309
0 16 652.139 322.486
1 16 666.472 326.07
2 16 652.139 297.404
