10
0 0 1429.06 746.496
1 0 1422.14 732.672
2 0 1413.5 717.12
0 1 1677.89 869.184
1 1 1660.61 855.36
2 1 1645.06 839.808
0 2 1430.78 748.57
1 2 1422.49 734.055
2 2 1414.2 719.539
0 3 1399.68 734.055
1 3 1393.46 719.539
2 3 1385.17 705.024
0 4 1674.64 627.057
1 4 1662.2 614.615
2 4 1647.27 602.174
0 5 1675.14 877.88
1 5 1660.21 862.95
2 5 1642.29 848.02
0 6 1436.26 755.454
1 6 1430.29 740.524
2 6 1421.33 725.594
0 7 1400.43 734.552
1 7 1394.45 719.622
2 7 1385.5 704.692
0 8 1630.35 773.967
1 8 1616.02 759.635
2 8 1601.68 745.302
0 9 1401.02 734.552
1 9 1393.86 720.22
2 9 1386.69 705.887
