31
0 0 1256 48
1 0 1237 59
2 0 1221 64
0 1 1515 65
1 1 1493 74
2 1 1475 78
0 2 686.88 843.84
1 2 682 861
2 2 673 875
0 3 687.744 843.264
1 3 682 861
2 3 673.2 874.8
0 4 1316.4 50.4
1 4 1296 61.2
2 4 1280.4 67.2
0 5 687.744 843.264
1 5 682.56 859.68
2 5 673.92 874.08
0 6 1660.32 59.04
1 6 1635.84 69.12
2 6 1617.12 72
0 7 1653.12 57.6
1 7 1630.08 66.24
2 7 1609.92 70.56
0 8 1316.16 50.4
1 8 1296 60.48
2 8 1280.16 66.24
0 9 1499.04 60.48
1 9 1476 70.56
2 9 1460.16 74.88
0 10 1733.18 67.392
1 10 1708.99 76.032
2 10 1688.26 79.488
0 11 1660.61 58.752
1 11 1636.42 69.12
2 11 1617.41 72.576
0 12 1653.7 57.024
1 12 1631.23 67.392
2 12 1610.5 70.848
0 13 941.415 279.936
1 13 926.208 298.944
2 13 912.384 312.768
0 14 1634.69 58.752
1 14 1610.5 67.392
2 14 1591.49 72.576
0 15 940.032 281.664
1 15 926.208 298.944
2 15 912.384 311.04
0 16 1604.97 66.3552
1 16 1582.16 74.6496
2 16 1563.49 78.7968
0 17 691.753 948.05
1 17 689.265 958.003
2 17 678.067 970.445
0 18 940.585 278.692
1 18 925.655 298.598
2 18 913.214 311.04
0 19 691.753 948.05
1 19 689.265 958.003
2 19 679.312 967.957
0 20 955.515 281.18
1 20 940.585 298.598
2 20 925.655 313.528
0 21 1137.16 189.112
1 21 1117.26 209.019
2 21 1099.84 223.949
0 22 1492.99 513.589
1 22 1470.6 517.571
2 22 1448.2 517.571
0 23 1340.71 358.318
1 23 1325.78 361.901
2 23 1306.37 363.295
0 24 692.748 946.557
1 24 689.763 958.501
2 24 680.805 967.459
0 25 938.794 279.488
1 25 925.655 298.598
2 25 910.725 313.528
0 26 1492.99 513.589
1 26 1470.6 517.571
2 26 1445.22 519.561
0 27 1095.86 182.145
1 27 1077.94 203.047
2 27 1060.02 217.977
0 28 691.554 838.465
1 28 684.388 852.797
2 28 677.221 867.13
0 29 877.88 569.726
1 29 863.547 576.892
2 29 852.797 576.892
0 30 1139.45 179.159
1 30 1121.54 200.658
2 30 1103.62 214.991
