9
0 0 1330.56 680.832
1 0 1311.55 665.28
2 0 1304.64 649.728
0 1 804.557 520.474
1 1 806.63 505.958
2 1 810.778 495.59
0 2 1256.6 761.011
1 2 1240.01 742.349
2 2 1235.87 725.76
0 3 632.033 338.412
1 3 639.498 328.458
2 3 649.452 320.993
0 4 1528.82 653.931
1 4 1501.95 639.001
2 4 1490.01 624.071
0 5 1042.11 444.912
1 5 1036.14 432.968
2 5 1036.14 424.01
0 6 1587.35 809.799
1 6 1555.1 795.466
2 6 1544.35 773.967
0 7 1777.26 308.154
1 7 1745.01 304.57
2 7 1719.93 293.821
0 8 1483.44 723.803
1 8 1458.35 709.47
2 8 1447.61 691.554
