15
0 0 672.48 619.2
1 0 632.16 632.16
2 0 604.8 646.56
0 1 194.4 640.8
1 1 162.72 656.64
2 1 139.68 678.24
0 2 908.928 433.728
1 2 867.456 451.008
2 2 838.08 464.832
0 3 203.904 995.328
1 3 174.528 997.056
2 3 155.52 1007.42
0 4 1240.7 426.816
1 4 1197.5 444.096
2 4 1166.4 452.736
0 5 902.016 435.456
1 5 860.544 452.736
2 5 831.168 466.56
0 6 501.811 702.951
1 6 464.486 715.392
2 6 439.603 729.907
0 7 684.288 613.786
1 7 644.89 628.301
2 7 617.933 640.742
0 8 495.176 574.802
1 8 457.851 592.22
2 8 430.479 609.639
0 9 1400.92 838.564
1 9 1356.13 843.541
2 9 1333.74 846.029
0 10 380.713 928.144
1 10 345.877 933.12
2 10 325.97 943.073
0 11 1313.83 549.421
1 11 1269.04 564.351
2 11 1242.17 570.323
0 12 1400.43 839.062
1 12 1355.64 845.034
2 12 1334.74 845.034
0 13 1311.44 551.81
1 13 1268.45 562.56
2 13 1239.78 569.726
0 14 225.74 938.794
1 14 193.492 945.96
2 14 175.576 956.71
