14
0 0 -0.59125 -0.23125
1 0 -0.60375 -0.24625
2 0 -0.6225 -0.26375
0 1 -0.5905 -0.232
1 1 -0.6055 -0.247
2 1 -0.622 -0.2635
0 2 -0.5896 -0.2332
1 2 -0.60472 -0.24832
2 2 -0.622 -0.26344
0 3 -0.38872 -0.71488
1 3 -0.3844 -0.73648
2 3 -0.38008 -0.76888
0 4 -0.388288 -0.71488
1 4 -0.38103 -0.735616
2 4 -0.37792 -0.76672
0 5 -0.37792 -0.644896
1 5 -0.375328 -0.668224
2 5 -0.370144 -0.694144
0 6 -0.387251 -0.713843
1 6 -0.38103 -0.735616
2 6 -0.37792 -0.76672
0 7 -0.545881 -0.281497
1 7 -0.558323 -0.297049
2 7 -0.570765 -0.315712
0 8 -0.37792 -0.644896
1 8 -0.375328 -0.668224
2 8 -0.368589 -0.695181
0 9 0.0793091 -0.253504
1 9 0.0908001 -0.26128
2 9 0.0979715 -0.275277
0 10 0.0793091 -0.253504
1 10 0.0886403 -0.265945
2 10 0.0979715 -0.281497
0 11 -0.387873 -0.712599
1 11 -0.384141 -0.738726
2 11 -0.380408 -0.768586
0 12 0.0793091 -0.253504
1 12 0.0898844 -0.264701
2 12 0.0973494 -0.279631
0 13 -0.544637 -0.283364
1 13 -0.555835 -0.298294
2 13 -0.570765 -0.316956
