61
0 0 -0.44375 -0.9225
1 0 -0.4325 -0.93
2 0 -0.4225 -0.93375
0 1 -0.2875 -0.35375
1 1 -0.28125 -0.35125
2 1 -0.26875 -0.34875
0 2 -0.4435 -0.9235
1 2 -0.433 -0.931
2 2 -0.4225 -0.934
0 3 0.2345 -0.154
1 3 0.25 -0.14125
2 3 0.2735 -0.133
0 4 -0.235 0.0500001
1 4 -0.2335 0.0575
2 4 -0.22 0.0635
0 5 -0.23536 0.0497601
1 5 -0.2332 0.0566001
2 5 -0.2206 0.0638001
0 6 -0.44272 -0.91792
1 6 -0.433 -0.9262
2 6 -0.424 -0.928
0 7 -0.442 -0.9244
1 7 -0.433 -0.9334
2 7 -0.4222 -0.937
0 8 0.2312 -0.1144
1 8 0.2438 -0.1018
2 8 0.2672 -0.0945999
0 9 0.2348 -0.154
1 9 0.2495 -0.142
2 9 0.2726 -0.136
0 10 -0.0654999 -0.292
1 10 -0.0495999 -0.289
2 10 -0.0315999 -0.289
0 11 -0.564544 -0.349926
1 11 -0.576985 -0.340595
2 11 -0.5824 -0.325
0 12 -0.4096 -0.568
1 12 -0.3952 -0.5734
2 12 -0.3754 -0.577
0 13 -0.0733599 -0.92008
1 13 -0.0495998 -0.9244
2 13 -0.0279999 -0.92656
0 14 0.2312 -0.1144
1 14 0.24416 -0.10144
2 14 0.26792 -0.0927999
0 15 0.0713601 -0.83152
1 15 0.0929601 -0.83152
2 15 0.11672 -0.83368
0 16 -0.3088 -0.81424
1 16 -0.2872 -0.81856
2 16 -0.26776 -0.82288
0 17 0.0692001 -0.81424
1 17 0.0929601 -0.81424
2 17 0.11672 -0.8164
0 18 0.0778402 -0.71272
1 18 0.0994401 -0.71056
2 18 0.1232 -0.71272
0 19 -0.0657999 -0.2908
1 19 -0.0517598 -0.28936
2 19 -0.0323199 -0.28936
0 20 -0.44272 -0.91792
1 20 -0.43408 -0.9244
2 20 -0.42112 -0.92872
0 21 -0.41032 -0.568
1 21 -0.3952 -0.57232
2 21 -0.37576 -0.57448
0 22 -0.5662 -0.3502
1 22 -0.576985 -0.340595
2 22 -0.58312 -0.32608
0 23 -0.406432 -0.58528
1 23 -0.39088 -0.590464
2 23 -0.370144 -0.593056
0 24 0.2312 -0.116128
1 24 0.24416 -0.103168
2 24 0.267488 -0.0953918
0 25 0.1124 -0.85744
1 25 0.137888 -0.85744
2 25 0.163808 -0.860032
0 26 -0.31312 -0.821152
1 26 -0.292384 -0.826336
2 26 -0.271648 -0.828928
0 27 -0.307936 -0.813376
1 27 -0.2872 -0.81856
2 27 -0.266464 -0.821152
0 28 0.0886402 -0.810784
1 28 0.111968 -0.808192
2 28 0.135296 -0.810784
0 29 0.0834563 -0.735616
1 29 0.106784 -0.733024
2 29 0.130112 -0.735616
0 30 0.0782722 -0.730432
1 30 0.0990083 -0.72784
2 30 0.124928 -0.730432
0 31 0.0782722 -0.712288
1 31 0.0990083 -0.709696
2 31 0.122336 -0.712288
0 32 0.12536 -0.71272
1 32 0.148256 -0.709696
2 32 0.171584 -0.712288
0 33 0.23336 -0.15328
1 33 0.246752 -0.142048
2 33 0.27008 -0.134272
0 34 0.189728 -0.162784
1 34 0.203725 -0.150861
2 34 0.226016 -0.14464
0 35 -0.0668798 -0.292384
1 35 -0.0517598 -0.28936
2 35 -0.0331838 -0.289792
0 36 -0.564544 -0.352
1 36 -0.576985 -0.340595
2 36 -0.582688 -0.32608
0 37 0.0990083 -0.85744
1 37 0.122336 -0.85744
2 37 0.147738 -0.860032
0 38 0.113523 -0.856922
1 38 0.138407 -0.856922
2 38 0.16329 -0.860032
0 39 0.0855298 -0.84137
1 39 0.107303 -0.84137
2 39 0.132186 -0.84448
0 40 0.0793091 -0.838259
1 40 0.104192 -0.836704
2 40 0.125965 -0.84137
0 41 0.0699778 -0.832038
1 41 0.0948611 -0.832038
2 41 0.116634 -0.835149
0 42 -0.312601 -0.819597
1 42 -0.293939 -0.825818
2 42 -0.272166 -0.828928
0 43 -0.2224 -0.822707
1 43 -0.200627 -0.825818
2 43 -0.178854 -0.828928
0 44 -0.306381 -0.813376
1 44 -0.287718 -0.819597
2 44 -0.265945 -0.822707
0 45 0.0699778 -0.816486
1 45 0.0917507 -0.813376
2 45 0.116634 -0.816486
0 46 0.0761987 -0.729395
1 46 0.0979715 -0.726285
2 46 0.122855 -0.729395
0 47 0.0761987 -0.713843
1 47 0.0979715 -0.710733
2 47 0.122855 -0.713843
0 48 0.122855 -0.713843
1 48 0.147738 -0.710733
2 48 0.169511 -0.713843
0 49 0.23794 -0.22551
1 49 0.250381 -0.213069
2 49 0.275264 -0.206848
0 50 0.191284 -0.160192
1 50 0.203725 -0.150861
2 50 0.225498 -0.14464
0 51 -0.0699902 -0.290829
1 51 -0.0544381 -0.287718
2 51 -0.0357758 -0.287718
0 52 0.112279 -0.854433
1 52 0.138407 -0.854433
2 52 0.160802 -0.858166
0 53 0.0824195 -0.843236
1 53 0.108547 -0.839503
2 53 0.130942 -0.846968
0 54 0.0712221 -0.832038
1 54 0.093617 -0.832038
2 54 0.116012 -0.835771
0 55 -0.313223 -0.820841
1 55 -0.294561 -0.824573
2 55 -0.272166 -0.828306
0 56 0.086152 -0.742459
1 56 0.104192 -0.732506
2 56 0.130942 -0.742459
0 57 0.127209 -0.727529
1 57 0.145872 -0.723796
2 57 0.171999 -0.727529
0 58 0.078687 -0.716331
1 58 0.101082 -0.712599
2 58 0.123477 -0.716331
0 59 0.123477 -0.716331
1 59 0.145872 -0.712599
2 59 0.168267 -0.716331
0 60 -0.0699902 -0.290829
1 60 -0.0556823 -0.290829
2 60 -0.0370199 -0.290829
