43
0 0 -0.157 -0.799
1 0 -0.14125 -0.81375
2 0 -0.13375 -0.82
0 1 -0.1405 -0.6685
1 1 -0.1252 -0.6796
2 1 -0.12 -0.685
0 2 0.0395 -0.838
1 2 0.0575 -0.85
2 2 0.0665 -0.8545
0 3 -0.15625 -0.8
1 3 -0.1432 -0.8128
2 3 -0.1345 -0.82
0 4 -0.145 -0.796
1 4 -0.13 -0.811
2 4 -0.1225 -0.817
0 5 -0.052 -0.8005
1 5 -0.0355 -0.814
2 5 -0.0264999 -0.82
0 6 -0.2008 -0.12088
1 6 -0.199 -0.1252
2 6 -0.199 -0.1252
0 7 -0.127 -0.7714
1 7 -0.1126 -0.784
2 7 -0.1054 -0.7912
0 8 -0.0513999 -0.8002
1 8 -0.0351999 -0.8146
2 8 -0.0261999 -0.82
0 9 -0.12736 -0.784
1 9 -0.1144 -0.7948
2 9 -0.10576 -0.80344
0 10 -0.1576 -0.79696
1 10 -0.14248 -0.81208
2 10 -0.136 -0.81856
0 11 -0.2008 -0.12088
1 11 -0.199072 -0.126496
2 11 -0.19864 -0.1252
0 12 -0.383104 -0.764128
1 12 -0.36928 -0.77968
2 12 -0.3628 -0.78832
0 13 -0.41032 -0.76024
1 13 -0.39952 -0.77752
2 13 -0.39088 -0.78616
0 14 -0.0690399 -0.78616
1 14 -0.0539199 -0.79912
2 14 -0.0452799 -0.8056
0 15 -0.14032 -0.66952
1 15 -0.126496 -0.683776
2 15 -0.12088 -0.6868
0 16 -0.149824 -0.797824
1 16 -0.13816 -0.81424
2 16 -0.12952 -0.82072
0 17 -0.0495998 -0.80128
1 17 -0.0344798 -0.81424
2 17 -0.0258399 -0.81856
0 18 -0.0513278 -0.800416
1 18 -0.0357758 -0.813376
2 18 -0.0254078 -0.81856
0 19 -0.14464 -0.79696
1 19 -0.12952 -0.80992
2 19 -0.121312 -0.815968
0 20 -0.0694718 -0.784864
1 20 -0.0539198 -0.797824
2 20 -0.0461438 -0.8056
0 21 -0.126496 -0.782272
1 21 -0.113536 -0.795232
2 21 -0.10576 -0.803008
0 22 -0.139456 -0.670816
1 22 -0.126496 -0.683776
2 22 -0.121312 -0.686368
0 23 -0.409024 -0.761536
1 23 -0.396064 -0.77968
2 23 -0.39088 -0.787456
0 24 -0.200627 -0.122867
1 24 -0.199072 -0.126496
2 24 -0.199072 -0.126496
0 25 0.113523 -0.860032
1 25 0.132186 -0.872474
2 25 0.141517 -0.875584
0 26 -0.138419 -0.673408
1 26 -0.125977 -0.682739
2 26 -0.119757 -0.68896
0 27 -0.0461438 -0.678592
1 27 -0.0326653 -0.69207
2 27 -0.0264446 -0.695181
0 28 -0.138419 -0.673408
1 28 -0.122867 -0.686472
2 28 -0.116646 -0.695181
0 29 -0.0699902 -0.785382
1 29 -0.0544381 -0.797824
2 29 -0.0482173 -0.804045
0 30 -0.14464 -0.797824
1 30 -0.129088 -0.810266
2 30 -0.122867 -0.816486
0 31 -0.129088 -0.772941
1 31 -0.113536 -0.785382
2 31 -0.104205 -0.791603
0 32 -0.0513278 -0.800934
1 32 -0.0357758 -0.813376
2 32 -0.0264446 -0.819597
0 33 -0.384141 -0.76672
1 33 -0.371699 -0.782272
2 33 -0.365478 -0.791603
0 34 -0.201249 -0.115402
1 34 -0.197517 -0.119134
2 34 -0.197517 -0.119134
0 35 -0.200627 -0.122867
1 35 -0.197517 -0.130332
2 35 -0.197517 -0.130332
0 36 -0.137797 -0.675274
1 36 -0.125977 -0.682739
2 36 -0.119134 -0.690204
0 37 0.112279 -0.843236
1 37 0.130942 -0.854433
2 37 0.142139 -0.858166
0 38 -0.0482173 -0.682739
1 38 -0.0332874 -0.693937
2 38 -0.0258224 -0.697669
0 39 -0.380408 -0.753656
1 39 -0.369211 -0.772319
2 39 -0.361746 -0.779784
0 40 -0.145262 -0.798446
1 40 -0.134064 -0.813376
2 40 -0.122867 -0.817108
0 41 -0.384141 -0.764854
1 41 -0.372943 -0.783516
2 41 -0.365478 -0.790981
0 42 -0.406536 -0.764854
1 42 -0.396582 -0.779162
2 42 -0.391606 -0.790981
