52
0 0 0.05625 -0.8
1 0 0.0635 -0.805
2 0 0.0572917 -0.816667
0 1 0.15875 -0.77125
1 1 0.1675 -0.775
2 1 0.16125 -0.785
0 2 -0.24375 -0.785
1 2 -0.24125 -0.79125
2 2 -0.25375 -0.80375
0 3 0.0562501 -0.8
1 3 0.0635 -0.805
2 3 0.0575 -0.81625
0 4 0.0515001 -0.799
1 4 0.059 -0.8035
2 4 0.05125 -0.81625
0 5 0.4235 -0.796
1 5 0.437 -0.799
2 5 0.4355 -0.808
0 6 0.0515001 -0.799
1 6 0.0584001 -0.8038
2 6 0.0515001 -0.8155
0 7 0.056 -0.8005
1 7 0.0638001 -0.8056
2 7 0.056 -0.817
0 8 -0.244 -0.7855
1 8 -0.241 -0.7915
2 8 -0.253 -0.8035
0 9 0.4205 -0.8665
1 9 0.4355 -0.871
2 9 0.434 -0.8815
0 10 0.49375 -0.87
1 10 0.509 -0.874
2 10 0.509 -0.883
0 11 0.4115 -0.859
1 11 0.425 -0.8635
2 11 0.4235 -0.8725
0 12 0.383 -0.892
1 12 0.398 -0.8965
2 12 0.3965 -0.907
0 13 0.491 -0.877
1 13 0.5075 -0.8815
2 13 0.5075 -0.892
0 14 0.0515001 -0.799
1 14 0.0584001 -0.8038
2 14 0.0512001 -0.8146
0 15 -0.3718 -0.3754
1 15 -0.3754 -0.3772
2 15 -0.3952 -0.379
0 16 0.0548001 -0.6364
1 16 0.0605602 -0.63928
2 16 0.0530001 -0.6454
0 17 0.4904 -0.8776
1 17 0.5066 -0.8812
2 17 0.5066 -0.892
0 18 0.4238 -0.7966
1 18 0.4382 -0.7984
2 18 0.4364 -0.8074
0 19 0.4922 -0.8704
1 19 0.5084 -0.874
2 19 0.5084 -0.883
0 20 0.4274 -0.802
1 20 0.4418 -0.8038
2 20 0.44 -0.8128
0 21 0.0566001 -0.8002
1 21 0.0638001 -0.8056
2 21 0.0566001 -0.8164
0 22 0.39536 -0.82072
1 22 0.40832 -0.82504
2 22 0.40616 -0.83368
0 23 0.0566001 -0.8002
1 23 0.0648802 -0.8056
2 23 0.0584002 -0.8164
0 24 0.0540801 -0.63712
1 24 0.0605602 -0.63928
2 24 0.0519201 -0.64576
0 25 0.0515001 -0.799
1 25 0.0562401 -0.80344
2 25 0.0497601 -0.81424
0 26 -0.37144 -0.37576
1 26 -0.37576 -0.37792
2 26 -0.3952 -0.37792
0 27 0.42344 -0.79696
1 27 0.43856 -0.79912
2 27 0.4364 -0.80776
0 28 -0.36928 -0.39088
1 28 -0.37144 -0.39304
2 28 -0.39088 -0.3952
0 29 0.305 -0.8182
1 29 0.31544 -0.82288
2 29 0.31328 -0.83152
0 30 0.0606467 -0.645414
1 30 0.0679043 -0.647488
2 30 0.0575363 -0.655264
0 31 0.0562401 -0.79912
1 31 0.0653123 -0.8056
2 31 0.0575363 -0.815968
0 32 -0.20944 -0.784864
1 32 -0.206848 -0.79264
2 32 -0.219808 -0.803008
0 33 0.156032 -0.769312
1 33 0.1664 -0.774496
2 33 0.161216 -0.784864
0 34 0.485216 -0.862624
1 34 0.500768 -0.865216
2 34 0.500768 -0.875584
0 35 0.0497601 -0.79696
1 35 0.0544259 -0.800934
2 35 0.0497602 -0.813376
0 36 0.0523523 -0.795232
1 36 0.0562922 -0.798446
2 36 0.0513155 -0.810266
0 37 0.0549442 -0.63712
1 37 0.0605602 -0.63928
2 37 0.0544259 -0.648525
0 38 0.0855298 -0.760499
1 38 0.0917507 -0.76361
2 38 0.0855298 -0.776051
0 39 0.0824195 -0.772941
1 39 0.0917507 -0.776051
2 39 0.0824195 -0.788493
0 40 -0.209958 -0.785382
1 40 -0.209958 -0.791603
2 40 -0.219289 -0.804045
0 41 0.0637571 -0.791603
1 41 0.0730883 -0.794714
2 41 0.0637571 -0.807155
0 42 0.0606467 -0.645414
1 42 0.0679043 -0.647488
2 42 0.0606467 -0.654746
0 43 -0.209958 -0.772941
1 43 -0.206848 -0.779162
2 43 -0.219289 -0.791603
0 44 0.181952 -0.785382
1 44 0.191284 -0.791603
2 44 0.185063 -0.800934
0 45 0.086152 -0.761121
1 45 0.0898844 -0.764854
2 45 0.086152 -0.776051
0 46 0.179464 -0.787249
1 46 0.190661 -0.790981
2 46 0.186929 -0.802178
0 47 -0.212446 -0.787249
1 47 -0.208714 -0.794714
2 47 -0.219911 -0.805911
0 48 -0.242306 -0.790981
1 48 -0.238574 -0.798446
2 48 -0.253504 -0.809643
0 49 0.0562922 -0.641682
1 49 0.0600246 -0.641682
2 49 0.0525597 -0.649147
0 50 0.302636 -0.820841
1 50 0.313833 -0.824573
2 50 0.310101 -0.835771
0 51 0.190661 -0.794714
1 51 0.198126 -0.798446
2 51 0.194394 -0.809643
