38
0 0 -0.304 -0.901
1 0 -0.298 -0.91
2 0 -0.291667 -0.902083
0 1 0.0562501 -0.925
1 1 0.0675001 -0.935
2 1 0.075 -0.93125
0 2 0.57125 -0.94375
1 2 0.59125 -0.95375
2 2 0.60875 -0.95375
0 3 0.0404001 -0.9316
1 3 0.0515001 -0.943
2 3 0.059 -0.94
0 4 0.059 -0.925
1 4 0.0675001 -0.935
2 4 0.0755 -0.931
0 5 0.236 -0.9145
1 5 0.2492 -0.9244
2 5 0.26 -0.9205
0 6 0.0404001 -0.9316
1 6 0.0515001 -0.943
2 6 0.0584001 -0.9388
0 7 0.0566001 -0.9244
1 7 0.0674001 -0.9352
2 7 0.0746001 -0.9316
0 8 0.236 -0.9145
1 8 0.2492 -0.9244
2 8 0.26 -0.9208
0 9 -0.3052 -0.901
1 9 -0.298 -0.91
2 9 -0.2944 -0.9046
0 10 0.0584002 -0.9244
1 10 0.0674001 -0.9352
2 10 0.0756802 -0.93088
0 11 -0.74512 -0.26992
1 11 -0.77104 -0.26992
2 11 -0.79912 -0.24832
0 12 0.23768 -0.9136
1 12 0.25064 -0.92224
2 12 0.26144 -0.91792
0 13 0.22256 -0.65656
1 13 0.23552 -0.66088
2 13 0.24632 -0.65224
0 14 0.0432802 -0.68464
1 14 0.0523523 -0.691552
2 14 0.0584002 -0.68464
0 15 0.21608 -0.67816
1 15 0.22688 -0.68248
2 15 0.23984 -0.676
0 16 0.0886402 -0.826336
1 16 0.0990083 -0.834112
2 16 0.106784 -0.828928
0 17 0.0419843 -0.68585
1 17 0.0523523 -0.691552
2 17 0.0601283 -0.683776
0 18 0.215648 -0.678592
1 18 0.228608 -0.683776
2 18 0.238976 -0.676
0 19 0.200615 -0.269056
1 19 0.213056 -0.269056
2 19 0.226016 -0.250912
0 20 0.592525 -0.894246
1 20 0.611188 -0.900467
2 20 0.62985 -0.900467
0 21 -0.741837 -0.272166
1 21 -0.76983 -0.269056
2 21 -0.797824 -0.250393
0 22 -0.647488 -0.354592
1 22 -0.665632 -0.357184
2 22 -0.68585 -0.343705
0 23 0.0419842 -0.683776
1 23 0.0523523 -0.691552
2 23 0.0606467 -0.682739
0 24 0.219277 -0.654746
1 24 0.231719 -0.660966
2 24 0.24416 -0.651635
0 25 -0.665632 -0.346816
1 25 -0.68896 -0.346816
2 25 -0.707622 -0.334374
0 26 0.0513155 -0.695181
1 26 0.0606467 -0.701402
2 26 0.0699778 -0.695181
0 27 0.191284 -0.265945
1 27 0.203725 -0.265945
2 27 0.216167 -0.247283
0 28 -0.748058 -0.284608
1 28 -0.776051 -0.284608
2 28 -0.800934 -0.265945
0 29 0.086152 -0.869363
1 29 0.0973494 -0.880561
2 29 0.104814 -0.873096
0 30 0.0898844 -0.824573
1 30 0.101082 -0.835771
2 30 0.108547 -0.828306
0 31 0.0419843 -0.68585
1 31 0.0525597 -0.693937
2 31 0.0600246 -0.686472
0 32 0.213056 -0.682739
1 32 0.220521 -0.686472
2 32 0.235451 -0.679007
0 33 0.227986 -0.664077
1 33 0.239184 -0.667809
2 33 0.250381 -0.660344
0 34 0.220521 -0.656612
1 34 0.231719 -0.660344
2 34 0.242916 -0.652879
0 35 -0.742459 -0.275899
1 35 -0.768586 -0.272166
2 35 -0.794714 -0.253504
0 36 0.200615 -0.269056
1 36 0.213056 -0.269056
2 36 0.224254 -0.257236
0 37 -0.749924 -0.287096
1 37 -0.776051 -0.287096
2 37 -0.802178 -0.268434
