31
0 0 0.55 -0.9125
1 0 0.545 -0.91875
2 0 0.56125 -0.92
0 1 0.242 -0.7375
1 1 0.236 -0.7405
2 1 0.245 -0.7375
0 2 -0.5896 -0.298
1 2 -0.6112 -0.2926
2 2 -0.631 -0.2872
0 3 0.2852 -0.928
1 3 0.278 -0.9334
2 3 0.287 -0.9334
0 4 -0.00639985 -0.89632
1 4 -0.0171998 -0.89632
2 4 -0.0117999 -0.8974
0 5 0.128 -0.853
1 5 0.1178 -0.856
2 5 0.125 -0.856
0 6 0.0278001 -0.8614
1 6 0.0188001 -0.8614
2 6 0.0242001 -0.8632
0 7 0.4346 -0.919
1 7 0.431 -0.9244
2 7 0.4436 -0.9262
0 8 -0.00726376 -0.676
1 8 -0.0171998 -0.676
2 8 -0.0117999 -0.6742
0 9 0.44072 -0.91792
1 9 0.4364 -0.9244
2 9 0.44936 -0.9244
0 10 -0.5896 -0.298
1 10 -0.608608 -0.294976
2 10 -0.63064 -0.2872
0 11 0.12536 -0.85312
1 11 0.11672 -0.85528
2 11 0.12536 -0.85528
0 12 0.0281602 -0.86176
1 12 0.0195201 -0.86176
2 12 0.0260002 -0.86176
0 13 0.15992 -0.87472
1 13 0.15128 -0.87904
2 13 0.15992 -0.87904
0 14 -0.0128799 -0.892
1 14 -0.0225999 -0.8956
2 14 -0.0171998 -0.89416
0 15 0.48824 -0.87904
1 15 0.48392 -0.88336
2 15 0.49904 -0.88336
0 16 -0.587872 -0.30016
1 16 -0.608608 -0.294976
2 16 -0.626752 -0.289792
0 17 -0.00726376 -0.676
1 17 -0.0171134 -0.676518
2 17 -0.00985578 -0.676
0 18 0.534464 -0.880768
1 18 0.531872 -0.885952
2 18 0.547424 -0.888544
0 19 0.480032 -0.880768
1 19 0.474848 -0.885952
2 19 0.4904 -0.885952
0 20 0.161216 -0.875584
1 20 0.150848 -0.878176
2 20 0.161216 -0.878176
0 21 0.461888 -0.860032
1 21 0.456704 -0.862624
2 21 0.469664 -0.862624
0 22 -0.33904 -0.872992
1 22 -0.346816 -0.872992
2 22 -0.341632 -0.872992
0 23 -0.00778211 -0.676518
1 23 -0.0171134 -0.676518
2 23 -0.0108926 -0.676518
0 24 0.4904 -0.878176
1 24 0.483661 -0.881805
2 24 0.499213 -0.881805
0 25 -0.371699 -0.875584
1 25 -0.384141 -0.876828
2 25 -0.380408 -0.876828
0 26 0.157069 -0.873096
1 26 0.149604 -0.876828
2 26 0.157069 -0.876828
0 27 0.0264323 -0.860032
1 27 0.0189673 -0.861898
2 27 0.0264323 -0.861898
0 28 -0.585695 -0.302026
1 28 -0.608089 -0.298294
2 28 -0.626752 -0.290829
0 29 0.149604 -0.660344
1 29 0.145872 -0.660344
2 29 0.153337 -0.660344
0 30 -0.00716 -0.679007
1 30 -0.014625 -0.679007
2 30 -0.0108925 -0.679007
