50
0 0 -0.3875 -0.907292
1 0 -0.388542 -0.919792
2 0 -0.394792 -0.927083
0 1 -0.389583 -0.911458
1 1 -0.391667 -0.921875
2 1 -0.397917 -0.930208
0 2 -0.58 -0.304
1 2 -0.586 -0.307
2 2 -0.592 -0.3055
0 3 -0.33 -0.92375
1 3 -0.331 -0.9355
2 3 -0.337 -0.9445
0 4 -0.856 -0.514
1 4 -0.8635 -0.52
2 4 -0.874 -0.5185
0 5 0.141667 -0.922917
1 5 0.1445 -0.937
2 5 0.143 -0.9505
0 6 -0.6994 -0.8524
1 6 -0.70624 -0.86176
2 6 -0.7156 -0.865
0 7 -0.3268 -0.8938
1 7 -0.3286 -0.9046
2 7 -0.334 -0.9136
0 8 -0.856 -0.514
1 8 -0.8632 -0.5212
2 8 -0.874 -0.5194
0 9 0.15128 -0.79048
1 9 0.15344 -0.80344
2 9 0.15344 -0.8164
0 10 0.14264 -0.89416
1 10 0.14696 -0.90712
2 10 0.1448 -0.92008
0 11 -0.69976 -0.85312
1 11 -0.70624 -0.86176
2 11 -0.71704 -0.86824
0 12 0.15776 -0.8164
1 12 0.16208 -0.82936
2 12 0.16208 -0.84232
0 13 -0.41464 -0.9136
1 13 -0.4168 -0.92656
2 13 -0.42328 -0.93304
0 14 0.143072 -0.893728
1 14 0.148256 -0.906688
2 14 0.145664 -0.919648
0 15 -0.699328 -0.852256
1 15 -0.707104 -0.862624
2 15 -0.717472 -0.867808
0 16 -0.32608 -0.893728
1 16 -0.328672 -0.906688
2 16 -0.333856 -0.914464
0 17 -0.704512 -0.84759
1 17 -0.71488 -0.854848
2 17 -0.725248 -0.860032
0 18 0.135296 -0.821152
1 18 0.137888 -0.834112
2 18 0.137888 -0.847072
0 19 0.158624 -0.81856
1 19 0.161216 -0.828928
2 19 0.161216 -0.841888
0 20 -0.580096 -0.302752
1 20 -0.58528 -0.307936
2 20 -0.590464 -0.305344
0 21 0.14048 -0.875584
1 21 0.145664 -0.885952
2 21 0.143072 -0.901504
0 22 0.132704 -0.841888
1 22 0.135296 -0.854848
2 22 0.135296 -0.865216
0 23 -0.70192 -0.847072
1 23 -0.709696 -0.85744
2 23 -0.720064 -0.862624
0 24 -0.421984 -0.318304
1 24 -0.424576 -0.320896
2 24 -0.427168 -0.323488
0 25 0.0990083 -0.803008
1 25 0.1016 -0.813376
2 25 0.1016 -0.826336
0 26 0.14048 -0.810784
1 26 0.143072 -0.821152
2 26 0.143072 -0.834112
0 27 0.0979715 -0.804045
1 27 0.101082 -0.813376
2 27 0.101082 -0.825818
0 28 0.138407 -0.810266
1 28 0.141517 -0.822707
2 28 0.141517 -0.835149
0 29 -0.704512 -0.84759
1 29 -0.709696 -0.85744
2 29 -0.720064 -0.863142
0 30 -0.732506 -0.84759
1 30 -0.738726 -0.860032
2 30 -0.751168 -0.863142
0 31 0.101082 -0.84448
1 31 0.107303 -0.856922
2 31 0.104192 -0.869363
0 32 -0.421984 -0.318304
1 32 -0.424576 -0.321933
2 32 -0.427686 -0.321933
0 33 -0.699328 -0.852256
1 33 -0.707104 -0.862624
2 33 -0.716954 -0.869363
0 34 0.181952 -0.788493
1 34 0.185063 -0.800934
2 34 0.185063 -0.813376
0 35 0.188173 -0.791603
1 35 0.191284 -0.804045
2 35 0.191284 -0.816486
0 36 -0.558323 -0.340595
1 36 -0.564544 -0.343705
2 36 -0.570765 -0.343705
0 37 -0.443238 -0.340595
1 37 -0.446349 -0.346816
2 37 -0.449459 -0.346816
0 38 0.135296 -0.822707
1 38 0.138407 -0.835149
2 38 0.138407 -0.84759
0 39 -0.751168 -0.869363
1 39 -0.757389 -0.881805
2 39 -0.76983 -0.884915
0 40 0.179464 -0.790981
1 40 0.186929 -0.802178
2 40 0.183197 -0.813376
0 41 -0.436395 -0.339351
1 41 -0.436395 -0.346816
2 41 -0.440128 -0.346816
0 42 0.153337 -0.794714
1 42 0.157069 -0.805911
2 42 0.157069 -0.817108
0 43 0.134674 -0.794714
1 43 0.138407 -0.805911
2 43 0.138407 -0.820841
0 44 -0.701402 -0.854433
1 44 -0.708866 -0.865631
2 44 -0.716331 -0.869363
0 45 0.0973494 -0.802178
1 45 0.104814 -0.809643
2 45 0.104814 -0.820841
0 46 0.101082 -0.843236
1 46 0.108547 -0.854433
2 46 0.104814 -0.869363
0 47 -0.749924 -0.850701
1 47 -0.757389 -0.861898
2 47 -0.768586 -0.865631
0 48 -0.731261 -0.850701
1 48 -0.738726 -0.861898
2 48 -0.749924 -0.865631
0 49 0.0973494 -0.802178
1 49 0.101082 -0.817108
2 49 0.101082 -0.828306
