14
0 0 -0.5725 -0.2605
1 0 -0.5905 -0.232
2 0 -0.6055 -0.247
0 1 -0.5734 -0.2602
1 1 -0.5896 -0.2314
2 1 -0.604 -0.2476
0 2 -0.18352 -0.90496
1 2 -0.18136 -0.88552
2 2 -0.172 -0.9172
0 3 -0.388288 -0.735616
1 3 -0.38872 -0.71488
2 3 -0.3844 -0.73648
0 4 -0.173152 -0.90928
1 4 -0.17056 -0.888544
2 4 -0.160192 -0.919648
0 5 -0.37792 -0.667187
1 5 -0.37792 -0.644896
2 5 -0.375328 -0.668224
0 6 -0.388288 -0.735616
1 6 -0.388288 -0.71488
2 6 -0.385696 -0.738208
0 7 -0.14775 -0.869363
1 7 -0.14464 -0.84759
2 7 -0.135309 -0.875584
0 8 -0.388288 -0.735616
1 8 -0.387251 -0.713843
2 8 -0.38103 -0.735616
0 9 -0.374809 -0.732506
1 9 -0.374809 -0.710733
2 9 -0.371699 -0.735616
0 10 -0.530329 -0.306381
1 10 -0.545881 -0.281497
2 10 -0.558323 -0.297049
0 11 -0.130332 -0.873096
1 11 -0.126599 -0.854433
2 11 -0.115402 -0.880561
0 12 0.0761987 -0.278387
1 12 0.0793091 -0.253504
2 12 0.0898844 -0.264701
0 13 -0.387873 -0.734994
1 13 -0.387873 -0.712599
2 13 -0.384141 -0.738726
