49
0 0 0.2744 -0.0783999
1 0 0.2708 -0.0729999
2 0 0.2582 -0.0639999
0 1 0.1304 -0.8686
1 1 0.1304 -0.8704
2 1 0.1196 -0.865
0 2 0.134 -0.7534
1 2 0.134 -0.7534
2 2 0.1232 -0.7498
0 3 0.2834 -0.1882
1 3 0.2798 -0.1828
2 3 0.2672 -0.1738
0 4 0.233 -0.136
1 4 0.2285 -0.133
2 4 0.2168 -0.1234
0 5 0.28088 -0.12088
1 5 0.278 -0.118
2 5 0.2654 -0.109
0 6 -0.0294999 -0.2935
1 6 -0.0351999 -0.2962
2 6 -0.0477999 -0.2908
0 7 0.13184 -0.86824
1 7 0.13184 -0.86824
2 7 0.12104 -0.86392
0 8 0.134 -0.73432
1 8 0.135296 -0.735616
2 8 0.1232 -0.73
0 9 0.28088 -0.12088
1 9 0.277856 -0.116128
2 9 0.26576 -0.10792
0 10 0.23336 -0.136
1 10 0.2312 -0.13168
2 10 0.21824 -0.12304
0 11 0.275264 -0.0798398
1 11 0.27008 -0.0746558
2 11 0.25712 -0.0642878
0 12 0.143072 -0.872992
1 12 0.143072 -0.872992
2 12 0.132704 -0.867808
0 13 -0.279424 -0.862624
1 13 -0.282016 -0.867808
2 13 -0.294976 -0.865216
0 14 0.132704 -0.867808
1 14 0.132704 -0.867808
2 14 0.122336 -0.865216
0 15 -0.186112 -0.862624
1 15 -0.186112 -0.865216
2 15 -0.19648 -0.862624
0 16 0.130112 -0.847072
1 16 0.130112 -0.849664
2 16 0.119744 -0.84448
0 17 0.150848 -0.841888
1 17 0.150848 -0.84448
2 17 0.14048 -0.839296
0 18 0.280448 -0.121312
1 18 0.277856 -0.116128
2 18 0.264896 -0.108352
0 19 0.17936 -0.758944
1 19 0.17936 -0.758944
2 19 0.168992 -0.75376
0 20 0.187136 -0.733024
1 20 0.187136 -0.735616
2 20 0.176768 -0.730432
0 21 0.135296 -0.735616
1 21 0.135296 -0.735616
2 21 0.122336 -0.730432
0 22 0.23336 -0.136
1 22 0.2312 -0.13168
2 22 0.21824 -0.123904
0 23 0.272154 -0.0793214
1 23 0.269043 -0.0731005
2 23 0.256602 -0.0637693
0 24 0.181952 -0.894246
1 24 0.181952 -0.894246
2 24 0.172621 -0.888026
0 25 -0.287718 -0.869363
1 25 -0.287718 -0.875584
2 25 -0.30016 -0.872474
0 26 0.157069 -0.894246
1 26 0.16018 -0.894246
2 26 0.147738 -0.888026
0 27 0.141517 -0.872474
1 27 0.141517 -0.875584
2 27 0.132186 -0.869363
0 28 -0.281497 -0.863142
1 28 -0.281497 -0.869363
2 28 -0.293939 -0.866253
0 29 -0.188185 -0.860032
1 29 -0.188185 -0.866253
2 29 -0.197517 -0.863142
0 30 0.132186 -0.866253
1 30 0.132186 -0.869363
2 30 0.122855 -0.863142
0 31 0.129075 -0.84759
1 31 0.132186 -0.850701
2 31 0.119744 -0.84448
0 32 0.147738 -0.84137
1 32 0.150848 -0.84448
2 32 0.138407 -0.838259
0 33 0.222388 -0.0917629
1 33 0.219277 -0.0886525
2 33 0.206836 -0.0793214
0 34 0.278375 -0.119757
1 34 0.275264 -0.116646
2 34 0.262823 -0.107315
0 35 0.134674 -0.753656
1 35 0.134674 -0.753656
2 35 0.122855 -0.748058
0 36 0.135296 -0.735616
1 36 0.134674 -0.738726
2 36 0.122855 -0.732506
0 37 0.284595 -0.188185
1 37 0.281485 -0.185075
2 37 0.269043 -0.175744
0 38 0.231719 -0.135309
1 38 0.231719 -0.129088
2 38 0.216167 -0.122867
0 39 0.272776 -0.0818097
1 39 0.269044 -0.0780772
2 39 0.257846 -0.0668797
0 40 -0.279631 -0.861898
1 40 -0.279631 -0.865631
2 40 -0.294561 -0.865631
0 41 0.130942 -0.850701
1 41 0.130942 -0.850701
2 41 0.119744 -0.846968
0 42 0.149604 -0.843236
1 42 0.149604 -0.843236
2 42 0.138407 -0.839503
0 43 0.142139 -0.761121
1 43 0.142139 -0.761121
2 43 0.130942 -0.757389
0 44 0.134674 -0.753656
1 44 0.134674 -0.753656
2 44 0.123477 -0.749924
0 45 0.186929 -0.734994
1 45 0.186929 -0.734994
2 45 0.175732 -0.731261
0 46 0.134674 -0.742459
1 46 0.134674 -0.738726
2 46 0.123477 -0.738726
0 47 0.134674 -0.742459
1 47 0.134674 -0.738726
2 47 0.123477 -0.731261
0 48 -0.0357758 -0.293939
1 48 -0.0407523 -0.298294
2 48 -0.0556823 -0.290829
