30
0 0 -0.61625 -0.2475
1 0 -0.619 -0.25
2 0 -0.63125 -0.2525
0 1 -0.8845 -0.5245
1 1 -0.88 -0.532
2 1 -0.8755 -0.538
0 2 -0.886 -0.5275
1 2 -0.88 -0.535
2 2 -0.8755 -0.541
0 3 -0.61625 -0.2475
1 3 -0.619 -0.25
2 3 -0.631 -0.2515
0 4 -0.508 -0.265
1 4 -0.511 -0.2665
2 4 -0.5215 -0.268
0 5 -0.5068 -0.2656
1 5 -0.5122 -0.2674
2 5 -0.5212 -0.2692
0 6 -0.7912 -0.5806
1 6 -0.784 -0.589
2 6 -0.7804 -0.5932
0 7 -0.6112 -0.250912
1 7 -0.61768 -0.25048
2 7 -0.62848 -0.25264
0 8 -0.50752 -0.2656
1 8 -0.51184 -0.26776
2 8 -0.52048 -0.26992
0 9 -0.80128 -0.58312
1 9 -0.79264 -0.59176
2 9 -0.78832 -0.59824
0 10 -0.79264 -0.58096
1 10 -0.784 -0.5896
2 10 -0.77968 -0.59392
0 11 -0.32608 -0.761536
1 11 -0.31312 -0.769312
2 11 -0.3088 -0.77536
0 12 -0.30664 -0.68464
1 12 -0.29368 -0.69328
2 12 -0.2872 -0.6976
0 13 0.137888 -0.279424
1 13 0.150848 -0.278387
2 13 0.161216 -0.279424
0 14 -0.32608 -0.761536
1 14 -0.31312 -0.769312
2 14 -0.305344 -0.777088
0 15 -0.803008 -0.582688
1 15 -0.79264 -0.590464
2 15 -0.790048 -0.595648
0 16 -0.50752 -0.266464
1 16 -0.510112 -0.269056
2 16 -0.52048 -0.271648
0 17 -0.89632 -0.525664
1 17 -0.891136 -0.53344
2 17 -0.885952 -0.538624
0 18 -0.6112 -0.250912
1 18 -0.618976 -0.250912
2 18 -0.629344 -0.253504
0 19 -0.508557 -0.265945
1 19 -0.511667 -0.269056
2 19 -0.520998 -0.269056
0 20 0.135296 -0.278387
1 20 0.150848 -0.278387
2 20 0.16018 -0.278387
0 21 -0.6112 -0.250393
1 21 -0.617421 -0.250393
2 21 -0.626752 -0.253504
0 22 -0.84448 -0.757389
1 22 -0.838259 -0.76672
2 22 -0.832038 -0.772941
0 23 -0.800934 -0.583206
1 23 -0.794714 -0.589427
2 23 -0.791603 -0.595648
0 24 -0.306381 -0.68896
1 24 -0.293939 -0.695181
2 24 -0.287718 -0.698291
0 25 -0.850701 -0.514777
1 25 -0.843236 -0.522242
2 25 -0.839503 -0.525975
0 26 -0.790981 -0.585695
1 26 -0.783516 -0.59316
2 26 -0.779784 -0.596892
0 27 0.134674 -0.279631
1 27 0.150848 -0.278387
2 27 0.157069 -0.279631
0 28 -0.305759 -0.690204
1 28 -0.294561 -0.697669
2 28 -0.287096 -0.701402
0 29 -0.320688 -0.761121
1 29 -0.312601 -0.76983
2 29 -0.302026 -0.776051
