53
0 0 -0.3235 -0.832
1 0 -0.313 -0.8275
2 0 -0.295 -0.8225
0 1 0.06625 -0.85625
1 1 0.0787501 -0.85125
2 1 0.0975001 -0.8475
0 2 -0.0459999 -0.8614
1 2 -0.0355 -0.8575
2 2 -0.0175 -0.85375
0 3 -0.0513999 -0.8578
1 3 -0.04 -0.855
2 3 -0.0234999 -0.8515
0 4 -0.33 -0.52625
1 4 -0.3265 -0.5185
2 4 -0.316 -0.508
0 5 -0.3235 -0.832
1 5 -0.313 -0.8275
2 5 -0.295 -0.823
0 6 0.3284 -0.9406
1 6 0.3446 -0.9388
2 6 0.368 -0.9352
0 7 -0.3268 -0.5194
1 7 -0.3214 -0.5104
2 7 -0.3106 -0.4996
0 8 -0.0207999 -0.8254
1 8 -0.00999991 -0.8218
2 8 0.00800012 -0.8164
0 9 -0.3232 -0.8326
1 9 -0.3124 -0.829
2 9 -0.2944 -0.8236
0 10 0.0656001 -0.8542
1 10 0.0782001 -0.8506
2 10 0.0962001 -0.847
0 11 -0.0513999 -0.8578
1 11 -0.0405999 -0.8542
2 11 -0.0225999 -0.8506
0 12 -0.0459999 -0.8614
1 12 -0.0351999 -0.8578
2 12 -0.0171999 -0.8542
0 13 -0.0409598 -0.71488
1 13 -0.0305918 -0.709696
2 13 -0.0128799 -0.70408
0 14 -0.0409599 -0.85528
1 14 -0.0279999 -0.85096
2 14 -0.0107199 -0.84664
0 15 -0.3232 -0.8326
1 15 -0.31312 -0.82936
2 15 -0.29584 -0.82504
0 16 -0.0459999 -0.8614
1 16 -0.0344798 -0.85744
2 16 -0.0171998 -0.85312
0 17 0.0735202 -0.86176
1 17 0.0872002 -0.8578
2 17 0.10592 -0.85528
0 18 0.0648802 -0.85312
1 18 0.0778402 -0.85096
2 18 0.0972801 -0.84664
0 19 -0.0539199 -0.85744
1 19 -0.0409599 -0.85312
2 19 -0.0236799 -0.8488
0 20 -0.17056 -0.0949599
1 20 -0.16408 -0.0841599
2 20 -0.15112 -0.0711999
0 21 -0.0419965 -0.713843
1 21 -0.0305918 -0.709696
2 21 -0.0124477 -0.704512
0 22 -0.0357758 -0.720064
1 22 -0.0233341 -0.716954
2 22 -0.00726376 -0.709696
0 23 -0.686368 -0.4168
1 23 -0.70192 -0.396064
2 23 -0.712288 -0.370144
0 24 -0.0202237 -0.826336
1 24 -0.00985578 -0.821152
2 24 0.00828826 -0.81856
0 25 -0.323488 -0.834112
1 25 -0.310528 -0.828928
2 25 -0.294976 -0.826336
0 26 -0.0228158 -0.839296
1 26 -0.00985578 -0.834112
2 26 0.00828826 -0.83152
0 27 0.0653123 -0.854848
1 27 0.0782722 -0.849664
2 27 0.0964162 -0.847072
0 28 -0.0409598 -0.854848
1 28 -0.0279998 -0.849664
2 28 -0.00985578 -0.847072
0 29 -0.0539199 -0.85744
1 29 -0.0409598 -0.852256
2 29 -0.0254078 -0.849664
0 30 -0.0452799 -0.8596
1 30 -0.0331838 -0.854848
2 30 -0.0150398 -0.852256
0 31 0.0735202 -0.86176
1 31 0.0860483 -0.85744
2 31 0.104192 -0.854848
0 32 -0.17056 -0.0949599
1 32 -0.16408 -0.0841599
2 32 -0.149824 -0.0720638
0 33 -0.0419965 -0.713843
1 33 -0.0305918 -0.709696
2 33 -0.0140029 -0.704512
0 34 -0.0357758 -0.720064
1 34 -0.0233341 -0.716954
2 34 -0.00778211 -0.710733
0 35 -0.686368 -0.4168
1 35 -0.70192 -0.396064
2 35 -0.710733 -0.371699
0 36 -0.0513278 -0.854848
1 36 -0.0419965 -0.850701
2 36 -0.0264446 -0.84759
0 37 -0.0419965 -0.853811
1 37 -0.0295549 -0.850701
2 37 -0.0108926 -0.84759
0 38 0.0637571 -0.853811
1 38 0.0761987 -0.850701
2 38 0.0948611 -0.84759
0 39 0.0419843 -0.838259
1 39 0.0544259 -0.835149
2 39 0.0730883 -0.832038
0 40 -0.0233341 -0.835149
1 40 -0.0108926 -0.835149
2 40 0.0077699 -0.828928
0 41 -0.320688 -0.835771
1 41 -0.309491 -0.828928
2 41 -0.290829 -0.825818
0 42 -0.293939 -0.835149
1 42 -0.284608 -0.832038
2 42 -0.265945 -0.825818
0 43 -0.0202237 -0.825818
1 43 -0.0108926 -0.822707
2 43 0.0077699 -0.819597
0 44 -0.17056 -0.0953918
1 44 -0.162784 -0.0850238
2 44 -0.150861 -0.0731005
0 45 -0.0419965 -0.713843
1 45 -0.0295549 -0.710733
2 45 -0.0108925 -0.705134
0 46 -0.294561 -0.835771
1 46 -0.283364 -0.832038
2 46 -0.268434 -0.828306
0 47 -0.0407523 -0.854433
1 47 -0.0295549 -0.850701
2 47 -0.0108925 -0.846968
0 48 0.0637571 -0.854433
1 48 0.0749546 -0.850701
2 48 0.093617 -0.846968
0 49 0.0413623 -0.839503
1 49 0.0525597 -0.835771
2 49 0.0712221 -0.832038
0 50 -0.320688 -0.835771
1 50 -0.309491 -0.828928
2 50 -0.294561 -0.828306
0 51 0.0600246 -0.723796
1 51 0.0712221 -0.720064
2 51 0.093617 -0.712599
0 52 -0.290829 -0.820841
1 52 -0.279631 -0.817108
2 52 -0.264701 -0.813376
