9
0 0 -0.86608 -0.10576
1 0 -0.8542 -0.0855999
2 0 -0.8416 -0.0819999
0 1 -0.78184 -0.86608
1 1 -0.68248 -0.85096
2 1 -0.5914 -0.856
0 2 -0.867808 -0.10576
1 2 -0.854848 -0.0876158
2 2 -0.84232 -0.0819998
0 3 -0.85312 -0.0409599
1 3 -0.838259 -0.0202237
2 3 -0.826336 -0.0202237
0 4 -0.748576 -0.71488
1 4 -0.655264 -0.707104
2 4 -0.564544 -0.712288
0 5 -0.866253 -0.107315
1 5 -0.854848 -0.0876158
2 5 -0.841888 -0.0824318
0 6 -0.852256 -0.0409598
1 6 -0.838259 -0.0202237
2 6 -0.825818 -0.0202237
0 7 -0.866253 -0.107315
1 7 -0.853811 -0.0886525
2 7 -0.84137 -0.0824317
0 8 -0.753656 -0.720064
1 8 -0.656612 -0.712599
2 8 -0.567032 -0.716331
