22
0 0 0.6416 -0.80128
1 0 0.6092 -0.802
2 0 0.6254 -0.8056
0 1 -0.3088 -0.71488
1 1 -0.361 -0.7354
2 1 -0.3628 -0.7534
0 2 0.6416 -0.80128
1 2 0.6092 -0.80128
2 2 0.62432 -0.8056
0 3 -0.11008 -0.83368
1 3 -0.15544 -0.85312
2 3 -0.15328 -0.86824
0 4 -0.11224 -0.86608
1 4 -0.1576 -0.88768
2 4 -0.15544 -0.9028
0 5 -0.121312 -0.85744
1 5 -0.165376 -0.878176
2 5 -0.165376 -0.893728
0 6 -0.11872 -0.862624
1 6 -0.162784 -0.885952
2 6 -0.160192 -0.901504
0 7 0.640736 -0.800416
1 7 0.609632 -0.800416
2 7 0.625184 -0.8056
0 8 0.0917507 -0.334374
1 8 0.0450947 -0.339351
2 8 0.0450947 -0.340595
0 9 -0.119757 -0.856922
1 9 -0.166413 -0.878694
2 9 -0.163302 -0.894246
0 10 0.285632 -0.8704
1 10 0.250381 -0.881805
2 10 0.256602 -0.894246
0 11 -0.113536 -0.84759
1 11 -0.160192 -0.869363
2 11 -0.157081 -0.884915
0 12 -0.290829 -0.654746
1 12 -0.346816 -0.673408
2 12 -0.346816 -0.68896
0 13 0.640736 -0.800416
1 13 0.609632 -0.800416
2 13 0.623629 -0.804045
0 14 -0.307936 -0.71488
1 14 -0.362368 -0.735616
2 14 -0.362368 -0.751168
0 15 -0.297049 -0.713843
1 15 -0.349926 -0.732506
2 15 -0.349926 -0.751168
0 16 -0.115402 -0.839503
1 16 -0.160192 -0.861898
2 16 -0.160192 -0.876828
0 17 -0.427686 -0.371699
1 17 -0.499848 -0.380408
2 17 -0.522242 -0.391606
0 18 0.50419 -0.156459
1 18 0.455668 -0.148994
2 18 0.4594 -0.137797
0 19 0.639181 -0.797824
1 19 0.608077 -0.800934
2 19 0.623629 -0.802178
0 20 0.0917507 -0.334374
1 20 0.0450947 -0.339351
2 20 0.0450947 -0.343083
0 21 -0.260969 -0.697669
1 21 -0.309491 -0.720064
2 21 -0.309491 -0.734994
