23
0 0 -0.625 -0.265
1 0 -0.6535 -0.262
2 0 -0.6745 -0.2695
0 1 -0.4675 -0.30125
1 1 -0.4855 -0.2995
2 1 -0.5035 -0.307
0 2 -0.6238 -0.2656
1 2 -0.65224 -0.26344
2 2 -0.6742 -0.271
0 3 -0.6238 -0.3502
1 3 -0.6454 -0.352
2 3 -0.6598 -0.3628
0 4 -0.4978 -0.3466
1 4 -0.51832 -0.34768
2 4 -0.5356 -0.35416
0 5 -0.61984 -0.6868
1 5 -0.61984 -0.6976
2 5 -0.6112 -0.7084
0 6 -0.63064 -0.69328
1 6 -0.6292 -0.7048
2 6 -0.622 -0.71488
0 7 -0.4816 -0.29152
1 7 -0.5032 -0.28936
2 7 -0.51832 -0.29584
0 8 -0.62416 -0.2656
1 8 -0.65224 -0.26344
2 8 -0.67384 -0.26992
0 9 -0.74512 -0.61768
1 9 -0.74944 -0.62848
2 9 -0.74296 -0.63928
0 10 -0.62416 -0.266464
1 10 -0.65008 -0.263872
2 10 -0.673408 -0.271648
0 11 -0.63064 -0.69328
1 11 -0.629344 -0.704512
2 11 -0.621568 -0.71488
0 12 -0.745984 -0.616384
1 12 -0.748576 -0.629344
2 12 -0.743392 -0.639712
0 13 -0.7408 -0.59824
1 13 -0.743392 -0.608608
2 13 -0.735616 -0.621568
0 14 -0.618976 -0.686368
1 14 -0.618976 -0.699328
2 14 -0.6112 -0.707104
0 15 -0.480563 -0.290829
1 15 -0.499225 -0.290829
2 15 -0.517888 -0.297049
0 16 -0.623641 -0.265945
1 16 -0.651635 -0.262835
2 16 -0.673408 -0.272166
0 17 -0.632973 -0.69207
1 17 -0.629862 -0.704512
2 17 -0.623641 -0.713843
0 18 -0.0902078 -0.852256
1 18 -0.0824317 -0.860032
2 18 -0.0699902 -0.863142
0 19 -0.626752 -0.350548
1 19 -0.649147 -0.350548
2 19 -0.664077 -0.361746
0 20 -0.623019 -0.268434
1 20 -0.649147 -0.268434
2 20 -0.671542 -0.275899
0 21 -0.634217 -0.690204
1 21 -0.634217 -0.701402
2 21 -0.623019 -0.712599
0 22 -0.619287 -0.690204
1 22 -0.619287 -0.701402
2 22 -0.611822 -0.708866
