24
0 0 -0.94375 -0.57125
1 0 -0.955 -0.58
2 0 -0.95375 -0.585
0 1 -0.676 -0.35632
1 1 -0.69328 -0.3628
2 1 -0.69976 -0.3628
0 2 -0.6328 -0.3412
1 2 -0.64792 -0.34768
2 2 -0.6544 -0.34768
0 3 -0.69976 -0.32608
1 3 -0.71704 -0.3304
2 3 -0.72352 -0.33256
0 4 -0.48592 -0.74944
1 4 -0.49456 -0.76024
2 4 -0.49672 -0.76672
0 5 -0.46648 -0.68032
1 5 -0.47296 -0.68896
2 5 -0.47512 -0.69544
0 6 -0.673408 -0.36496
1 6 -0.691552 -0.370144
2 6 -0.696736 -0.372736
0 7 -0.466048 -0.681184
1 7 -0.473824 -0.68896
2 7 -0.476416 -0.696736
0 8 -0.486784 -0.748576
1 8 -0.49456 -0.758944
2 8 -0.497152 -0.76672
0 9 -0.471232 -0.748576
1 9 -0.479008 -0.756352
2 9 -0.4816 -0.764128
0 10 -0.0482173 -0.324421
1 10 -0.0513278 -0.325043
2 10 -0.0482173 -0.328153
0 11 -0.676518 -0.356147
1 11 -0.69207 -0.362368
2 11 -0.698291 -0.362368
0 12 -0.632973 -0.343705
1 12 -0.648525 -0.346816
2 12 -0.654746 -0.349926
0 13 -0.486784 -0.748058
1 13 -0.493005 -0.757389
2 13 -0.496115 -0.76672
0 14 -0.632973 -0.331264
1 14 -0.648525 -0.334374
2 14 -0.654746 -0.337485
0 15 -0.468121 -0.682739
1 15 -0.474342 -0.68896
2 15 -0.477453 -0.698291
0 16 -0.427686 -0.732506
1 16 -0.437017 -0.741837
2 16 -0.440128 -0.748058
0 17 -0.480563 -0.682739
1 17 -0.486784 -0.69207
2 17 -0.489894 -0.698291
0 18 -0.481185 -0.749924
1 18 -0.492383 -0.757389
2 18 -0.496115 -0.764854
0 19 -0.469988 -0.746191
1 19 -0.477453 -0.757389
2 19 -0.481185 -0.764854
0 20 -0.47372 -0.682739
1 20 -0.477453 -0.693937
2 20 -0.481185 -0.697669
0 21 -0.42893 -0.731261
1 21 -0.436395 -0.742459
2 21 -0.440128 -0.746191
0 22 -0.634217 -0.331886
1 22 -0.649147 -0.339351
2 22 -0.656612 -0.339351
0 23 -0.462523 -0.734994
1 23 -0.469988 -0.746191
2 23 -0.47372 -0.753656
