10
0 0 0.1664 -0.65656
1 0 0.17288 -0.6544
2 0 0.22472 -0.64792
0 1 -0.37792 -0.852256
1 1 -0.380512 -0.85744
2 1 -0.336448 -0.860032
0 2 0.0575363 -0.655264
1 2 0.0601283 -0.655264
2 2 0.109376 -0.65008
0 3 -0.2224 -0.629344
1 3 -0.2224 -0.631936
2 3 -0.178336 -0.629344
0 4 0.161216 -0.668224
1 4 0.1664 -0.665632
2 4 0.21824 -0.660448
0 5 0.0575363 -0.654746
1 5 0.0606467 -0.654746
2 5 0.110413 -0.648525
0 6 -0.269056 -0.617421
1 6 -0.272166 -0.620531
2 6 -0.22551 -0.617421
0 7 -0.125977 -0.564544
1 7 -0.125977 -0.564544
2 7 -0.0824317 -0.561433
0 8 0.0513155 -0.626752
1 8 0.0606467 -0.623641
2 8 0.107303 -0.620531
0 9 -0.169523 -0.561433
1 9 -0.172633 -0.561433
2 9 -0.129088 -0.558323
