23
0 0 -0.2515 -0.5965
1 0 -0.214624 -0.634528
2 0 -0.166 -0.6535
0 1 -0.254167 -0.592708
1 1 -0.216179 -0.632973
2 1 -0.1666 -0.6526
0 2 -0.2625 -0.72
1 2 -0.21592 -0.6328
2 2 -0.163 -0.6598
0 3 -0.163302 -0.891136
1 3 -0.1345 -0.7585
2 3 -0.0819999 -0.7858
0 4 -0.502336 -0.686368
1 4 -0.46864 -0.722656
2 4 -0.41032 -0.74728
0 5 -0.250393 -0.601869
1 5 -0.216179 -0.632973
2 5 -0.16624 -0.6544
0 6 -0.250912 -0.600832
1 6 -0.216179 -0.634217
2 6 -0.16624 -0.65872
0 7 -0.294561 -0.0444848
1 7 -0.260969 -0.0780772
2 7 -0.212032 -0.103168
0 8 -0.162784 -0.606016
1 8 -0.130332 -0.641682
2 8 -0.0746558 -0.665632
0 9 -0.294561 -0.0444848
1 9 -0.260969 -0.0780772
2 9 -0.213069 -0.101094
0 10 -0.250393 -0.601869
1 10 -0.216179 -0.632973
2 10 -0.163302 -0.657856
0 11 -0.162784 -0.606016
1 11 -0.130332 -0.641682
2 11 -0.076211 -0.667187
0 12 -0.502336 -0.68585
1 12 -0.468121 -0.723174
2 12 -0.412134 -0.748058
0 13 -0.244173 -0.698291
1 13 -0.209958 -0.729395
2 13 -0.157081 -0.760499
0 14 -0.262835 -0.720064
1 14 -0.2224 -0.751168
2 14 -0.172633 -0.782272
0 15 -0.0855422 -0.757389
1 15 -0.0513278 -0.791603
2 15 0.00465946 -0.822707
0 16 -0.152727 -0.59316
1 16 -0.116646 -0.626752
2 16 -0.0668798 -0.648525
0 17 -0.297049 -0.045107
1 17 -0.260969 -0.0780772
2 17 -0.216179 -0.100472
0 18 -0.152727 -0.59316
1 18 -0.116646 -0.626752
2 18 -0.0668797 -0.649147
0 19 -0.249771 -0.604357
1 19 -0.216179 -0.634217
2 19 -0.163924 -0.660344
0 20 -0.163924 -0.608089
1 20 -0.130332 -0.641682
2 20 -0.0743447 -0.667809
0 21 -0.499848 -0.675274
1 21 -0.462523 -0.712599
2 21 -0.410268 -0.738726
0 22 -0.50358 -0.686472
1 22 -0.469988 -0.723796
2 22 -0.414 -0.749924
