36
0 0 -0.89125 -0.8175
1 0 -0.795 -0.81
2 0 -0.682292 -0.801042
0 1 -0.54375 -0.30125
1 1 -0.466 -0.2965
2 1 -0.373 -0.2935
0 2 -0.6364 -0.9352
1 2 -0.5482 -0.9226
2 2 -0.4402 -0.9118
0 3 -0.4525 -0.88
1 3 -0.361 -0.8686
2 3 -0.2602 -0.8578
0 4 -0.43624 -0.8812
1 4 -0.34984 -0.86824
2 4 -0.2512 -0.8578
0 5 -0.544 -0.301
1 5 -0.466 -0.2965
2 5 -0.3718 -0.2944
0 6 -0.6364 -0.9352
1 6 -0.55072 -0.9244
2 6 -0.44056 -0.91144
0 7 -0.447904 -0.880768
1 7 -0.36064 -0.86824
2 7 -0.25912 -0.85744
0 8 -0.437536 -0.880768
1 8 -0.349408 -0.867808
2 8 -0.25264 -0.85744
0 9 -0.5464 -0.30232
1 9 -0.4654 -0.2962
2 9 -0.3736 -0.29368
0 10 -0.21808 -0.20296
1 10 -0.14248 -0.19
2 10 -0.0603999 -0.17488
0 11 -0.447904 -0.880768
1 11 -0.359776 -0.867808
2 11 -0.258688 -0.85744
0 12 -0.437536 -0.880768
1 12 -0.349408 -0.867808
2 12 -0.253504 -0.85744
0 13 -0.458272 -0.862624
1 13 -0.374809 -0.853811
2 13 -0.27424 -0.841888
0 14 -0.891136 -0.813376
1 14 -0.794714 -0.804045
2 14 -0.678592 -0.795232
0 15 -0.452569 -0.754278
1 15 -0.362368 -0.743392
2 15 -0.263872 -0.730432
0 16 -0.406432 -0.745984
1 16 -0.325043 -0.735616
2 16 -0.224992 -0.722656
0 17 -0.449459 -0.741837
1 17 -0.359776 -0.733024
2 17 -0.263872 -0.720064
0 18 -0.263872 -0.23536
1 18 -0.186112 -0.224992
2 18 -0.10576 -0.212032
0 19 -0.437017 -0.881805
1 19 -0.359776 -0.867808
2 19 -0.253504 -0.856922
0 20 -0.452569 -0.878694
1 20 -0.359257 -0.866253
2 20 -0.259725 -0.856922
0 21 -0.449459 -0.741837
1 21 -0.362368 -0.732506
2 21 -0.262835 -0.720064
0 22 -0.409024 -0.748058
1 22 -0.325043 -0.735616
2 22 -0.22551 -0.723174
0 23 -0.891136 -0.813376
1 23 -0.794714 -0.804045
2 23 -0.676518 -0.794714
0 24 -0.446349 -0.76672
1 24 -0.359257 -0.757389
2 24 -0.259725 -0.744947
0 25 -0.262835 -0.234841
1 25 -0.191296 -0.2224
2 25 -0.107315 -0.209958
0 26 -0.54837 -0.302026
1 26 -0.469988 -0.298294
2 26 -0.374809 -0.290829
0 27 -0.22551 -0.244173
1 27 -0.150861 -0.231731
2 27 -0.0668798 -0.216179
0 28 -0.440128 -0.880561
1 28 -0.361746 -0.869363
2 28 -0.253504 -0.858166
0 29 -0.440128 -0.880561
1 29 -0.361746 -0.869363
2 29 -0.260969 -0.858166
0 30 -0.447593 -0.742459
1 30 -0.362368 -0.732506
2 30 -0.264701 -0.720064
0 31 -0.47372 -0.850701
1 31 -0.380408 -0.839503
2 31 -0.283364 -0.828306
0 32 -0.469988 -0.839503
1 32 -0.384141 -0.832038
2 32 -0.283364 -0.820841
0 33 -0.47372 -0.858166
1 33 -0.384141 -0.846968
2 33 -0.283364 -0.835771
0 34 -0.193784 -0.316956
1 34 -0.119134 -0.305759
2 34 -0.0332874 -0.287096
0 35 -0.54837 -0.302026
1 35 -0.469988 -0.298294
2 35 -0.376676 -0.294561
