49
0 0 0.16875 -0.6875
1 0 0.1875 -0.69125
2 0 0.21125 -0.6975
0 1 -0.11625 -0.60375
1 1 -0.1025 -0.61125
2 1 -0.08625 -0.6175
0 2 -0.1234 -0.7444
1 2 -0.1075 -0.755
2 2 -0.0895 -0.763
0 3 -0.0999999 -0.8812
1 3 -0.0805 -0.895
2 3 -0.0609999 -0.9025
0 4 -0.0819999 -0.8308
1 4 -0.0657999 -0.8416
2 4 -0.0475 -0.85
0 5 -0.11625 -0.60375
1 5 -0.1025 -0.61125
2 5 -0.0865 -0.6175
0 6 -0.0981999 -0.829
1 6 -0.079 -0.8395
2 6 -0.0609999 -0.85
0 7 0.39752 -0.91792
1 7 0.4274 -0.9208
2 7 0.458 -0.928
0 8 -0.0841599 -0.83152
1 8 -0.0668798 -0.84232
2 8 -0.0477999 -0.8506
0 9 -0.1306 -0.7444
1 9 -0.1144 -0.75376
2 9 -0.0981999 -0.7624
0 10 -0.1162 -0.604
1 10 -0.1025 -0.61125
2 10 -0.0855999 -0.6184
0 11 -0.1234 -0.7444
1 11 -0.10792 -0.75376
2 11 -0.0909999 -0.7624
0 12 -0.0873999 -0.883
1 12 -0.0675999 -0.8956
2 12 -0.0495999 -0.9046
0 13 -0.0999999 -0.8812
1 13 -0.0801999 -0.892
2 13 -0.0621999 -0.9028
0 14 -0.0979838 -0.880768
1 14 -0.0798399 -0.89416
2 14 -0.0603999 -0.90496
0 15 -0.0863199 -0.88336
1 15 -0.0690399 -0.89416
2 15 -0.0495998 -0.90496
0 16 -0.0841599 -0.83152
1 16 -0.0668798 -0.84232
2 16 -0.0474399 -0.85096
0 17 -0.116128 -0.606016
1 17 -0.10144 -0.6112
2 17 -0.0863199 -0.61984
0 18 -0.0344798 -0.73
1 18 -0.0193598 -0.73864
2 18 8.01722e-05 -0.74512
0 19 -0.1234 -0.7444
1 19 -0.10792 -0.75376
2 19 -0.0906399 -0.7624
0 20 -0.0279999 -0.4816
1 20 -0.0150399 -0.48592
2 20 0.00224012 -0.48808
0 21 -0.2116 -0.0189999
1 21 -0.2116 -0.0189999
2 21 -0.20296 -0.0171998
0 22 -0.0357758 -0.709696
1 22 -0.0176318 -0.717472
2 22 0.00051225 -0.725248
0 23 -0.0979838 -0.880768
1 23 -0.0798399 -0.89416
2 23 -0.0591038 -0.904096
0 24 -0.0979838 -0.71488
1 24 -0.0824318 -0.722656
2 24 -0.0642878 -0.730432
0 25 -0.0409598 -0.725248
1 25 -0.0228158 -0.733024
2 25 -0.00467173 -0.7408
0 26 -0.0357758 -0.730432
1 26 -0.0176318 -0.738208
2 26 0.00051225 -0.745984
0 27 -0.0841599 -0.83152
1 27 -0.0668798 -0.841888
2 27 -0.0487357 -0.852256
0 28 -0.0876158 -0.88336
1 28 -0.0690399 -0.89416
2 28 -0.0487357 -0.904096
0 29 -0.116128 -0.606016
1 29 -0.101094 -0.61431
2 29 -0.0850238 -0.618976
0 30 0.1664 -0.686368
1 30 0.187136 -0.68896
2 30 0.210464 -0.696736
0 31 -0.0254078 -0.4816
1 31 -0.0124477 -0.486784
2 31 0.00310421 -0.489376
0 32 -0.209958 -0.0202237
1 32 -0.2116 -0.0193598
2 32 -0.201664 -0.0176318
0 33 -0.0886525 -0.881805
1 33 -0.0699902 -0.894246
2 33 -0.0513278 -0.903578
0 34 -0.0855422 -0.832038
1 34 -0.0668798 -0.84448
2 34 -0.0482173 -0.853811
0 35 -0.0979837 -0.881805
1 35 -0.0793214 -0.894246
2 35 -0.060659 -0.903578
0 36 -0.0140029 -0.598758
1 36 0.00154908 -0.604979
2 36 0.0202115 -0.6112
0 37 -0.122867 -0.741837
1 37 -0.107315 -0.751168
2 37 -0.0886525 -0.760499
0 38 -0.116646 -0.604979
1 38 -0.101094 -0.61431
2 38 -0.0855422 -0.620531
0 39 -0.0140029 -0.486784
1 39 -0.00156136 -0.489894
2 39 0.0171011 -0.496115
0 40 -0.0979837 -0.832038
1 40 -0.0793214 -0.84448
2 40 -0.060659 -0.853811
0 41 -0.209958 -0.0202237
1 41 -0.212446 -0.02209
2 41 -0.203737 -0.0171134
0 42 -0.208714 -0.0108925
1 42 -0.213069 -0.0108926
2 42 -0.203737 -0.00778211
0 43 -0.014625 -0.600625
1 43 0.000304921 -0.604357
2 43 0.0189673 -0.611822
0 44 -0.115402 -0.608089
1 44 -0.100472 -0.615554
2 44 -0.0855421 -0.623019
0 45 -0.0967396 -0.720064
1 45 -0.0818097 -0.727529
2 45 -0.0631472 -0.734994
0 46 -0.122867 -0.742459
1 46 -0.104205 -0.749924
2 46 -0.0892746 -0.761121
0 47 -0.209958 -0.0202237
1 47 -0.212446 -0.02209
2 47 -0.201249 -0.02209
0 48 -0.014625 -0.492383
1 48 -0.00342757 -0.496115
2 48 0.0152349 -0.499848
