42
0 0 -0.00124995 -0.88875
1 0 0.00500005 -0.889
2 0 0.00750001 -0.88375
0 1 -0.33875 -0.87
1 1 -0.335 -0.87125
2 1 -0.335 -0.86375
0 2 0.45 -0.925
1 2 0.465 -0.925
2 2 0.475 -0.92
0 3 0.581 -0.901
1 3 0.599 -0.898
2 3 0.6125 -0.8935
0 4 -0.000999959 -0.889
1 4 0.00500005 -0.889
2 4 0.00800006 -0.883
0 5 0.449 -0.925
1 5 0.464 -0.925
2 5 0.4745 -0.9205
0 6 0.1595 -0.88
1 6 0.1685 -0.8785
2 6 0.173 -0.874
0 7 -0.00819988 -0.6724
1 7 -0.00279992 -0.6688
2 7 -0.00249996 -0.6595
0 8 0.2798 -0.928
1 8 0.2906 -0.928
2 8 0.2978 -0.9226
0 9 0.4436 -0.9442
1 9 0.458 -0.9424
2 9 0.4688 -0.9388
0 10 0.2816 -0.9406
1 10 0.2924 -0.9388
2 10 0.2996 -0.9352
0 11 -0.631 -0.2872
1 11 -0.6562 -0.28
2 11 -0.6796 -0.2674
0 12 0.449 -0.9244
1 12 0.4634 -0.9244
2 12 0.4742 -0.919
0 13 -0.000999896 -0.8884
1 13 0.00500005 -0.889
2 13 0.00800012 -0.883
0 14 -0.63064 -0.2872
1 14 -0.6562 -0.28
2 14 -0.67816 -0.26776
0 15 0.32408 -0.92872
1 15 0.33488 -0.92872
2 15 0.34352 -0.9244
0 16 0.0260002 -0.86176
1 16 0.0324802 -0.86176
2 16 0.0346401 -0.85528
0 17 -0.3808 -0.874
1 17 -0.3772 -0.874
2 17 -0.37792 -0.86824
0 18 0.15992 -0.87904
1 18 0.16856 -0.87688
2 18 0.17504 -0.8704
0 19 -0.00985578 -0.676
1 19 -0.00639992 -0.6706
2 19 -0.00207984 -0.66304
0 20 0.54872 -0.88984
1 20 0.56384 -0.88768
2 20 0.5768 -0.8812
0 21 -0.0171998 -0.89416
1 21 -0.0107199 -0.89416
2 21 -0.00639985 -0.88768
0 22 0.15128 -0.65008
1 22 0.15992 -0.64576
2 22 0.16424 -0.63712
0 23 -0.626752 -0.289792
1 23 -0.655264 -0.282016
2 23 -0.678592 -0.269056
0 24 -0.336448 -0.865216
1 24 -0.333856 -0.865216
2 24 -0.333856 -0.85744
0 25 0.500768 -0.88336
1 25 0.513728 -0.880768
2 25 0.526688 -0.875584
0 26 -0.00985578 -0.676
1 26 -0.00467173 -0.670816
2 26 -0.00207977 -0.66304
0 27 0.150848 -0.65008
1 27 0.158624 -0.644896
2 27 0.163808 -0.63712
0 28 0.0264323 -0.860032
1 28 0.032653 -0.860032
2 28 0.0357635 -0.853811
0 29 -0.343705 -0.872474
1 29 -0.340595 -0.875584
2 29 -0.340595 -0.866253
0 30 -0.38103 -0.875584
1 30 -0.37792 -0.878694
2 30 -0.37792 -0.869363
0 31 -0.629862 -0.287718
1 31 -0.654746 -0.281497
2 31 -0.676518 -0.269056
0 32 -0.0108926 -0.676518
1 32 -0.00467173 -0.673408
2 32 -0.00156136 -0.664077
0 33 0.499213 -0.881805
1 33 0.511655 -0.881805
2 33 0.524096 -0.875584
0 34 -0.00156136 -0.888026
1 34 0.00465946 -0.888026
2 34 0.0077699 -0.881805
0 35 -0.626752 -0.290829
1 35 -0.652879 -0.283364
2 35 -0.675274 -0.272166
0 36 -0.337485 -0.863142
1 36 -0.335618 -0.865631
2 36 -0.335618 -0.858166
0 37 -0.0108925 -0.679007
1 37 -0.00342757 -0.675274
2 37 -0.00342757 -0.671542
0 38 -0.380408 -0.876828
1 38 -0.376676 -0.880561
2 38 -0.376676 -0.873096
0 39 0.0264323 -0.843236
1 39 0.0338973 -0.839503
2 39 0.0376298 -0.835771
0 40 -0.0108925 -0.679007
1 40 -0.00342757 -0.675274
2 40 -0.00342757 -0.664077
0 41 0.157069 -0.876828
1 41 0.168267 -0.876828
2 41 0.171999 -0.873096
