47
0 0 -0.261458 -0.885417
1 0 -0.266667 -0.896875
2 0 -0.273958 -0.905208
0 1 -0.294792 -0.872917
1 1 -0.301042 -0.883333
2 1 -0.308333 -0.891667
0 2 -0.26125 -0.885
1 2 -0.2675 -0.89625
2 2 -0.27375 -0.905
0 3 -0.7156 -0.865
1 3 -0.727 -0.871
2 3 -0.7444 -0.8776
0 4 -0.33472 -0.9136
1 4 -0.3412 -0.9244
2 4 -0.34984 -0.93304
0 5 -0.76456 -0.86176
1 5 -0.7768 -0.8686
2 5 -0.7948 -0.87472
0 6 -0.720064 -0.862624
1 6 -0.733024 -0.8704
2 6 -0.74728 -0.87472
0 7 -0.75376 -0.892
1 7 -0.76672 -0.89848
2 7 -0.784 -0.90496
0 8 -0.28288 -0.88552
1 8 -0.28936 -0.89632
2 8 -0.298 -0.90496
0 9 -0.25264 -0.87472
1 9 -0.25912 -0.88552
2 9 -0.2656 -0.89416
0 10 0.16208 -0.84232
1 10 0.16208 -0.85744
2 10 0.16208 -0.86824
0 11 -0.717472 -0.867808
1 11 -0.7282 -0.8722
2 11 -0.74512 -0.87904
0 12 -0.57016 -0.34552
1 12 -0.57664 -0.34552
2 12 -0.58744 -0.34552
0 13 -0.43624 -0.34552
1 13 -0.440128 -0.346816
2 13 -0.44704 -0.34768
0 14 -0.75376 -0.891136
1 14 -0.76672 -0.898912
2 14 -0.782272 -0.904096
0 15 0.106784 -0.81856
1 15 0.106784 -0.834112
2 15 0.104192 -0.84448
0 16 -0.720064 -0.862624
1 16 -0.733024 -0.8704
2 16 -0.748576 -0.875584
0 17 0.14048 -0.815968
1 17 0.143072 -0.83152
2 17 0.14048 -0.841888
0 18 -0.717472 -0.867808
1 18 -0.729395 -0.875584
2 18 -0.745984 -0.880768
0 19 0.1016 -0.826336
1 19 0.1016 -0.841888
2 19 0.0990083 -0.852256
0 20 0.185063 -0.813376
1 20 0.188173 -0.828928
2 20 0.185063 -0.838259
0 21 -0.726285 -0.860032
1 21 -0.738726 -0.866253
2 21 -0.754278 -0.872474
0 22 -0.570765 -0.343705
1 22 -0.576985 -0.343705
2 22 -0.586317 -0.343705
0 23 0.104192 -0.869363
1 23 0.104192 -0.884915
2 23 0.101082 -0.894246
0 24 0.132186 -0.866253
1 24 0.132186 -0.881805
2 24 0.132186 -0.894246
0 25 0.191284 -0.816486
1 25 0.194394 -0.832038
2 25 0.191284 -0.84448
0 26 -0.800934 -0.869363
1 26 -0.813376 -0.875584
2 26 -0.832038 -0.881805
0 27 -0.716954 -0.869363
1 27 -0.729395 -0.875584
2 27 -0.744947 -0.878694
0 28 -0.76672 -0.863142
1 28 -0.782272 -0.872474
2 28 -0.797824 -0.875584
0 29 -0.751168 -0.863142
1 29 -0.76361 -0.869363
2 29 -0.779162 -0.875584
0 30 0.138407 -0.816486
1 30 0.141517 -0.832038
2 30 0.138407 -0.84137
0 31 0.138407 -0.84759
1 31 0.138407 -0.863142
2 31 0.135296 -0.872474
0 32 -0.570765 -0.346816
1 32 -0.574497 -0.346816
2 32 -0.585695 -0.346816
0 33 -0.440128 -0.346816
1 33 -0.44386 -0.350548
2 33 -0.451325 -0.350548
0 34 -0.790981 -0.865631
1 34 -0.805911 -0.869363
2 34 -0.824573 -0.876828
0 35 -0.768586 -0.865631
1 35 -0.783516 -0.873096
2 35 -0.798446 -0.876828
0 36 -0.749924 -0.865631
1 36 -0.761121 -0.869363
2 36 -0.779784 -0.876828
0 37 -0.720064 -0.863142
1 37 -0.731261 -0.876828
2 37 -0.749924 -0.876828
0 38 0.138407 -0.850701
1 38 0.138407 -0.865631
2 38 0.138407 -0.876828
0 39 0.183197 -0.813376
1 39 0.186929 -0.828306
2 39 0.186929 -0.839503
0 40 0.191284 -0.816486
1 40 0.194394 -0.832038
2 40 0.194394 -0.843236
0 41 0.157069 -0.817108
1 41 0.157069 -0.832038
2 41 0.157069 -0.843236
0 42 0.112279 -0.817108
1 42 0.112279 -0.832038
2 42 0.112279 -0.843236
0 43 0.101082 -0.828306
1 43 0.101082 -0.843236
2 43 0.101082 -0.854433
0 44 0.104814 -0.820841
1 44 0.104814 -0.835771
2 44 0.104814 -0.846968
0 45 0.198126 -0.828306
1 45 0.198126 -0.843236
2 45 0.198126 -0.854433
0 46 -0.466255 -0.690204
1 46 -0.477453 -0.690204
2 46 -0.484918 -0.697669
