32
0 0 -0.5338 -0.9118
1 0 -0.4942 -0.9226
2 0 -0.442 -0.9244
0 1 -0.61768 -0.37792
1 1 -0.586317 -0.371699
2 1 -0.5662 -0.3502
0 2 -0.53344 -0.91144
1 2 -0.49456 -0.92224
2 2 -0.44272 -0.9244
0 3 0.00051225 -0.852256
1 3 0.0562401 -0.85528
2 3 0.1124 -0.85744
0 4 -0.0409599 -0.82936
1 4 0.0173601 -0.83152
2 4 0.0713601 -0.83152
0 5 -0.616384 -0.37792
1 5 -0.586317 -0.371699
2 5 -0.56584 -0.34984
0 6 -0.0323199 -0.71272
1 6 0.0216801 -0.71056
2 6 0.0778402 -0.71272
0 7 0.137888 -0.136864
1 7 0.181952 -0.123904
2 7 0.2312 -0.116128
0 8 -0.0193598 -0.85312
1 8 0.0419842 -0.854848
2 8 0.0990083 -0.85744
0 9 -0.333856 -0.813376
1 9 -0.27424 -0.821152
2 9 -0.2224 -0.821152
0 10 -0.4168 -0.8056
1 10 -0.367552 -0.813376
2 10 -0.307936 -0.813376
0 11 0.0964162 -0.180928
1 11 0.14048 -0.17056
2 11 0.189728 -0.162784
0 12 -0.0323199 -0.71272
1 12 0.0212482 -0.712288
2 12 0.0782722 -0.712288
0 13 -0.616384 -0.37792
1 13 -0.586317 -0.371699
2 13 -0.564544 -0.352
0 14 -0.616384 -0.37792
1 14 -0.586317 -0.371699
2 14 -0.564544 -0.349926
0 15 -0.00156136 -0.850701
1 15 0.0575363 -0.853811
2 15 0.113523 -0.856922
0 16 -0.421465 -0.810266
1 16 -0.372736 -0.81856
2 16 -0.312601 -0.819597
0 17 -0.415245 -0.804045
1 17 -0.362368 -0.813376
2 17 -0.306381 -0.813376
0 18 -0.0264446 -0.807155
1 18 0.0301648 -0.805911
2 18 0.0886403 -0.810266
0 19 0.0948611 -0.178854
1 19 0.141517 -0.169523
2 19 0.191284 -0.160192
0 20 -0.163302 -0.293939
1 20 -0.119757 -0.293939
2 20 -0.0699902 -0.290829
0 21 -0.00156136 -0.850701
1 21 0.0513155 -0.853811
2 21 0.112279 -0.854433
0 22 -0.0295549 -0.839503
1 22 0.0301648 -0.839503
2 22 0.0824195 -0.843236
0 23 -0.0407523 -0.828306
1 23 0.0139907 -0.825818
2 23 0.0712221 -0.832038
0 24 -0.0407523 -0.813376
1 24 0.0152349 -0.817108
2 24 0.0712221 -0.817108
0 25 -0.415245 -0.804045
1 25 -0.365478 -0.813376
2 25 -0.305759 -0.813376
0 26 -0.0258224 -0.805911
1 26 0.0301648 -0.805911
2 26 0.086152 -0.809643
0 27 -0.0295549 -0.716331
1 27 0.0264323 -0.716331
2 27 0.078687 -0.716331
0 28 0.0115024 -0.716331
1 28 0.0637571 -0.716331
2 28 0.123477 -0.716331
0 29 0.145872 -0.249771
1 29 0.194394 -0.238574
2 29 0.242916 -0.227376
0 30 0.0973494 -0.182587
1 30 0.142139 -0.171389
2 30 0.194394 -0.160192
0 31 -0.616384 -0.37792
1 31 -0.586317 -0.371699
2 31 -0.5633 -0.354281
