32
0 0 0.34625 -0.67
1 0 0.35875 -0.6725
2 0 0.37125 -0.6475
0 1 -0.00459989 -0.7858
1 1 0.00200005 -0.7915
2 1 0.00800012 -0.7696
0 2 0.1124 -0.451
1 2 0.1214 -0.4492
2 2 0.1286 -0.4222
0 3 8.01722e-05 -0.61336
1 3 0.0077699 -0.61431
2 3 0.0116001 -0.5914
0 4 0.35432 -0.67168
1 4 0.36728 -0.67384
2 4 0.38024 -0.65008
0 5 0.0238401 -0.76456
1 5 0.0303202 -0.76888
2 5 0.0368001 -0.74728
0 6 0.12968 -0.59824
1 6 0.13832 -0.59824
2 6 0.14696 -0.57448
0 7 0.0404001 -0.892
1 7 0.0476002 -0.89848
2 7 0.0540801 -0.87904
0 8 0.0238403 -0.738208
1 8 0.0316163 -0.743392
2 8 0.0368003 -0.720064
0 9 0.0575363 -0.891136
1 9 0.0653123 -0.89632
2 9 0.0730882 -0.878176
0 10 0.00051225 -0.784864
1 10 0.00828826 -0.790048
2 10 0.0134722 -0.769312
0 11 0.340064 -0.665632
1 11 0.353024 -0.668224
2 11 0.365984 -0.642304
0 12 0.111968 -0.453088
1 12 0.119744 -0.450496
2 12 0.12752 -0.421984
0 13 0.00051225 -0.613792
1 13 0.0077699 -0.61431
2 13 0.0134722 -0.590464
0 14 0.0419842 -0.893728
1 14 0.0471682 -0.898912
2 14 0.0549442 -0.878176
0 15 0.0295427 -0.757389
1 15 0.0357635 -0.760499
2 15 0.0419843 -0.738726
0 16 0.104192 -0.754278
1 16 0.110413 -0.757389
2 16 0.119744 -0.735616
0 17 0.00154908 -0.782272
1 17 0.0077699 -0.788493
2 17 0.0139907 -0.76672
0 18 0.0233219 -0.738726
1 18 0.0295427 -0.741837
2 18 0.0357635 -0.720064
0 19 0.110413 -0.760499
1 19 0.116634 -0.76361
2 19 0.125965 -0.741837
0 20 0.104192 -0.452569
1 20 0.110413 -0.452569
2 20 0.119744 -0.421465
0 21 0.00051225 -0.613792
1 21 0.0077699 -0.61431
2 21 0.0108803 -0.592537
0 22 0.0419843 -0.894246
1 22 0.0482051 -0.900467
2 22 0.0544259 -0.878694
0 23 0.110413 -0.452569
1 23 0.119744 -0.452569
2 23 0.125965 -0.421465
0 24 0.368576 -0.68585
1 24 0.384128 -0.68896
2 24 0.39657 -0.664077
0 25 0.0226998 -0.764854
1 25 0.0301648 -0.768586
2 25 0.0376298 -0.746191
0 26 0.000304921 -0.783516
1 26 0.0077699 -0.787249
2 26 0.0152349 -0.764854
0 27 0.0226998 -0.738726
1 27 0.0301648 -0.742459
2 27 0.0376298 -0.720064
0 28 0.0301648 -0.746191
1 28 0.0376298 -0.749924
2 28 0.0450947 -0.727529
0 29 0.369821 -0.686472
1 29 0.381018 -0.690204
2 29 0.395948 -0.664077
0 30 0.108547 -0.734994
1 30 0.116012 -0.738726
2 30 0.127209 -0.716331
0 31 0.0575363 -0.891136
1 31 0.0637571 -0.900467
2 31 0.0712221 -0.880561
