18
0 0 0.1214 -0.4492
1 0 0.1286 -0.4222
2 0 0.1376 -0.4042
0 1 0.00828826 -0.790048
1 1 0.0134722 -0.769312
2 1 0.0238403 -0.758944
0 2 0.119744 -0.450496
1 2 0.12752 -0.421984
2 2 0.135296 -0.406432
0 3 0.0077699 -0.61431
1 3 0.0134722 -0.590464
2 3 0.0212482 -0.577504
0 4 0.119744 -0.452569
1 4 0.125965 -0.421465
2 4 0.135296 -0.405913
0 5 0.0295427 -0.76983
1 5 0.0357635 -0.748058
2 5 0.0450947 -0.738726
0 6 0.0357635 -0.760499
1 6 0.0419843 -0.738726
2 6 0.0513155 -0.729395
0 7 0.137888 -0.59824
1 7 0.144628 -0.573875
2 7 0.153959 -0.558323
0 8 0.0077699 -0.788493
1 8 0.0139907 -0.76672
2 8 0.0233219 -0.757389
0 9 0.0295427 -0.741837
1 9 0.0357635 -0.720064
2 9 0.0450947 -0.710733
0 10 0.0077699 -0.61431
1 10 0.0108803 -0.592537
2 10 0.0202115 -0.576985
0 11 0.0637571 -0.900467
1 11 0.0730882 -0.878176
2 11 0.0824195 -0.872474
0 12 0.384128 -0.68896
1 12 0.39657 -0.664077
2 12 0.412122 -0.651635
0 13 0.110413 -0.452569
1 13 0.119744 -0.421465
2 13 0.125965 -0.405913
0 14 0.0637571 -0.900467
1 14 0.0712221 -0.880561
2 14 0.0824195 -0.873096
0 15 0.0301648 -0.768586
1 15 0.0376298 -0.746191
2 15 0.0450947 -0.738726
0 16 0.0376298 -0.749924
1 16 0.0450947 -0.727529
2 16 0.0525597 -0.720064
0 17 0.0077699 -0.787249
1 17 0.0152349 -0.764854
2 17 0.0226998 -0.757389
