17
0 0 -0.0992798 -0.85744
1 0 -0.0193598 -0.85312
2 0 0.0411201 -0.85528
0 1 -0.0863199 -0.85744
1 1 0.00051225 -0.852256
2 1 0.0562401 -0.85528
0 2 -0.12088 -0.83152
1 2 -0.0409599 -0.82936
2 2 0.0173601 -0.83152
0 3 -0.11008 -0.71704
1 3 -0.0323199 -0.71272
2 3 0.0216801 -0.71056
0 4 -0.499744 -0.803008
1 4 -0.4168 -0.8056
2 4 -0.367552 -0.813376
0 5 -0.113536 -0.730432
1 5 -0.0331838 -0.725248
2 5 0.0212482 -0.725248
0 6 0.0342082 -0.193888
1 6 0.0964162 -0.180928
2 6 0.14048 -0.17056
0 7 -0.0886525 -0.856922
1 7 -0.00156136 -0.850701
2 7 0.0513155 -0.853811
0 8 -0.0850238 -0.85744
1 8 -0.00156136 -0.850701
2 8 0.0575363 -0.853811
0 9 -0.110425 -0.84137
1 9 -0.0295549 -0.838259
2 9 0.0264323 -0.84137
0 10 0.032653 -0.191296
1 10 0.0948611 -0.178854
2 10 0.141517 -0.169523
0 11 -0.228621 -0.293939
1 11 -0.163302 -0.293939
2 11 -0.119757 -0.293939
0 12 -0.111669 -0.843236
1 12 -0.0295549 -0.839503
2 12 0.0301648 -0.839503
0 13 -0.0855421 -0.858166
1 13 -0.00342757 -0.850701
2 13 0.0525597 -0.854433
0 14 -0.107937 -0.720064
1 14 -0.0295549 -0.716331
2 14 0.0264323 -0.716331
0 15 -0.231109 -0.294561
1 15 -0.163302 -0.293939
2 15 -0.122867 -0.294561
0 16 0.0824195 -0.264701
1 16 0.145872 -0.249771
2 16 0.194394 -0.238574
