45
0 0 0.2495 -0.142
1 0 0.27375 -0.135
2 0 0.29 -0.1315
0 1 0.0926001 -0.8128
1 1 0.116 -0.8164
2 1 0.134 -0.82
0 2 0.2492 -0.1414
1 2 0.27375 -0.135
2 2 0.2888 -0.1306
0 3 0.194912 -0.113536
1 3 0.21824 -0.1036
2 3 0.233 -0.0999999
0 4 0.0994401 -0.71056
1 4 0.1232 -0.71272
2 4 0.14048 -0.71488
0 5 0.11888 -0.85744
1 5 0.14264 -0.8596
2 5 0.16424 -0.86608
0 6 0.0929601 -0.83152
1 6 0.11672 -0.83368
2 6 0.13616 -0.84016
0 7 0.251936 -0.214624
1 7 0.2744 -0.20512
2 7 0.29168 -0.2008
0 8 0.2492 -0.1414
1 8 0.27008 -0.134272
2 8 0.28952 -0.12952
0 9 0.24416 -0.10144
1 9 0.26792 -0.0927999
2 9 0.2852 -0.0884799
0 10 0.2744 -0.20728
1 10 0.29816 -0.2008
2 10 0.31544 -0.19648
0 11 -0.3952 -0.57232
1 11 -0.37576 -0.57448
2 11 -0.3628 -0.5788
0 12 0.194912 -0.113536
1 12 0.21824 -0.1036
2 12 0.233792 -0.100576
0 13 0.137888 -0.85744
1 13 0.163808 -0.860032
2 13 0.184544 -0.865216
0 14 0.104192 -0.836704
1 14 0.124928 -0.839296
2 14 0.145664 -0.84448
0 15 0.0938243 -0.83152
1 15 0.117152 -0.834112
2 15 0.135296 -0.839296
0 16 -0.292384 -0.826336
1 16 -0.271648 -0.828928
2 16 -0.258688 -0.834112
0 17 -0.2872 -0.81856
1 17 -0.266464 -0.821152
2 17 -0.253504 -0.828928
0 18 0.106784 -0.733024
1 18 0.130112 -0.735616
2 18 0.148256 -0.738208
0 19 0.251936 -0.214624
1 19 0.275264 -0.206848
2 19 0.293408 -0.201664
0 20 0.0990083 -0.709696
1 20 0.122336 -0.712288
2 20 0.14048 -0.71488
0 21 0.148256 -0.709696
1 21 0.171584 -0.712288
2 21 0.189728 -0.71488
0 22 -0.372736 -0.577504
1 22 -0.352 -0.582688
2 22 -0.341632 -0.58528
0 23 -0.393472 -0.57232
1 23 -0.375328 -0.574912
2 23 -0.362368 -0.577504
0 24 0.138407 -0.856922
1 24 0.16329 -0.860032
2 24 0.181952 -0.863142
0 25 0.0948611 -0.832038
1 25 0.116634 -0.835149
2 25 0.135296 -0.838259
0 26 -0.293939 -0.825818
1 26 -0.272166 -0.828928
2 26 -0.259725 -0.835149
0 27 -0.200627 -0.825818
1 27 -0.178854 -0.828928
2 27 -0.163302 -0.835149
0 28 -0.2872 -0.81856
1 28 -0.265945 -0.822707
2 28 -0.253504 -0.828928
0 29 0.0917507 -0.813376
1 29 0.116634 -0.816486
2 29 0.135296 -0.822707
0 30 0.110413 -0.807155
1 30 0.135296 -0.813376
2 30 0.153959 -0.816486
0 31 0.147738 -0.710733
1 31 0.169511 -0.713843
2 31 0.188173 -0.716954
0 32 0.0979715 -0.710733
1 32 0.122855 -0.713843
2 32 0.141517 -0.716954
0 33 0.107303 -0.738726
1 33 0.132186 -0.741837
2 33 0.147738 -0.744947
0 34 0.0979715 -0.726285
1 34 0.122855 -0.729395
2 34 0.141517 -0.732506
0 35 0.203725 -0.150861
1 35 0.225498 -0.14464
2 35 0.24105 -0.138419
0 36 0.250381 -0.213069
1 36 0.275264 -0.206848
2 36 0.293927 -0.200627
0 37 -0.0539198 -0.289792
1 37 -0.0357758 -0.287718
2 37 -0.0202237 -0.287718
0 38 0.138407 -0.854433
1 38 0.160802 -0.858166
2 38 0.179464 -0.861898
0 39 0.108547 -0.839503
1 39 0.130942 -0.846968
2 39 0.149604 -0.850701
0 40 0.093617 -0.832038
1 40 0.116012 -0.835771
2 40 0.138407 -0.839503
0 41 0.119744 -0.854433
1 41 0.142139 -0.858166
2 41 0.160802 -0.865631
0 42 0.108547 -0.809643
1 42 0.134674 -0.813376
2 42 0.153337 -0.817108
0 43 -0.287096 -0.802178
1 43 -0.264701 -0.802178
2 43 -0.249771 -0.809643
0 44 0.101082 -0.712599
1 44 0.123477 -0.716331
2 44 0.142139 -0.716331
