15
0 0 0.0324802 -0.8704
1 0 0.00656013 -0.87904
2 0 -0.00207984 -0.88336
0 1 -0.0128799 -0.61768
1 1 -0.0357758 -0.623641
2 1 -0.0452799 -0.622
0 2 0.316736 -0.694144
1 2 0.296 -0.70192
2 2 0.293408 -0.70192
0 3 0.0295427 -0.872474
1 3 0.00569623 -0.880768
2 3 -0.00207977 -0.88336
0 4 -0.0135999 -0.6184
1 4 -0.0357758 -0.623641
2 4 -0.0461438 -0.62416
0 5 0.0295427 -0.872474
1 5 0.00403741 -0.884293
2 5 -0.00467173 -0.884915
0 6 -0.0124477 -0.618976
1 6 -0.0357758 -0.623641
2 6 -0.045107 -0.623641
0 7 0.101082 -0.604979
1 7 0.078687 -0.611822
2 7 0.0730883 -0.6112
0 8 0.0855298 -0.474342
1 8 0.0637571 -0.480563
2 8 0.0544259 -0.477453
0 9 0.0973494 -0.484918
1 9 0.078687 -0.484918
2 9 0.0712221 -0.484918
0 10 0.101082 -0.608089
1 10 0.078687 -0.611822
2 10 0.0712221 -0.611822
0 11 -0.0124477 -0.618976
1 11 -0.0332874 -0.626752
2 11 -0.0444848 -0.623019
0 12 0.104814 -0.783516
1 12 0.0824195 -0.787249
2 12 0.0749546 -0.790981
0 13 0.313833 -0.693937
1 13 0.295171 -0.701402
2 13 0.291438 -0.701402
0 14 0.0824195 -0.753656
1 14 0.0600246 -0.761121
2 14 0.0525597 -0.761121
