37
0 0 -0.5075 -0.77625
1 0 -0.4475 -0.7875
2 0 -0.40125 -0.8
0 1 -0.4942 -0.7318
1 1 -0.43125 -0.74375
2 1 -0.38875 -0.75625
0 2 -0.058 -0.829
1 2 -0.00124995 -0.84125
2 2 0.0425001 -0.85375
0 3 -0.52 -0.6505
1 3 -0.463 -0.664
2 3 -0.41625 -0.675
0 4 -0.51125 -0.85125
1 4 -0.445 -0.8665
2 4 -0.403 -0.877
0 5 -0.43 -0.8305
1 5 -0.37 -0.844
2 5 -0.3265 -0.856
0 6 -0.4942 -0.7318
1 6 -0.433 -0.7444
2 6 -0.3895 -0.7555
0 7 -0.52 -0.6505
1 7 -0.463 -0.664
2 7 -0.4165 -0.676
0 8 -0.5086 -0.7768
1 8 -0.4495 -0.7885
2 8 -0.4045 -0.799
0 9 -0.504928 -0.854848
1 9 -0.4456 -0.8668
2 9 -0.4024 -0.8776
0 10 -0.5086 -0.7768
1 10 -0.4492 -0.7876
2 10 -0.4042 -0.7984
0 11 -0.4942 -0.7318
1 11 -0.433 -0.7444
2 11 -0.3916 -0.757
0 12 -0.52 -0.6505
1 12 -0.463 -0.664
2 12 -0.4204 -0.676
0 13 -0.5194 -0.6508
1 13 -0.46216 -0.66304
2 13 -0.4168 -0.6742
0 14 -0.4312 -0.8308
1 14 -0.37 -0.8434
2 14 -0.325 -0.856
0 15 -0.50968 -0.85312
1 15 -0.44704 -0.86608
2 15 -0.40168 -0.87904
0 16 -0.0625599 -0.83584
1 16 -0.00459989 -0.847
2 16 0.0389601 -0.86176
0 17 -0.406 -0.52912
1 17 -0.34768 -0.54208
2 17 -0.30448 -0.55288
0 18 -0.52048 -0.65008
1 18 -0.46216 -0.66304
2 18 -0.4168 -0.67384
0 19 -0.49456 -0.73216
1 19 -0.43408 -0.74512
2 19 -0.39088 -0.75592
0 20 -0.0642878 -0.839296
1 20 -0.00467173 -0.849664
2 20 0.0393922 -0.862624
0 21 -0.502336 -0.523072
1 21 -0.44488 -0.5356
2 21 -0.398656 -0.548992
0 22 -0.49456 -0.733024
1 22 -0.434944 -0.745984
2 22 -0.39088 -0.756352
0 23 -0.409024 -0.528256
1 23 -0.349408 -0.541216
2 23 -0.307936 -0.551584
0 24 -0.52048 -0.65008
1 24 -0.460864 -0.66304
2 24 -0.4168 -0.673408
0 25 -0.445312 -0.639712
1 25 -0.385696 -0.652672
2 25 -0.33904 -0.66304
0 26 -0.502336 -0.524109
1 26 -0.443238 -0.53655
2 26 -0.399693 -0.548992
0 27 -0.50968 -0.85312
1 27 -0.447593 -0.869363
2 27 -0.402803 -0.878694
0 28 -0.0637693 -0.838259
1 28 -0.00467173 -0.849664
2 28 0.0357635 -0.866253
0 29 -0.409024 -0.527219
1 29 -0.349408 -0.541216
2 29 -0.306381 -0.548992
0 30 -0.060659 -0.825818
1 30 -0.00156136 -0.838259
2 30 0.0419843 -0.850701
0 31 -0.0668797 -0.843236
1 31 -0.00716 -0.854433
2 31 0.0376298 -0.869363
0 32 -0.060659 -0.825818
1 32 -0.00342757 -0.839503
2 32 0.0413623 -0.850701
0 33 -0.511045 -0.858166
1 33 -0.447593 -0.869363
2 33 -0.402803 -0.884293
0 34 -0.496115 -0.630484
1 34 -0.436395 -0.641682
2 34 -0.391606 -0.652879
0 35 -0.409024 -0.527219
1 35 -0.354281 -0.540905
2 35 -0.309491 -0.552102
0 36 -0.51851 -0.649147
1 36 -0.462523 -0.664077
2 36 -0.417733 -0.675274
