29
0 0 -0.73864 -0.7516
1 0 -0.71704 -0.78184
2 0 -0.71056 -0.79912
0 1 -0.73864 -0.7516
1 1 -0.71704 -0.78184
2 1 -0.7084 -0.80344
0 2 0.0368001 -0.74728
1 2 0.0627202 -0.7732
2 2 0.0778402 -0.79696
0 3 0.11888 -0.69976
1 3 0.145664 -0.725248
2 3 0.161216 -0.748576
0 4 -0.738208 -0.751168
1 4 -0.720064 -0.777088
2 4 -0.712288 -0.800416
0 5 -0.76672 -0.751168
1 5 -0.745984 -0.777088
2 5 -0.735616 -0.797824
0 6 0.0368003 -0.748576
1 6 0.0627202 -0.774496
2 6 0.0782722 -0.797824
0 7 0.0627202 -0.745984
1 7 0.0886402 -0.771904
2 7 0.106784 -0.795232
0 8 -0.738208 -0.756352
1 8 -0.71704 -0.78184
2 8 -0.709696 -0.8056
0 9 -0.590464 -0.269056
1 9 -0.57232 -0.289792
2 9 -0.564544 -0.305344
0 10 -0.738726 -0.751168
1 10 -0.717472 -0.782272
2 10 -0.707622 -0.804045
0 11 0.0855298 -0.701402
1 11 0.110413 -0.726285
2 11 0.125965 -0.748058
0 12 0.0668674 -0.701402
1 12 0.0948611 -0.726285
2 12 0.110413 -0.751168
0 13 0.0699778 -0.825818
1 13 0.0948611 -0.853811
2 13 0.110413 -0.878694
0 14 0.0761987 -0.791603
1 14 0.101082 -0.819597
2 14 0.116634 -0.84448
0 15 0.0357635 -0.748058
1 15 0.0637571 -0.772941
2 15 0.0761987 -0.797824
0 16 0.0388739 -0.704512
1 16 0.0637571 -0.729395
2 16 0.0793091 -0.754278
0 17 0.116634 -0.701402
1 17 0.144628 -0.726285
2 17 0.16018 -0.751168
0 18 0.110413 -0.698291
1 18 0.138407 -0.723174
2 18 0.153959 -0.744947
0 19 -0.738726 -0.757389
1 19 -0.720064 -0.779784
2 19 -0.708866 -0.805911
0 20 -0.768586 -0.753656
1 20 -0.746191 -0.779784
2 20 -0.738726 -0.802178
0 21 0.0376298 -0.746191
1 21 0.0637571 -0.772319
2 21 0.078687 -0.798446
0 22 0.086152 -0.701402
1 22 0.112279 -0.727529
2 22 0.127209 -0.749924
0 23 0.116012 -0.701402
1 23 0.144628 -0.726285
2 23 0.160802 -0.749924
0 24 0.0376298 -0.705134
1 24 0.0637571 -0.731261
2 24 0.078687 -0.753656
0 25 0.0898844 -0.768586
1 25 0.116012 -0.794714
2 25 0.130942 -0.820841
0 26 0.0338973 -0.712599
1 26 0.0600246 -0.738726
2 26 0.0749546 -0.761121
0 27 0.0749546 -0.794714
1 27 0.101082 -0.820841
2 27 0.116012 -0.846968
0 28 0.116012 -0.701402
1 28 0.138407 -0.723796
2 28 0.153337 -0.746191
