47
0 0 -0.54875 -0.9225
1 0 -0.439583 -0.911458
2 0 -0.3525 -0.9075
0 1 -0.5482 -0.9226
1 1 -0.44 -0.91125
2 1 -0.3535 -0.9085
0 2 -0.55 -0.9136
1 2 -0.442 -0.901
2 2 -0.355 -0.8995
0 3 -0.361 -0.8686
1 3 -0.259 -0.8575
2 3 -0.175 -0.8545
0 4 -0.466 -0.2965
1 4 -0.373 -0.2935
2 4 -0.2935 -0.2905
0 5 -0.5482 -0.9226
1 5 -0.4402 -0.9118
2 5 -0.3538 -0.9082
0 6 -0.541 -0.925
1 6 -0.4402 -0.9118
2 6 -0.3484 -0.9082
0 7 -0.55 -0.9136
1 7 -0.442 -0.901
2 7 -0.3538 -0.8992
0 8 -0.36064 -0.86824
1 8 -0.2602 -0.8578
2 8 -0.1756 -0.8542
0 9 -0.3862 -0.8452
1 9 -0.2818 -0.8326
2 9 -0.1954 -0.829
0 10 -0.32392 -0.73432
1 10 -0.224992 -0.722656
2 10 -0.1396 -0.7174
0 11 -0.466 -0.2965
1 11 -0.3718 -0.2944
2 11 -0.2926 -0.2908
0 12 -0.55072 -0.9244
1 12 -0.4402 -0.9118
2 12 -0.35416 -0.90712
0 13 -0.349408 -0.867808
1 13 -0.25264 -0.85744
2 13 -0.16624 -0.85312
0 14 -0.34984 -0.86824
1 14 -0.2512 -0.8578
2 14 -0.16192 -0.85312
0 15 -0.36928 -0.86824
1 15 -0.25912 -0.85744
2 15 -0.17704 -0.85096
0 16 -0.38224 -0.82936
1 16 -0.28288 -0.8164
2 16 -0.19648 -0.81208
0 17 -0.36928 -0.82504
1 17 -0.27208 -0.81208
2 17 -0.18568 -0.80776
0 18 -0.359776 -0.733024
1 18 -0.263872 -0.720064
2 18 -0.1792 -0.71704
0 19 -0.4654 -0.2962
1 19 -0.3736 -0.29368
2 19 -0.29368 -0.29152
0 20 -0.359776 -0.867808
1 20 -0.258688 -0.85744
2 20 -0.175744 -0.852256
0 21 -0.36064 -0.86824
1 21 -0.253504 -0.85744
2 21 -0.167968 -0.852256
0 22 -0.323488 -0.735616
1 22 -0.224992 -0.722656
2 22 -0.142048 -0.720064
0 23 -0.359776 -0.733024
1 23 -0.263872 -0.720064
2 23 -0.178336 -0.717472
0 24 -0.186112 -0.224992
1 24 -0.10576 -0.212032
2 24 -0.0254078 -0.201664
0 25 -0.359257 -0.866253
1 25 -0.259725 -0.856922
2 25 -0.175744 -0.853811
0 26 -0.359257 -0.866253
1 26 -0.259725 -0.856922
2 26 -0.169523 -0.850701
0 27 -0.374809 -0.853811
1 27 -0.272166 -0.84137
2 27 -0.185075 -0.838259
0 28 -0.384141 -0.84448
1 28 -0.281497 -0.832038
2 28 -0.197517 -0.828928
0 29 -0.380408 -0.839503
1 29 -0.283364 -0.828306
2 29 -0.194406 -0.822707
0 30 -0.794714 -0.804045
1 30 -0.676518 -0.794714
2 30 -0.583206 -0.794714
0 31 -0.362368 -0.732506
1 31 -0.262835 -0.720064
2 31 -0.175744 -0.716954
0 32 -0.362368 -0.732506
1 32 -0.262835 -0.720064
2 32 -0.181965 -0.716954
0 33 -0.325043 -0.735616
1 33 -0.22551 -0.723174
2 33 -0.141529 -0.720064
0 34 -0.359257 -0.757389
1 34 -0.259725 -0.744947
2 34 -0.175744 -0.741837
0 35 -0.191296 -0.2224
1 35 -0.107315 -0.209958
2 35 -0.0326653 -0.200627
0 36 -0.362368 -0.732506
1 36 -0.264701 -0.720064
2 36 -0.178854 -0.716331
0 37 -0.361746 -0.869363
1 37 -0.260969 -0.858166
2 37 -0.171389 -0.850701
0 38 -0.361746 -0.742459
1 38 -0.264701 -0.727529
2 38 -0.178854 -0.723796
0 39 -0.380408 -0.839503
1 39 -0.283364 -0.828306
2 39 -0.197517 -0.824573
0 40 -0.384141 -0.832038
1 40 -0.283364 -0.820841
2 40 -0.197517 -0.817108
0 41 -0.369211 -0.820841
1 41 -0.268434 -0.809643
2 41 -0.182587 -0.805911
0 42 -0.190052 -0.193784
1 42 -0.104205 -0.178854
2 42 -0.0258224 -0.171389
0 43 -0.790981 -0.802178
1 43 -0.675274 -0.794714
2 43 -0.581962 -0.794714
0 44 -0.358013 -0.757389
1 44 -0.260969 -0.746191
2 44 -0.175122 -0.742459
0 45 -0.119134 -0.305759
1 45 -0.0332874 -0.287096
2 45 0.0450947 -0.279631
0 46 -0.468121 -0.293939
1 46 -0.376676 -0.294561
2 46 -0.294561 -0.290829
