29
0 0 -0.5275 -0.3355
1 0 -0.526 -0.3445
2 0 -0.52 -0.352
0 1 -0.649 -0.3745
1 1 -0.649 -0.382
2 1 -0.643 -0.3925
0 2 -0.60904 -0.36064
1 2 -0.60904 -0.36928
2 2 -0.60256 -0.37792
0 3 -0.0971199 -0.36064
1 3 -0.0949599 -0.36928
2 3 -0.0798399 -0.3736
0 4 -0.64792 -0.38008
1 4 -0.64576 -0.38872
2 4 -0.63928 -0.39952
0 5 -0.5356 -0.7516
1 5 -0.52912 -0.7624
2 5 -0.514 -0.77536
0 6 -0.528256 -0.686368
1 6 -0.52264 -0.6976
2 6 -0.50752 -0.7084
0 7 0.0834563 -0.898912
1 7 0.0912323 -0.911872
2 7 0.11456 -0.919648
0 8 0.168992 -0.891136
1 8 0.17936 -0.904096
2 8 0.202688 -0.911872
0 9 -0.536032 -0.751168
1 9 -0.528256 -0.761536
2 9 -0.512704 -0.774496
0 10 -0.101094 -0.359257
1 10 -0.0967396 -0.369211
2 10 -0.0798398 -0.372736
0 11 -0.479008 -0.735616
1 11 -0.473824 -0.745984
2 11 -0.458272 -0.758944
0 12 -0.6112 -0.367552
1 12 -0.608608 -0.37792
2 12 -0.603424 -0.385696
0 13 -0.515296 -0.686368
1 13 -0.510112 -0.699328
2 13 -0.49456 -0.709696
0 14 -0.6112 -0.359776
1 14 -0.608608 -0.370144
2 14 -0.603424 -0.37792
0 15 -0.670297 -0.337485
1 15 -0.670297 -0.346816
2 15 -0.664077 -0.356147
0 16 -0.480563 -0.735616
1 16 -0.474342 -0.744947
2 16 -0.45879 -0.757389
0 17 -0.101094 -0.359257
1 17 -0.0967396 -0.369211
2 17 -0.0855422 -0.371699
0 18 -0.528256 -0.686368
1 18 -0.520998 -0.701402
2 18 -0.505446 -0.710733
0 19 -0.520998 -0.751168
1 19 -0.514777 -0.760499
2 19 -0.499225 -0.772941
0 20 -0.598758 -0.346816
1 20 -0.595648 -0.356147
2 20 -0.589427 -0.365478
0 21 -0.481185 -0.734994
1 21 -0.47372 -0.746191
2 21 -0.45879 -0.757389
0 22 0.261579 -0.186319
1 22 0.272776 -0.186319
2 22 0.287706 -0.182587
0 23 -0.611822 -0.358013
1 23 -0.611822 -0.365478
2 23 -0.604357 -0.376676
0 24 -0.53655 -0.751168
1 24 -0.529707 -0.761121
2 24 -0.511045 -0.776051
0 25 -0.101094 -0.359257
1 25 -0.0967396 -0.369211
2 25 -0.0855421 -0.372943
0 26 0.259712 -0.194406
1 26 0.272776 -0.193784
2 26 0.287706 -0.190052
0 27 -0.522242 -0.749924
1 27 -0.514777 -0.761121
2 27 -0.499848 -0.772319
0 28 0.306368 -0.190052
1 28 0.321298 -0.186319
2 28 0.336228 -0.182587
