53
0 0 0.0550001 -0.82625
1 0 0.0550001 -0.80625
2 0 0.05625 -0.8
0 1 -0.205208 -0.809375
1 1 -0.2075 -0.79
2 1 -0.207292 -0.782292
0 2 0.4825 -0.89625
1 2 0.4875 -0.87375
2 2 0.49375 -0.87
0 3 0.0550001 -0.82625
1 3 0.0550001 -0.80625
2 3 0.0562501 -0.8
0 4 0.05125 -0.825
1 4 0.0494001 -0.8038
2 4 0.0525 -0.79875
0 5 -0.325 -0.4435
1 5 -0.3325 -0.4225
2 5 -0.3385 -0.412
0 6 0.482 -0.892
1 6 0.4865 -0.874
2 6 0.4925 -0.8695
0 7 0.0815 -0.802
1 7 0.0815 -0.781
2 7 0.0830001 -0.775
0 8 -0.2404 -0.8128
1 8 -0.2425 -0.7915
2 8 -0.244 -0.7855
0 9 0.062 -0.8185
1 9 0.0620001 -0.7984
2 9 0.0635 -0.793
0 10 0.05125 -0.825
1 10 0.0497601 -0.80344
2 10 0.0515001 -0.799
0 11 -0.316 -0.46
1 11 -0.325 -0.4384
2 11 -0.3304 -0.4276
0 12 0.0545001 -0.826
1 12 0.0550001 -0.80625
2 12 0.0566001 -0.8002
0 13 0.4022 -0.883
1 13 0.4076 -0.8632
2 13 0.4112 -0.8578
0 14 0.386 -0.847
1 14 0.3896 -0.8272
2 14 0.395 -0.8218
0 15 0.4004 -0.8776
1 15 0.404 -0.8578
2 15 0.4094 -0.8524
0 16 0.413 -0.8902
1 16 0.4184 -0.8704
2 16 0.422 -0.865
0 17 -0.3556 -0.4078
1 17 -0.3646 -0.3862
2 17 -0.3718 -0.3754
0 18 0.0627202 -0.81856
1 18 0.0620001 -0.7984
2 18 0.0638001 -0.793
0 19 0.0530001 -0.6655
1 19 0.0549442 -0.644896
2 19 0.0548001 -0.6364
0 20 -0.20728 -0.81208
1 20 -0.20944 -0.79048
2 20 -0.20944 -0.784
0 21 0.0821602 -0.80128
1 21 0.0821602 -0.77968
2 21 0.0843202 -0.77536
0 22 0.48176 -0.89416
1 22 0.48608 -0.87472
2 22 0.49256 -0.8704
0 23 -0.35632 -0.40816
1 23 -0.36496 -0.38656
2 23 -0.37144 -0.37576
0 24 -0.14248 -0.92656
1 24 -0.14248 -0.90712
2 24 -0.14464 -0.9028
0 25 0.0530001 -0.6652
1 25 0.0544259 -0.645414
2 25 0.0540801 -0.63712
0 26 0.0497601 -0.82288
1 26 0.0497601 -0.80344
2 26 0.0497601 -0.79696
0 27 0.0562401 -0.82504
1 27 0.0548001 -0.8056
2 27 0.0562401 -0.79912
0 28 -0.21808 -0.4492
1 28 -0.22456 -0.4276
2 28 -0.22888 -0.4168
0 29 0.0549442 -0.823744
1 29 0.0575363 -0.8056
2 29 0.0575363 -0.797824
0 30 0.0808642 -0.800416
1 30 0.0834563 -0.77968
2 30 0.0834563 -0.774496
0 31 -0.217216 -0.447904
1 31 -0.2224 -0.427168
2 31 -0.227584 -0.4168
0 32 0.38672 -0.847072
1 32 0.389312 -0.826336
2 32 0.394496 -0.821152
0 33 -0.209958 -0.813376
1 33 -0.20944 -0.79264
2 33 -0.20944 -0.784864
0 34 -0.204256 -0.44272
1 34 -0.20944 -0.419392
2 34 -0.214624 -0.409024
0 35 0.480032 -0.89632
1 35 0.485216 -0.872992
2 35 0.492992 -0.8704
0 36 0.0549442 -0.665632
1 36 0.0544259 -0.645414
2 36 0.0549442 -0.63712
0 37 0.0497602 -0.821152
1 37 0.0482051 -0.800934
2 37 0.0523523 -0.795232
0 38 0.0627202 -0.81856
1 38 0.0637571 -0.797824
2 38 0.0653123 -0.79264
0 39 0.0544259 -0.822707
1 39 0.0575363 -0.804045
2 39 0.0575363 -0.797824
0 40 0.384128 -0.84448
1 40 0.387239 -0.825818
2 40 0.39346 -0.819597
0 41 -0.356147 -0.409024
1 41 -0.365478 -0.387251
2 41 -0.371699 -0.374809
0 42 0.0637571 -0.816486
1 42 0.0637571 -0.797824
2 42 0.0637571 -0.791603
0 43 0.0824195 -0.800934
1 43 0.0824195 -0.779162
2 43 0.0824195 -0.772941
0 44 0.0549442 -0.665632
1 44 0.0549442 -0.644896
2 44 0.0544259 -0.639194
0 45 0.0600246 -0.675274
1 45 0.0601283 -0.652672
2 45 0.0606467 -0.645414
0 46 0.178842 -0.813376
1 46 0.178842 -0.791603
2 46 0.181952 -0.785382
0 47 -0.238574 -0.817108
1 47 -0.242306 -0.798446
2 47 -0.242306 -0.790981
0 48 0.0544259 -0.667187
1 48 0.0562922 -0.649147
2 48 0.0562922 -0.641682
0 49 0.0637571 -0.817108
1 49 0.0637571 -0.798446
2 49 0.0637571 -0.790981
0 50 -0.208714 -0.817108
1 50 -0.212446 -0.794714
2 50 -0.212446 -0.787249
0 51 0.153337 -0.794714
1 51 0.153337 -0.776051
2 51 0.157069 -0.768586
0 52 0.0824195 -0.787249
1 52 0.0824195 -0.768586
2 52 0.086152 -0.761121
