35
0 0 -0.586458 -0.380208
1 0 -0.604167 -0.391667
2 0 -0.620833 -0.394792
0 1 -0.55625 -0.31625
1 1 -0.580208 -0.323958
2 1 -0.6 -0.323958
0 2 -0.558333 -0.315625
1 2 -0.578125 -0.325
2 2 -0.597917 -0.325
0 3 -0.560417 -0.317708
1 3 -0.583333 -0.326042
2 3 -0.602083 -0.326042
0 4 -0.55625 -0.31625
1 4 -0.57875 -0.325
2 4 -0.5975 -0.32375
0 5 -0.56 -0.31875
1 5 -0.5825 -0.32625
2 5 -0.60125 -0.32625
0 6 -0.5875 -0.38
1 6 -0.60375 -0.39125
2 6 -0.62125 -0.395
0 7 -0.559 -0.319
1 7 -0.5815 -0.3265
2 7 -0.601 -0.3265
0 8 -0.7045 -0.6835
1 8 -0.7084 -0.7048
2 8 -0.7102 -0.7102
0 9 -0.448 -0.3475
1 9 -0.4636 -0.3574
2 9 -0.4798 -0.3574
0 10 -0.559 -0.3268
1 10 -0.5806 -0.3358
2 10 -0.5986 -0.3358
0 11 -0.2098 -0.8524
1 11 -0.2044 -0.8704
2 11 -0.2044 -0.8758
0 12 -0.559 -0.3178
1 12 -0.5806 -0.3268
2 12 -0.6004 -0.3268
0 13 -0.71272 -0.68896
1 13 -0.71704 -0.71056
2 13 -0.7192 -0.71704
0 14 -0.70408 -0.68464
1 14 -0.7084 -0.70624
2 14 -0.71056 -0.71056
0 15 -0.559 -0.3178
1 15 -0.5806 -0.3268
2 15 -0.6004 -0.32608
0 16 -0.55936 -0.32608
1 16 -0.58096 -0.33472
2 16 -0.6004 -0.33472
0 17 -0.45568 -0.3412
1 17 -0.4708 -0.34984
2 17 -0.48808 -0.34984
0 18 -0.19216 -0.76888
1 18 -0.18568 -0.78184
2 18 -0.18568 -0.78832
0 19 -0.20944 -0.85312
1 19 -0.20512 -0.8704
2 19 -0.20296 -0.87472
0 20 -0.722656 -0.354592
1 20 -0.748576 -0.36496
2 20 -0.769312 -0.367552
0 21 -0.447904 -0.346816
1 21 -0.463456 -0.357184
2 21 -0.479008 -0.357184
0 22 -0.55936 -0.3196
1 22 -0.580096 -0.328672
2 22 -0.59824 -0.328672
0 23 -0.191296 -0.769312
1 23 -0.186112 -0.782272
2 23 -0.186112 -0.787456
0 24 0.259712 -0.289792
1 24 0.264896 -0.292384
2 24 0.27008 -0.289792
0 25 -0.586317 -0.37792
1 25 -0.604979 -0.390361
2 25 -0.620531 -0.390361
0 26 -0.558323 -0.318822
1 26 -0.580096 -0.328153
2 26 -0.598758 -0.328153
0 27 0.259712 -0.289792
1 27 0.264896 -0.292384
2 27 0.269043 -0.290829
0 28 -0.788493 -0.645414
1 28 -0.794714 -0.667187
2 28 -0.797824 -0.673408
0 29 -0.20944 -0.852256
1 29 -0.204256 -0.8704
2 29 -0.200627 -0.875584
0 30 -0.194406 -0.850701
1 30 -0.188185 -0.866253
2 30 -0.188185 -0.872474
0 31 -0.559567 -0.320688
1 31 -0.57823 -0.331886
2 31 -0.596892 -0.331886
0 32 -0.772319 -0.615554
1 32 -0.779784 -0.637949
2 32 -0.783516 -0.645414
0 33 -0.716331 -0.686472
1 33 -0.720064 -0.708866
2 33 -0.723796 -0.712599
0 34 -0.208714 -0.850701
1 34 -0.201249 -0.869363
2 34 -0.201249 -0.876828
