21
0 0 -0.0189999 -0.7696
1 0 -0.0258399 -0.77536
2 0 -0.0495999 -0.7822
0 1 0.0350001 -0.865
1 1 0.0324802 -0.8704
2 1 0.00620009 -0.8776
0 2 0.0965 -0.472
1 2 0.0908001 -0.4744
2 2 0.0710002 -0.478
0 3 -0.019 -0.7705
1 3 -0.0258399 -0.77536
2 3 -0.0495998 -0.78184
0 4 0.0350001 -0.865
1 4 0.0324802 -0.8704
2 4 0.00656013 -0.87904
0 5 0.316736 -0.694144
1 5 0.316736 -0.694144
2 5 0.296 -0.70192
0 6 0.106784 -0.606016
1 6 0.1016 -0.606016
2 6 0.0808642 -0.6112
0 7 -0.0124477 -0.769312
1 7 -0.0150398 -0.774496
2 7 -0.0409598 -0.77968
0 8 0.0886402 -0.473824
1 8 0.0834563 -0.476416
2 8 0.0627202 -0.479008
0 9 0.0202115 -0.869363
1 9 0.0171011 -0.872474
2 9 -0.00778211 -0.881805
0 10 0.032653 -0.869363
1 10 0.0295427 -0.872474
2 10 0.00465946 -0.881805
0 11 0.0886403 -0.474342
1 11 0.0855298 -0.474342
2 11 0.0637571 -0.480563
0 12 -0.00778211 -0.61431
1 12 -0.0124477 -0.618976
2 12 -0.0357758 -0.623641
0 13 0.0338973 -0.869363
1 13 0.0301648 -0.873096
2 13 0.00403741 -0.884293
0 14 0.101082 -0.484918
1 14 0.0973494 -0.484918
2 14 0.078687 -0.484918
0 15 0.239184 -0.805911
1 15 0.239184 -0.809643
2 15 0.216789 -0.817108
0 16 0.313833 -0.693937
1 16 0.313833 -0.693937
2 16 0.295171 -0.701402
0 17 -0.0108925 -0.768586
1 17 -0.014625 -0.772319
2 17 -0.0407523 -0.779784
0 18 -0.00716 -0.615554
1 18 -0.0108925 -0.623019
2 18 -0.0332874 -0.626752
0 19 0.104814 -0.604357
1 19 0.101082 -0.608089
2 19 0.078687 -0.611822
0 20 0.086152 -0.749924
1 20 0.0824195 -0.753656
2 20 0.0600246 -0.761121
