14
0 0 -0.54875 -0.61875
1 0 -0.555 -0.62375
2 0 -0.55875 -0.62875
0 1 -0.5824 -0.5914
1 1 -0.5896 -0.5968
2 1 -0.5932 -0.6022
0 2 -0.1774 -0.685
1 2 -0.1792 -0.694
2 2 -0.1774 -0.7012
0 3 -0.1792 -0.6868
1 3 -0.1792 -0.69544
2 3 -0.1792 -0.70192
0 4 -0.451 -0.289
1 4 -0.48376 -0.2872
2 4 -0.514 -0.28288
0 5 -0.7084 -0.82072
1 5 -0.7192 -0.82936
2 5 -0.73 -0.83584
0 6 -0.53344 -0.622
1 6 -0.53992 -0.62848
2 6 -0.54424 -0.6328
0 7 -0.707104 -0.821152
1 7 -0.720064 -0.83152
2 7 -0.730432 -0.836704
0 8 -0.791603 -0.875584
1 8 -0.810266 -0.888026
2 8 -0.819597 -0.894246
0 9 -0.720064 -0.580096
1 9 -0.729395 -0.586317
2 9 -0.735616 -0.589427
0 10 -0.707622 -0.822707
1 10 -0.720064 -0.832038
2 10 -0.729395 -0.838259
0 11 -0.433907 -0.639194
1 11 -0.440128 -0.645414
2 11 -0.443238 -0.651635
0 12 -0.178854 -0.690204
1 12 -0.178854 -0.697669
2 12 -0.178854 -0.705134
0 13 -0.626752 -0.5633
1 13 -0.634217 -0.567032
2 13 -0.637949 -0.570765
