14
0 0 0.438542 -0.865625
1 0 0.522917 -0.863542
2 0 0.641667 -0.867708
0 1 0.695 -0.868
1 1 0.79875 -0.865
2 1 0.94625 -0.87
0 2 0.43875 -0.865
1 2 0.5225 -0.86375
2 2 0.6425 -0.868
0 3 -0.5035 -0.415
1 3 -0.52 -0.4015
2 3 -0.5155 -0.3985
0 4 0.44 -0.8668
1 4 0.5225 -0.8635
2 4 0.6416 -0.8686
0 5 -0.49024 -0.40168
1 5 -0.50752 -0.38656
2 5 -0.5032 -0.3844
0 6 -0.48376 -0.40816
1 6 -0.5014 -0.3934
2 6 -0.49672 -0.39088
0 7 0.586304 -0.885952
1 7 0.677024 -0.88336
2 7 0.8144 -0.888544
0 8 0.518912 -0.872992
1 8 0.60704 -0.8704
2 8 0.734048 -0.872992
0 9 0.518912 -0.872992
1 9 0.601856 -0.872474
2 9 0.732493 -0.875584
0 10 0.586304 -0.885952
1 10 0.676506 -0.884915
2 10 0.813364 -0.891136
0 11 0.441152 -0.867808
1 11 0.524096 -0.865216
2 11 0.642292 -0.869363
0 12 0.443226 -0.869363
1 12 0.530317 -0.865631
2 12 0.649757 -0.869363
0 13 0.466865 -0.50358
1 13 0.545247 -0.48865
2 13 0.664687 -0.47372
