56
0 0 -0.289583 -0.817708
1 0 -0.283333 -0.810417
2 0 -0.275 -0.8125
0 1 -0.3125 -0.49125
1 1 -0.31375 -0.48
2 1 -0.3125 -0.475
0 2 -0.0137499 -0.8425
1 2 -0.00625 -0.835417
2 2 0.00375004 -0.835
0 3 -0.255208 -0.816667
1 3 -0.251042 -0.809375
2 3 -0.2425 -0.81125
0 4 -0.289 -0.8185
1 4 -0.28375 -0.81125
2 4 -0.275 -0.8125
0 5 0.08375 -0.8225
1 5 0.0912501 -0.81375
2 5 0.10375 -0.81375
0 6 0.215 -0.87
1 6 0.22375 -0.86125
2 6 0.2375 -0.86
0 7 -0.00467173 -0.694144
1 7 0.000500043 -0.6865
2 7 0.00875003 -0.68375
0 8 -0.00874996 -0.84625
1 8 -0.00249996 -0.8375
2 8 0.00950006 -0.838
0 9 -0.013 -0.8425
1 9 -0.00624994 -0.835
2 9 0.00350005 -0.835
0 10 0.0155001 -0.823
1 10 0.0215 -0.8155
2 10 0.0335 -0.814
0 11 0.3755 -0.9325
1 11 0.3875 -0.925
2 11 0.4055 -0.922
0 12 -0.00423985 -0.69544
1 12 0.000500043 -0.6865
2 12 0.00950006 -0.6835
0 13 -0.2008 -0.9316
1 13 -0.1954 -0.9262
2 13 -0.1846 -0.928
0 14 0.377 -0.9334
1 14 0.3878 -0.9244
2 14 0.4058 -0.9226
0 15 -0.013 -0.8425
1 15 -0.00624994 -0.835
2 15 0.0026001 -0.8344
0 16 0.2132 -0.8722
1 16 0.2222 -0.8632
2 16 0.2366 -0.8614
0 17 -0.00423985 -0.69544
1 17 0.000800069 -0.6868
2 17 0.00980008 -0.685
0 18 0.3716 -0.9208
1 18 0.3824 -0.9118
2 18 0.4004 -0.91
0 19 0.1052 -0.838
1 19 0.1142 -0.8308
2 19 0.1268 -0.829
0 20 0.0170001 -0.9388
1 20 0.0242001 -0.9316
2 20 0.0368001 -0.93304
0 21 0.37592 -0.93304
1 21 0.3878 -0.9244
2 21 0.40616 -0.92224
0 22 -0.31312 -0.48808
1 22 -0.31528 -0.47728
2 22 -0.31312 -0.47296
0 23 -0.31744 -0.49456
1 23 -0.3196 -0.48376
2 23 -0.31744 -0.47944
0 24 0.37808 -0.92656
1 24 0.38672 -0.91792
2 24 0.40616 -0.91576
0 25 -0.00423985 -0.69544
1 25 0.000800069 -0.6868
2 25 0.0108802 -0.68464
0 26 -0.25696 -0.81856
1 26 -0.25264 -0.81208
2 26 -0.244 -0.81424
0 27 -0.0150399 -0.84232
1 27 -0.00855986 -0.83368
2 27 0.00224012 -0.83368
0 28 0.37592 -0.86824
1 28 0.38672 -0.8596
2 28 0.404 -0.85744
0 29 -0.00207984 -0.838
1 29 0.00440013 -0.82936
2 29 0.0152002 -0.82936
0 30 0.10592 -0.838
1 30 0.1124 -0.82936
2 30 0.12536 -0.82936
0 31 -0.31312 -0.489376
1 31 -0.315712 -0.476416
2 31 -0.31312 -0.473824
0 32 -0.0140029 -0.838259
1 32 -0.00726376 -0.83152
2 32 0.00310421 -0.83152
0 33 0.0160643 -0.823744
1 33 0.0238403 -0.813376
2 33 0.0342082 -0.813376
0 34 -0.2872 -0.81856
1 34 -0.282016 -0.813376
2 34 -0.27424 -0.815968
0 35 -0.00207984 -0.838
1 35 0.00569623 -0.828928
2 35 0.0160643 -0.828928
0 36 -0.00423985 -0.69544
1 36 8.01722e-05 -0.6868
2 36 0.0108802 -0.686368
0 37 0.11456 -0.84448
1 37 0.122336 -0.836704
2 37 0.135296 -0.836704
0 38 0.0824195 -0.822707
1 38 0.0886403 -0.813376
2 38 0.101082 -0.813376
0 39 0.0171011 -0.822707
1 39 0.0233219 -0.813376
2 39 0.032653 -0.813376
0 40 -0.00423985 -0.69544
1 40 0.00154908 -0.68896
2 40 0.0108803 -0.68585
0 41 -0.259725 -0.819597
1 41 -0.253504 -0.813376
2 41 -0.244173 -0.816486
0 42 -0.00156136 -0.838259
1 42 0.00465946 -0.828928
2 42 0.0139907 -0.828928
0 43 -0.0150399 -0.84232
1 43 -0.0108926 -0.832038
2 43 -0.00156136 -0.832038
0 44 0.188173 -0.860032
1 44 0.194394 -0.850701
2 44 0.209946 -0.850701
0 45 0.0171011 -0.810266
1 45 0.0233219 -0.800934
2 45 0.032653 -0.800934
0 46 0.110413 -0.84759
1 46 0.119744 -0.835149
2 46 0.132186 -0.835149
0 47 0.0824195 -0.810266
1 47 0.0886403 -0.800934
2 47 0.101082 -0.800934
0 48 -0.00342757 -0.697669
1 48 0.00154908 -0.68896
2 48 0.0152349 -0.690204
0 49 0.0171011 -0.810266
1 49 0.0226998 -0.802178
2 49 0.0338973 -0.802178
0 50 -0.260969 -0.820841
1 50 -0.253504 -0.817108
2 50 -0.246039 -0.817108
0 51 -0.287096 -0.820841
1 51 -0.279631 -0.813376
2 51 -0.272166 -0.817108
0 52 0.104814 -0.839503
1 52 0.112279 -0.828306
2 52 0.123477 -0.828306
0 53 -0.00156136 -0.838259
1 53 0.00465946 -0.828928
2 53 0.0152349 -0.828306
0 54 0.101082 -0.701402
1 54 0.108547 -0.693937
2 54 0.119744 -0.690204
0 55 -0.738726 -0.343083
1 55 -0.761121 -0.320688
2 55 -0.779784 -0.305759
