13
0 0 -0.019 -0.613
1 0 -0.00855986 -0.61336
2 0 -0.0128799 -0.61768
0 1 -0.0176318 -0.613792
1 1 -0.00778211 -0.61431
2 1 -0.0124477 -0.618976
0 2 0.0761987 -0.477453
1 2 0.0886403 -0.474342
2 2 0.0855298 -0.474342
0 3 -0.0176318 -0.613792
1 3 -0.00778211 -0.61431
2 3 -0.0108926 -0.620531
0 4 0.0948611 -0.604979
1 4 0.104814 -0.604357
2 4 0.101082 -0.604979
0 5 0.0077699 -0.863142
1 5 0.0202115 -0.869363
2 5 0.0171011 -0.872474
0 6 0.0226998 -0.865631
1 6 0.0338973 -0.869363
2 6 0.0301648 -0.873096
0 7 0.0898844 -0.484918
1 7 0.101082 -0.484918
2 7 0.0973494 -0.484918
0 8 -0.00342757 -0.749924
1 8 0.0077699 -0.753656
2 8 0.00403741 -0.757389
0 9 0.093617 -0.604357
1 9 0.104814 -0.604357
2 9 0.101082 -0.608089
0 10 -0.0176318 -0.613792
1 10 -0.00874996 -0.61375
2 10 -0.0108925 -0.623019
0 11 -0.02209 -0.764854
1 11 -0.0108925 -0.768586
2 11 -0.014625 -0.772319
0 12 -0.00342757 -0.727529
1 12 0.0077699 -0.731261
2 12 0.00403741 -0.734994
