77
0 0 -0.4875 -0.92125
1 0 -0.465 -0.9325
2 0 -0.440625 -0.94375
0 1 -0.361 -0.8722
1 1 -0.341667 -0.880208
2 1 -0.316667 -0.888542
0 2 -0.367 -0.67
1 2 -0.346 -0.679
2 2 -0.323958 -0.686458
0 3 -0.351042 -0.00729167
1 3 -0.341667 -0.0114583
2 3 -0.328125 -0.0166667
0 4 -0.615 -0.92375
1 4 -0.60375 -0.935
2 4 -0.59 -0.94375
0 5 -0.345 -0.65375
1 5 -0.325 -0.66125
2 5 -0.3 -0.66875
0 6 -0.19125 -0.70875
1 6 -0.16875 -0.7175
2 6 -0.14375 -0.725
0 7 -0.37375 -0.6675
1 7 -0.351042 -0.676042
2 7 -0.32625 -0.68375
0 8 -0.361 -0.8722
1 8 -0.3415 -0.88
2 8 -0.31625 -0.88875
0 9 -0.20875 -0.7025
1 9 -0.18625 -0.70875
2 9 -0.1625 -0.71625
0 10 -0.6112 -0.91792
1 10 -0.60256 -0.92872
2 10 -0.59125 -0.93625
0 11 -0.3505 -0.544
1 11 -0.33125 -0.551042
2 11 -0.3075 -0.5575
0 12 -0.36375 -0.86875
1 12 -0.3415 -0.88
2 12 -0.3175 -0.885
0 13 -0.485 -0.92625
1 13 -0.465 -0.9375
2 13 -0.4405 -0.946
0 14 -0.367 -0.67
1 14 -0.346 -0.679
2 14 -0.3235 -0.6865
0 15 -0.271 -0.6745
1 15 -0.2515 -0.682
2 15 -0.2275 -0.688
0 16 0.0815 -0.85
1 16 0.10375 -0.8575
2 16 0.1295 -0.8635
0 17 -0.3415 -0.6475
1 17 -0.322 -0.655
2 17 -0.298 -0.6625
0 18 -0.35125 -0.00749995
1 18 -0.3412 -0.0128799
2 18 -0.328 -0.0175
0 19 -0.361 -0.793
1 19 -0.34 -0.805
2 19 -0.3145 -0.8125
0 20 -0.3502 -0.5428
1 20 -0.3322 -0.5518
2 20 -0.3085 -0.5575
0 21 -0.361 -0.8722
1 21 -0.3415 -0.88
2 21 -0.316 -0.889
0 22 -0.6112 -0.91792
1 22 -0.60256 -0.92872
2 22 -0.5896 -0.9388
0 23 -0.361 -0.8722
1 23 -0.3412 -0.8812
2 23 -0.316 -0.8902
0 24 -0.367 -0.67
1 24 -0.346 -0.679
2 24 -0.3232 -0.6868
0 25 -0.349408 -0.5464
1 25 -0.3322 -0.5518
2 25 -0.3088 -0.559
0 26 -0.2872 -0.658
1 26 -0.2674 -0.667
2 26 -0.244 -0.6742
0 27 -0.361 -0.7948
1 27 -0.3394 -0.8038
2 27 -0.316 -0.8128
0 28 -0.352 -0.7948
1 28 -0.3286 -0.8056
2 28 -0.3052 -0.8128
0 29 -0.0711999 -0.7624
1 29 -0.0477999 -0.7696
2 29 -0.0225999 -0.7768
0 30 -0.3736 -0.6652
1 30 -0.352 -0.6742
2 30 -0.3268 -0.6814
0 31 -0.34984 -0.00423985
1 31 -0.33904 -0.00726376
2 31 -0.3268 -0.0135999
0 32 -0.1108 -0.7534
1 32 -0.0909999 -0.7606
2 32 -0.0639999 -0.7678
0 33 -0.359776 -0.872992
1 33 -0.3412 -0.8812
2 33 -0.31528 -0.88984
0 34 0.0756802 -0.85528
1 34 0.0994401 -0.86392
2 34 0.12536 -0.8704
0 35 -0.3736 -0.6652
1 35 -0.35416 -0.67384
2 35 -0.33256 -0.68248
0 36 -0.36064 -0.7948
1 36 -0.3394 -0.8038
2 36 -0.31528 -0.81208
0 37 -0.352 -0.00855986
1 37 -0.3412 -0.0128799
2 37 -0.32824 -0.0193598
0 38 -0.34336 -0.65224
1 38 -0.32392 -0.66088
2 38 -0.30016 -0.66952
0 39 -0.349926 -0.545881
1 39 -0.3322 -0.5518
2 39 -0.3088 -0.55936
0 40 -0.0647199 -0.71704
1 40 -0.0409599 -0.72568
2 40 -0.0171998 -0.73
0 41 -0.34768 -0.55072
1 41 -0.3286 -0.5572
2 41 -0.30448 -0.56584
0 42 -0.2656 -0.67816
1 42 -0.244 -0.6868
2 42 -0.2224 -0.69544
0 43 -0.27208 -0.67384
1 43 -0.25264 -0.68032
2 43 -0.22672 -0.6868
0 44 -0.0711999 -0.7624
1 44 -0.0474399 -0.76888
2 44 -0.0215199 -0.77536
0 45 -0.34984 -0.00423985
1 45 -0.33904 -0.00726376
2 45 -0.32608 -0.0128799
0 46 -0.362368 -0.872474
1 46 -0.3412 -0.8812
2 46 -0.315712 -0.891136
0 47 0.0808642 -0.847072
1 47 0.104192 -0.854848
2 47 0.130112 -0.862624
0 48 -0.266464 -0.678592
1 48 -0.245728 -0.686368
2 48 -0.2224 -0.696736
0 49 -0.271648 -0.673408
1 49 -0.253504 -0.681184
2 49 -0.227584 -0.68896
0 50 -0.3628 -0.6652
1 50 -0.3412 -0.67384
2 50 -0.320896 -0.681184
0 51 -0.362368 -0.665632
1 51 -0.340595 -0.673408
2 51 -0.315712 -0.681184
0 52 -0.2872 -0.657856
1 52 -0.266464 -0.665632
2 52 -0.243136 -0.673408
0 53 -0.34768 -0.55072
1 53 -0.3286 -0.5572
2 53 -0.302752 -0.567136
0 54 -0.359776 -0.795232
1 54 -0.33904 -0.8056
2 54 -0.315712 -0.813376
0 55 -0.352 -0.795232
1 55 -0.331264 -0.8056
2 55 -0.307936 -0.813376
0 56 -0.344224 -0.652672
1 56 -0.323488 -0.660448
2 56 -0.30016 -0.668224
0 57 -0.34984 -0.00423985
1 57 -0.33904 -0.00726376
2 57 -0.32608 -0.0124477
0 58 -0.352 -0.00855986
1 58 -0.341632 -0.0150398
2 58 -0.328672 -0.0202237
0 59 -0.258688 -0.561952
1 59 -0.241062 -0.567654
2 59 -0.217216 -0.574912
0 60 -0.362368 -0.872474
1 60 -0.340595 -0.881805
2 60 -0.315712 -0.891136
0 61 0.0756803 -0.85744
1 61 0.0979715 -0.866253
2 61 0.122855 -0.872474
0 62 0.0808642 -0.847072
1 62 0.101082 -0.854433
2 62 0.129075 -0.860032
0 63 -0.272166 -0.673408
1 63 -0.250393 -0.679629
2 63 -0.228621 -0.68896
0 64 -0.349408 -0.5464
1 64 -0.331264 -0.554176
2 64 -0.306381 -0.564544
0 65 -0.343705 -0.648525
1 65 -0.325043 -0.657856
2 65 -0.30016 -0.664077
0 66 -0.359257 -0.794714
1 66 -0.331264 -0.8056
2 66 -0.309491 -0.813376
0 67 -0.349408 -0.00985578
1 67 -0.341632 -0.0150398
2 67 -0.328153 -0.0202237
0 68 -0.34984 -0.00423985
1 68 -0.33904 -0.00726376
2 68 -0.325043 -0.0108926
0 69 -0.260969 -0.5633
1 69 -0.241062 -0.567654
2 69 -0.216179 -0.573875
0 70 -0.0668798 -0.757389
1 70 -0.045107 -0.76361
2 70 -0.0202237 -0.76983
0 71 -0.272166 -0.673408
1 71 -0.253504 -0.679007
2 71 -0.231109 -0.690204
0 72 -0.361746 -0.667809
1 72 -0.340595 -0.673408
2 72 -0.316956 -0.682739
0 73 -0.343083 -0.649147
1 73 -0.324421 -0.656612
2 73 -0.298294 -0.664077
0 74 -0.260969 -0.5633
1 74 -0.242306 -0.570765
2 74 -0.216179 -0.574497
0 75 -0.126599 -0.742459
1 75 -0.104205 -0.749924
2 75 -0.0780772 -0.757389
0 76 -0.34984 -0.00423985
1 76 -0.33904 -0.00726376
2 76 -0.324421 -0.0108925
