44
0 0 0.49375 -0.926042
1 0 0.5 -0.925
2 0 0.503125 -0.908333
0 1 0.494 -0.919
1 1 0.5 -0.9175
2 1 0.503 -0.901
0 2 0.413 -0.9115
1 2 0.4175 -0.9115
2 2 0.4205 -0.895
0 3 0.467 -0.8425
1 3 0.473 -0.841
2 3 0.4745 -0.823
0 4 0.0206001 -0.8506
1 4 0.02125 -0.8525
2 4 0.0185 -0.8365
0 5 0.134 -0.82
1 5 0.1358 -0.82
2 5 0.134 -0.8038
0 6 0.4886 -0.9136
1 6 0.494 -0.9118
2 6 0.4976 -0.8956
0 7 0.413 -0.9118
1 7 0.4166 -0.9118
2 7 0.4202 -0.8956
0 8 0.4976 -0.919
1 8 0.503 -0.919
2 8 0.5066 -0.9028
0 9 0.4958 -0.928
1 9 0.5012 -0.9262
2 9 0.5048 -0.91
0 10 0.413 -0.8434
1 10 0.4184 -0.8416
2 10 0.4202 -0.8254
0 11 0.026 -0.856
1 11 0.026 -0.856
2 11 0.0260001 -0.8416
0 12 0.0195201 -0.85096
1 12 0.02 -0.853
2 12 0.0170001 -0.838
0 13 0.4094 -0.9082
1 13 0.4148 -0.9082
2 13 0.4166 -0.892
0 14 0.0206001 -0.676
1 14 0.0195201 -0.67384
2 14 0.0170001 -0.658
0 15 0.0332001 -0.847
1 15 0.0332001 -0.847
2 15 0.0314001 -0.8326
0 16 0.41048 -0.90928
1 16 0.4148 -0.90712
2 16 0.41696 -0.892
0 17 0.48824 -0.91144
1 17 0.49256 -0.91144
2 17 0.49688 -0.89416
0 18 0.49472 -0.92872
1 18 0.5012 -0.92656
2 18 0.50552 -0.91144
0 19 0.0540801 -0.80776
1 19 0.0540801 -0.80776
2 19 0.0519201 -0.79264
0 20 0.0212482 -0.678592
1 20 0.0212482 -0.676
2 20 0.0173601 -0.65872
0 21 0.0216801 -0.676
1 21 0.0195201 -0.67384
2 21 0.0186562 -0.657856
0 22 0.0206001 -0.8506
1 22 0.0212482 -0.849664
2 22 0.0160643 -0.836704
0 23 0.0295427 -0.68585
1 23 0.0264322 -0.683776
2 23 0.0238403 -0.665632
0 24 -0.258688 -0.84448
1 24 -0.26128 -0.84448
2 24 -0.266464 -0.83152
0 25 0.498176 -0.919648
1 25 0.50336 -0.919648
2 25 0.505952 -0.901504
0 26 0.423008 -0.847072
1 26 0.428192 -0.84448
2 26 0.430784 -0.828928
0 27 0.132704 -0.81856
1 27 0.135296 -0.81856
2 27 0.132704 -0.803008
0 28 0.25712 -0.880768
1 28 0.259712 -0.880768
2 28 0.259712 -0.865216
0 29 -0.293939 -0.84759
1 29 -0.297049 -0.84759
2 29 -0.30016 -0.835149
0 30 0.0264323 -0.850701
1 30 0.0264323 -0.853811
2 30 0.0233219 -0.838259
0 31 0.0562922 -0.824573
1 31 0.0544259 -0.822707
2 31 0.0513155 -0.810266
0 32 0.032653 -0.84448
1 32 0.032653 -0.84448
2 32 0.032653 -0.828928
0 33 -0.30016 -0.430797
1 33 -0.312601 -0.427686
2 33 -0.331264 -0.412134
0 34 0.0202115 -0.84759
1 34 0.0212482 -0.849664
2 34 0.0139907 -0.835149
0 35 0.160802 -0.835771
1 35 0.160802 -0.835771
2 35 0.160802 -0.820841
0 36 0.0226998 -0.679007
1 36 0.0226998 -0.679007
2 36 0.0189673 -0.660344
0 37 0.0562922 -0.809643
1 37 0.0562922 -0.809643
2 37 0.0525597 -0.794714
0 38 0.130942 -0.820841
1 38 0.134674 -0.817108
2 38 0.130942 -0.802178
0 39 0.0562922 -0.824573
1 39 0.0525597 -0.824573
2 39 0.0525597 -0.809643
0 40 0.0338973 -0.843236
1 40 0.0338973 -0.843236
2 40 0.0338973 -0.828306
0 41 0.0202115 -0.84759
1 41 0.0202115 -0.84759
2 41 0.0152349 -0.832038
0 42 -0.294561 -0.846968
1 42 -0.297049 -0.84759
2 42 -0.302026 -0.835771
0 43 -0.260969 -0.846968
1 43 -0.264701 -0.846968
2 43 -0.268434 -0.835771
