16
0 0 -0.64375 -0.27375
1 0 -0.65625 -0.28875
2 0 -0.67125 -0.30125
0 1 -0.547 -0.355
1 1 -0.5515 -0.37
2 1 -0.5605 -0.3865
0 2 -0.6436 -0.2746
1 2 -0.655 -0.289
2 2 -0.6706 -0.3016
0 3 -0.54856 -0.35416
1 3 -0.5518 -0.37
2 3 -0.55936 -0.38656
0 4 -0.6436 -0.27424
1 4 -0.655264 -0.289792
2 4 -0.670816 -0.302752
0 5 0.104192 -0.647488
1 5 0.135296 -0.657856
2 5 0.161216 -0.673408
0 6 -0.54856 -0.35416
1 6 -0.55072 -0.37144
2 6 -0.55936 -0.388288
0 7 0.25064 -0.41464
1 7 0.280448 -0.419392
2 7 0.30896 -0.424576
0 8 -0.642304 -0.275277
1 8 -0.654746 -0.287718
2 8 -0.670297 -0.30327
0 9 0.104192 -0.647488
1 9 0.135296 -0.657856
2 9 0.16018 -0.673408
0 10 0.281485 -0.620531
1 10 0.31881 -0.629862
2 10 0.349914 -0.642304
0 11 0.247271 -0.415245
1 11 0.278375 -0.418355
2 11 0.306368 -0.424576
0 12 0.138407 -0.828306
1 12 0.175732 -0.843236
2 12 0.201859 -0.865631
0 13 0.235451 -0.421465
1 13 0.265311 -0.425198
2 13 0.291438 -0.432663
0 14 0.283973 -0.623019
1 14 0.317566 -0.630484
2 14 0.351158 -0.645414
0 15 0.104814 -0.649147
1 15 0.134674 -0.660344
2 15 0.160802 -0.675274
