26
0 0 0.299 -0.7645
1 0 0.314 -0.754
2 0 0.3185 -0.769
0 1 -0.51125 -0.82
1 1 -0.511 -0.8155
2 1 -0.523 -0.8245
0 2 0.1286 -0.4222
1 2 0.1376 -0.4042
2 2 0.1412 -0.4096
0 3 0.3032 -0.7912
1 3 0.3176 -0.7822
2 3 0.323 -0.7984
0 4 0.0134722 -0.590464
1 4 0.0212482 -0.577504
2 4 0.0206001 -0.5842
0 5 0.35432 -0.66304
1 5 0.36944 -0.65008
2 5 0.37592 -0.66304
0 6 0.0134722 -0.590464
1 6 0.0212482 -0.577504
2 6 0.0216801 -0.58528
0 7 0.0368003 -0.720064
1 7 0.0445763 -0.709696
2 7 0.0445763 -0.722656
0 8 0.371168 -0.652672
1 8 0.38672 -0.639712
2 8 0.394496 -0.652672
0 9 0.0134722 -0.769312
1 9 0.0238403 -0.758944
2 9 0.0212482 -0.771904
0 10 0.12752 -0.421984
1 10 0.135296 -0.406432
2 10 0.14048 -0.411616
0 11 0.0134722 -0.590464
1 11 0.0212482 -0.577504
2 11 0.0212482 -0.58528
0 12 0.0699778 -0.881805
1 12 0.0824195 -0.872474
2 12 0.0793091 -0.891136
0 13 0.125965 -0.741837
1 13 0.135296 -0.732506
2 13 0.138407 -0.744947
0 14 0.0134722 -0.590464
1 14 0.0212482 -0.577504
2 14 0.0202115 -0.586317
0 15 0.119744 -0.421465
1 15 0.125965 -0.405913
2 15 0.132186 -0.412134
0 16 0.125965 -0.421465
1 16 0.135296 -0.405913
2 16 0.138407 -0.412134
0 17 0.0357635 -0.748058
1 17 0.0450947 -0.738726
2 17 0.0450947 -0.751168
0 18 0.145872 -0.574497
1 18 0.153337 -0.559567
2 18 0.157069 -0.567032
0 19 0.0376298 -0.720064
1 19 0.0450947 -0.712599
2 19 0.0450947 -0.723796
0 20 0.0450947 -0.738726
1 20 0.0525597 -0.731261
2 20 0.0525597 -0.742459
0 21 0.0450947 -0.727529
1 21 0.0525597 -0.720064
2 21 0.0525597 -0.731261
0 22 0.0139907 -0.76672
1 22 0.0233219 -0.757389
2 22 0.0189673 -0.772319
0 23 0.0376298 -0.746191
1 23 0.0450947 -0.738726
2 23 0.0450947 -0.749924
0 24 0.127209 -0.425198
1 24 0.134674 -0.410268
2 24 0.138407 -0.414
0 25 0.0134722 -0.590464
1 25 0.0226998 -0.57823
2 25 0.0226998 -0.589427
