63
0 0 0.5325 -0.87125
1 0 0.5325 -0.87625
2 0 0.5375 -0.88125
0 1 -0.2635 -0.8755
1 1 -0.2695 -0.8815
2 1 -0.27375 -0.8825
0 2 0.545 -0.94375
1 2 0.54625 -0.95
2 2 0.55 -0.955
0 3 0.032 -0.8875
1 3 0.02875 -0.89375
2 3 0.0275 -0.8975
0 4 0.045 -0.8825
1 4 0.0416667 -0.888542
2 4 0.04 -0.89125
0 5 0.032 -0.8875
1 5 0.029 -0.8935
2 5 0.026 -0.8965
0 6 0.4385 -0.904
1 6 0.437 -0.91
2 6 0.4415 -0.916
0 7 0.4775 -0.88
1 7 0.4775 -0.886
2 7 0.482 -0.8905
0 8 0.521 -0.877
1 8 0.521 -0.883
2 8 0.5255 -0.8875
0 9 0.5315 -0.862
1 9 0.5315 -0.8665
2 9 0.536 -0.871
0 10 0.5345 -0.8635
1 10 0.536 -0.8695
2 10 0.5405 -0.874
0 11 0.4715 -0.874
1 11 0.4715 -0.88
2 11 0.476 -0.8845
0 12 0.293 -0.916
1 12 0.29 -0.922
2 12 0.2915 -0.9265
0 13 0.4715 -0.8695
1 13 0.4715 -0.8755
2 13 0.476 -0.88
0 14 -0.2635 -0.8755
1 14 -0.2695 -0.8815
2 14 -0.274 -0.883
0 15 -0.4168 -0.3826
1 15 -0.4366 -0.3826
2 15 -0.451 -0.376
0 16 -0.4165 -0.382
1 16 -0.4366 -0.3826
2 16 -0.4528 -0.3772
0 17 0.0316163 -0.694144
1 17 0.0290243 -0.699328
2 17 0.0260001 -0.6994
0 18 0.3302 -0.91
1 18 0.3302 -0.9154
2 18 0.3302 -0.919
0 19 0.4382 -0.9028
1 19 0.4382 -0.91
2 19 0.4418 -0.9154
0 20 0.0674001 -0.8578
1 20 0.0638001 -0.8632
2 20 0.0620001 -0.8668
0 21 0.521 -0.8776
1 21 0.521 -0.883
2 21 0.5264 -0.8884
0 22 -0.3034 -0.8794
1 22 -0.3088 -0.88552
2 22 -0.3142 -0.8866
0 23 0.0314001 -0.8884
1 23 0.0278001 -0.8938
2 23 0.0260001 -0.8974
0 24 -0.2656 -0.8758
1 24 -0.2692 -0.8812
2 24 -0.2746 -0.883
0 25 0.5354 -0.865
1 25 0.5372 -0.8704
2 25 0.5408 -0.874
0 26 0.521 -0.8704
1 26 0.5228 -0.8776
2 26 0.5264 -0.8812
0 27 0.5498 -0.8794
1 27 0.5516 -0.8848
2 27 0.557 -0.8902
0 28 0.0692001 -0.85744
1 28 0.0648802 -0.86392
2 28 0.0627202 -0.86608
0 29 -0.56584 -0.39088
1 29 -0.58744 -0.39088
2 29 -0.60688 -0.38656
0 30 0.0368001 -0.8902
1 30 0.0346401 -0.89416
2 30 0.0324802 -0.89848
0 31 0.33056 -0.90928
1 31 0.3284 -0.91576
2 31 0.33056 -0.92008
0 32 -0.51832 -0.43624
1 32 -0.5356 -0.4384
2 32 -0.55288 -0.43408
0 33 0.29816 -0.91576
1 33 0.29816 -0.92224
2 33 0.29816 -0.92656
0 34 0.0316163 -0.694144
1 34 0.0290243 -0.699328
2 34 0.0260002 -0.69976
0 35 0.30464 -0.91792
1 35 0.30248 -0.9244
2 35 0.30464 -0.92872
0 36 0.0314001 -0.8884
1 36 0.0278001 -0.8938
2 36 0.0260002 -0.89632
0 37 0.296 -0.92224
1 37 0.296 -0.92872
2 37 0.296 -0.93304
0 38 0.0454402 -0.8812
1 38 0.0419842 -0.885952
2 38 0.0411201 -0.88984
0 39 0.329696 -0.90928
1 39 0.327104 -0.917056
2 39 0.329696 -0.919648
0 40 0.288224 -0.898912
1 40 0.288224 -0.904096
2 40 0.288224 -0.90928
0 41 0.0316163 -0.694144
1 41 0.0290243 -0.699328
2 41 0.0264322 -0.699328
0 42 0.0303202 -0.88768
1 42 0.0278001 -0.8938
2 42 0.0238403 -0.89632
0 43 0.0454402 -0.8812
1 43 0.0419842 -0.885952
2 43 0.0419842 -0.888544
0 44 0.474848 -0.875584
1 44 0.474848 -0.88336
2 44 0.480032 -0.885952
0 45 0.0316163 -0.694144
1 45 0.0290243 -0.699328
2 45 0.0264323 -0.698291
0 46 0.0295427 -0.884915
1 46 0.0264323 -0.891136
2 46 0.0233219 -0.894246
0 47 -0.30327 -0.881805
1 47 -0.309491 -0.888026
2 47 -0.312601 -0.891136
0 48 -0.415245 -0.384141
1 48 -0.433907 -0.384141
2 48 -0.449459 -0.37792
0 49 0.153959 -0.850701
1 49 0.150848 -0.856922
2 49 0.150848 -0.860032
0 50 -0.564544 -0.390361
1 50 -0.586317 -0.390361
2 50 -0.604979 -0.387251
0 51 -0.507312 -0.455058
1 51 -0.525975 -0.45879
2 51 -0.540905 -0.455058
0 52 -0.574497 -0.399071
1 52 -0.600625 -0.399071
2 52 -0.615554 -0.395338
0 53 -0.564544 -0.390361
1 53 -0.585695 -0.395338
2 53 -0.604357 -0.387873
0 54 0.032653 -0.695181
1 54 0.0264323 -0.701402
2 54 0.0264323 -0.701402
0 55 0.0413623 -0.705134
1 55 0.0376298 -0.708866
2 55 0.0338973 -0.708866
0 56 0.481795 -0.861898
1 56 0.481795 -0.869363
2 56 0.485527 -0.873096
0 57 0.0674896 -0.858166
1 57 0.0637571 -0.861898
2 57 0.0637571 -0.865631
0 58 0.0338973 -0.697669
1 58 0.0264323 -0.701402
2 58 0.0264323 -0.708866
0 59 0.153337 -0.850701
1 59 0.149604 -0.858166
2 59 0.149604 -0.858166
0 60 0.194394 -0.876828
1 60 0.194394 -0.880561
2 60 0.194394 -0.884293
0 61 0.0674896 -0.839503
1 61 0.0637571 -0.846968
2 61 0.0637571 -0.846968
0 62 0.183197 -0.869363
1 62 0.179464 -0.873096
2 62 0.179464 -0.876828
