42
0 0 -0.0925 -0.36625
1 0 -0.07875 -0.37125
2 0 -0.0699999 -0.376
0 1 -0.6085 -0.3145
1 1 -0.604 -0.322
2 1 -0.607 -0.3265
0 2 -0.529 -0.7645
1 2 -0.5125 -0.775
2 2 -0.502 -0.7855
0 3 -0.6094 -0.3682
1 3 -0.6022 -0.379
2 3 -0.6004 -0.3862
0 4 0.1286 -0.9064
1 4 0.152 -0.913
2 4 0.1682 -0.9208
0 5 -0.52912 -0.7624
1 5 -0.514 -0.77536
2 5 -0.5032 -0.784
0 6 -0.0953918 -0.370144
1 6 -0.0798399 -0.3736
2 6 -0.0711999 -0.37792
0 7 -0.64576 -0.38872
1 7 -0.63928 -0.39952
2 7 -0.63928 -0.406
0 8 0.27008 -0.191296
1 8 0.2852 -0.18784
2 8 0.29816 -0.18352
0 9 -0.52912 -0.7624
1 9 -0.514 -0.77536
2 9 -0.5032 -0.784
0 10 -0.52264 -0.6976
1 10 -0.50752 -0.7084
2 10 -0.49672 -0.7192
0 11 0.17936 -0.904096
1 11 0.202688 -0.911872
2 11 0.220832 -0.917056
0 12 -0.0953918 -0.370144
1 12 -0.0798399 -0.3736
2 12 -0.0720638 -0.37792
0 13 -0.59824 -0.367552
1 13 -0.590464 -0.375328
2 13 -0.590464 -0.383104
0 14 -0.608608 -0.370144
1 14 -0.603424 -0.37792
2 14 -0.600832 -0.385696
0 15 -0.608608 -0.37792
1 15 -0.603424 -0.385696
2 15 -0.600832 -0.393472
0 16 -0.528256 -0.761536
1 16 -0.512704 -0.774496
2 16 -0.502336 -0.784864
0 17 -0.473824 -0.745984
1 17 -0.458272 -0.758944
2 17 -0.447904 -0.769312
0 18 0.27008 -0.191296
1 18 0.285632 -0.188704
2 18 0.298592 -0.186112
0 19 -0.520998 -0.701402
1 19 -0.505446 -0.710733
2 19 -0.497152 -0.720064
0 20 0.269043 -0.194406
1 20 0.284595 -0.188185
2 20 0.300148 -0.185075
0 21 -0.620531 -0.402803
1 21 -0.6112 -0.412134
2 21 -0.6112 -0.421465
0 22 -0.636083 -0.38103
1 22 -0.629862 -0.390361
2 22 -0.629862 -0.396582
0 23 -0.520998 -0.701402
1 23 -0.505446 -0.710733
2 23 -0.496115 -0.720064
0 24 -0.530329 -0.760499
1 24 -0.512704 -0.774496
2 24 -0.502336 -0.785382
0 25 -0.514777 -0.760499
1 25 -0.499225 -0.772941
2 25 -0.489894 -0.782272
0 26 -0.0953918 -0.370144
1 26 -0.0855422 -0.371699
2 26 -0.0731005 -0.37792
0 27 -0.474342 -0.744947
1 27 -0.45879 -0.757389
2 27 -0.446349 -0.76672
0 28 -0.670297 -0.346816
1 28 -0.664077 -0.356147
2 28 -0.667187 -0.362368
0 29 0.269043 -0.185075
1 29 0.284595 -0.178854
2 29 0.297037 -0.175744
0 30 -0.595648 -0.356147
1 30 -0.589427 -0.365478
2 30 -0.589427 -0.371699
0 31 0.269043 -0.185075
1 31 0.287706 -0.182587
2 31 0.298903 -0.175122
0 32 -0.611822 -0.365478
1 32 -0.604357 -0.376676
2 32 -0.604357 -0.384141
0 33 -0.600625 -0.369211
1 33 -0.59316 -0.376676
2 33 -0.59316 -0.384141
0 34 -0.671542 -0.365478
1 34 -0.664077 -0.376676
2 34 -0.664077 -0.384141
0 35 -0.0967396 -0.369211
1 35 -0.0855421 -0.372943
2 35 -0.0743447 -0.380408
0 36 -0.529707 -0.761121
1 36 -0.511045 -0.776051
2 36 -0.50358 -0.779784
0 37 -0.47372 -0.746191
1 37 -0.45879 -0.757389
2 37 -0.447593 -0.768586
0 38 -0.507312 -0.749924
1 38 -0.492383 -0.764854
2 38 -0.481185 -0.772319
0 39 -0.514777 -0.761121
1 39 -0.499848 -0.772319
2 39 -0.48865 -0.783516
0 40 -0.596892 -0.358013
1 40 -0.589427 -0.365478
2 40 -0.589427 -0.372943
0 41 0.321298 -0.186319
1 41 0.336228 -0.182587
2 41 0.351158 -0.178854
