13
0 0 0.4022 -0.8812
1 0 0.47875 -0.87625
2 0 0.55125 -0.8675
0 1 0.395 -0.874
1 1 0.48125 -0.87
2 1 0.551 -0.8605
0 2 0.4022 -0.8812
1 2 0.4775 -0.877
2 2 0.548 -0.8686
0 3 0.3986 -0.8722
1 3 0.48125 -0.87
2 3 0.5498 -0.8596
0 4 -0.0323199 -0.55288
1 4 0.0238401 -0.54856
2 4 0.0648802 -0.54208
0 5 0.4022 -0.8812
1 5 0.482624 -0.878176
2 5 0.55304 -0.86824
0 6 0.3986 -0.8722
1 6 0.48125 -0.87
2 6 0.55088 -0.8596
0 7 0.4022 -0.8812
1 7 0.4778 -0.8776
2 7 0.552608 -0.8704
0 8 0.404 -0.8812
1 8 0.48176 -0.87904
2 8 0.55209 -0.872474
0 9 0.417824 -0.88336
1 9 0.4904 -0.878176
2 9 0.564532 -0.869363
0 10 0.306368 -0.894246
1 10 0.387239 -0.891136
2 10 0.449447 -0.884915
0 11 -0.0332874 -0.880561
1 11 0.0301648 -0.884293
2 11 0.086152 -0.884293
0 12 0.39968 -0.884293
1 12 0.478063 -0.880561
2 12 0.552712 -0.873096
