25
0 0 -0.665 -0.3575
1 0 -0.685 -0.34375
2 0 -0.701042 -0.302083
0 1 -0.665 -0.3575
1 1 -0.685 -0.34375
2 1 -0.70125 -0.30125
0 2 0.0675001 -0.935
1 2 0.075 -0.93125
2 2 0.0787501 -0.9025
0 3 0.2096 -0.8686
1 3 0.2186 -0.865
2 3 0.2255 -0.838
0 4 -0.298 -0.91
1 4 -0.2944 -0.9046
2 4 -0.292 -0.868
0 5 0.0675001 -0.935
1 5 0.075 -0.93125
2 5 0.0785 -0.9025
0 6 0.0515001 -0.943
1 6 0.0584001 -0.9388
2 6 0.0620001 -0.91
0 7 0.0674001 -0.9352
1 7 0.0746001 -0.9316
2 7 0.0782001 -0.9028
0 8 0.2492 -0.9244
1 8 0.26 -0.9208
2 8 0.2672 -0.8956
0 9 -0.298 -0.91
1 9 -0.2944 -0.9046
2 9 -0.2926 -0.8686
0 10 0.11456 -0.87904
1 10 0.1232 -0.87472
2 10 0.12752 -0.84664
0 11 0.22688 -0.68248
1 11 0.23552 -0.676
2 11 0.24632 -0.64576
0 12 0.0497601 -0.69328
1 12 0.0584002 -0.68464
2 12 0.0627202 -0.6544
0 13 -0.83368 -0.39304
1 13 -0.85744 -0.38008
2 13 -0.87472 -0.33904
0 14 0.0523523 -0.691552
1 14 0.0601283 -0.683776
2 14 0.0653123 -0.652672
0 15 0.345248 -0.761536
1 15 0.358208 -0.756352
2 15 0.371168 -0.730432
0 16 0.26792 -0.93088
1 16 0.27872 -0.92872
2 16 0.285632 -0.904096
0 17 0.239184 -0.667809
1 17 0.250381 -0.660344
2 17 0.259712 -0.629862
0 18 0.231719 -0.660966
1 18 0.24416 -0.651635
2 18 0.253492 -0.623641
0 19 0.0525597 -0.693937
1 19 0.0600246 -0.686472
2 19 0.0668674 -0.654746
0 20 -0.768586 -0.272166
1 20 -0.794714 -0.253504
2 20 -0.817108 -0.208714
0 21 0.231719 -0.660966
1 21 0.250381 -0.660344
2 21 0.257846 -0.634217
0 22 0.0973494 -0.880561
1 22 0.104814 -0.873096
2 22 0.108547 -0.846968
0 23 0.231719 -0.660344
1 23 0.242916 -0.652879
2 23 0.254114 -0.623019
0 24 0.0525597 -0.693937
1 24 0.0600246 -0.686472
2 24 0.0637571 -0.656612
