63
0 0 -0.65 -0.891667
1 0 -0.635 -0.9025
2 0 -0.622917 -0.913542
0 1 -0.40625 -0.7
1 1 -0.38875 -0.71125
2 1 -0.37625 -0.72125
0 2 -0.20625 -0.8575
1 2 -0.18875 -0.87
2 2 -0.17625 -0.8825
0 3 -0.65 -0.89125
1 3 -0.634 -0.9025
2 3 -0.6225 -0.91375
0 4 -0.6505 -0.892
1 4 -0.634 -0.9025
2 4 -0.622 -0.9145
0 5 -0.472 -0.7255
1 5 -0.4555 -0.736
2 5 -0.4435 -0.7465
0 6 -0.5545 -0.745
1 6 -0.535 -0.7555
2 6 -0.5245 -0.766
0 7 -0.0445 -0.745
1 7 -0.0264999 -0.757
2 7 -0.0115 -0.769
0 8 -0.2065 -0.8575
1 8 -0.19 -0.86824
2 8 -0.1774 -0.883
0 9 -0.0765999 -0.676
1 9 -0.058 -0.688
2 9 -0.0441999 -0.6994
0 10 -0.4735 -0.7525
1 10 -0.4564 -0.7624
2 10 -0.4438 -0.7732
0 11 -0.5464 -0.2314
1 11 -0.5266 -0.2404
2 11 -0.5158 -0.244
0 12 -0.20728 -0.85744
1 12 -0.191296 -0.8704
2 12 -0.17704 -0.88336
0 13 -0.36712 -0.71488
1 13 -0.34984 -0.72568
2 13 -0.33688 -0.73648
0 14 -0.68464 -0.19648
1 14 -0.6652 -0.20512
2 14 -0.6544 -0.20944
0 15 -0.53992 -0.20944
1 15 -0.52048 -0.21808
2 15 -0.51184 -0.2224
0 16 -0.65008 -0.88984
1 16 -0.6328 -0.9028
2 16 -0.622 -0.9136
0 17 -0.0409599 -0.71704
1 17 -0.0236799 -0.73
2 17 -0.00855986 -0.74296
0 18 -0.40816 -0.6976
1 18 -0.39088 -0.7084
2 18 -0.37792 -0.7192
0 19 -0.39952 -0.68896
1 19 -0.38008 -0.69976
2 19 -0.36928 -0.71056
0 20 -0.5464 -0.23104
1 20 -0.52696 -0.23968
2 20 -0.51616 -0.244
0 21 0.00872014 -0.71704
1 21 0.0281602 -0.73
2 21 0.0432802 -0.7408
0 22 -0.0461438 -0.745984
1 22 -0.0279998 -0.758944
2 22 -0.0124477 -0.771904
0 23 -0.0513278 -0.676
1 23 -0.0331838 -0.686368
2 23 -0.0176318 -0.696736
0 24 -0.0772478 -0.676
1 24 -0.0565118 -0.686368
2 24 -0.0435518 -0.699328
0 25 -0.20728 -0.85744
1 25 -0.191296 -0.8704
2 25 -0.178336 -0.88336
0 26 -0.0461438 -0.631936
1 26 -0.0279998 -0.644896
2 26 -0.0124477 -0.655264
0 27 -0.471232 -0.751168
1 27 -0.45568 -0.761536
2 27 -0.44272 -0.771904
0 28 -0.0746558 -0.634528
1 28 -0.0565118 -0.647488
2 28 -0.0435518 -0.657856
0 29 -0.0798398 -0.639712
1 29 -0.0591038 -0.652672
2 29 -0.0461438 -0.66304
0 30 -0.5464 -0.23104
1 30 -0.528256 -0.240544
2 30 -0.517888 -0.245728
0 31 -0.00726376 -0.629344
1 31 0.0134722 -0.639712
2 31 0.0264322 -0.65008
0 32 -0.471232 -0.729395
1 32 -0.452569 -0.738726
2 32 -0.443238 -0.748058
0 33 -0.0482173 -0.632973
1 33 -0.0295549 -0.645414
2 33 -0.0140029 -0.654746
0 34 -0.0793214 -0.639194
1 34 -0.060659 -0.651635
2 34 -0.0419965 -0.657856
0 35 -0.0419965 -0.716954
1 35 -0.0233341 -0.729395
2 35 -0.00778211 -0.741837
0 36 -0.0793214 -0.639194
1 36 -0.060659 -0.651635
2 36 -0.045107 -0.664077
0 37 -0.0264446 -0.723174
1 37 -0.00778211 -0.735616
2 37 0.0077699 -0.748058
0 38 -0.209958 -0.856922
1 38 -0.191296 -0.866253
2 38 -0.178854 -0.881805
0 39 -0.0202237 -0.788493
1 39 -0.00156136 -0.800934
2 39 0.0139907 -0.813376
0 40 -0.0544381 -0.673408
1 40 -0.0357758 -0.68585
2 40 -0.0202237 -0.698291
0 41 -0.076211 -0.676518
1 41 -0.0575485 -0.68585
2 41 -0.045107 -0.698291
0 42 -0.0482173 -0.748058
1 42 -0.0295549 -0.760499
2 42 -0.0140029 -0.772941
0 43 -0.0731005 -0.748058
1 43 -0.0544381 -0.760499
2 43 -0.0388861 -0.772941
0 44 -0.480563 -0.754278
1 44 -0.461901 -0.76672
2 44 -0.449459 -0.776051
0 45 -0.00778211 -0.629862
1 45 0.0171011 -0.642304
2 45 0.032653 -0.654746
0 46 -0.00778211 -0.629862
1 46 0.0108803 -0.639194
2 46 0.0264323 -0.651635
0 47 -0.0699902 -0.632973
1 47 -0.0513278 -0.642304
2 47 -0.0357758 -0.654746
0 48 -0.0668798 -0.788493
1 48 -0.0482173 -0.800934
2 48 -0.0357758 -0.813376
0 49 -0.469988 -0.731261
1 49 -0.451325 -0.742459
2 49 -0.440128 -0.749924
0 50 -0.0556823 -0.675274
1 50 -0.0370199 -0.686472
2 50 -0.02209 -0.697669
0 51 -0.0482173 -0.749924
1 51 -0.0295549 -0.761121
2 51 -0.014625 -0.772319
0 52 -0.0183575 -0.787249
1 52 0.000304921 -0.798446
2 52 0.0152349 -0.813376
0 53 -0.0482173 -0.660344
1 53 -0.0295549 -0.671542
2 53 -0.014625 -0.682739
0 54 -0.00778211 -0.629862
1 54 0.0152349 -0.645414
2 54 0.0264323 -0.652879
0 55 -0.0295549 -0.634217
1 55 -0.0108925 -0.645414
2 55 0.00403741 -0.656612
0 56 -0.0519498 -0.634217
1 56 -0.0332874 -0.645414
2 56 -0.0183575 -0.656612
0 57 -0.0743447 -0.637949
1 57 -0.0556823 -0.649147
2 57 -0.0444848 -0.660344
0 58 -0.208714 -0.854433
1 58 -0.193784 -0.869363
2 58 -0.178854 -0.880561
0 59 -0.0706122 -0.749924
1 59 -0.0519498 -0.761121
2 59 -0.0370199 -0.776051
0 60 -0.0668797 -0.787249
1 60 -0.0482173 -0.798446
2 60 -0.0332874 -0.813376
0 61 0.0115024 -0.779784
1 61 0.0301648 -0.790981
2 61 0.0450947 -0.805911
0 62 -0.0594147 -0.790981
1 62 -0.0407523 -0.805911
2 62 -0.0258224 -0.817108
