50
0 0 -0.69375 -0.2625
1 0 -0.710417 -0.260417
2 0 -0.725 -0.265625
0 1 0.495 -0.92875
1 1 0.51625 -0.945
2 1 0.5425 -0.96
0 2 -0.69 -0.26125
1 2 -0.70375 -0.26
2 2 -0.72 -0.26375
0 3 -0.69375 -0.2625
1 3 -0.70875 -0.26125
2 3 -0.725 -0.26625
0 4 0.0175001 -0.88875
1 4 0.0275 -0.9025
2 4 0.04 -0.915
0 5 -0.331 -0.865
1 5 -0.325 -0.87625
2 5 -0.31625 -0.88875
0 6 0.1865 -0.88
1 6 0.2 -0.895
2 6 0.215 -0.907
0 7 8.01722e-05 -0.89416
1 7 0.0108802 -0.906688
2 7 0.0245 -0.9235
0 8 -0.69375 -0.2625
1 8 -0.70875 -0.26125
2 8 -0.7255 -0.2665
0 9 0.0170001 -0.889
1 9 0.0275 -0.9025
2 9 0.0395 -0.916
0 10 -0.331 -0.865
1 10 -0.325 -0.87625
2 10 -0.3175 -0.889
0 11 -0.607 -0.343
1 11 -0.6184 -0.343
2 11 -0.6295 -0.349
0 12 -0.607 -0.343
1 12 -0.622 -0.3445
2 12 -0.6325 -0.349
0 13 -0.607 -0.343
1 13 -0.6184 -0.343
2 13 -0.631 -0.3484
0 14 8.01722e-05 -0.89416
1 14 0.0108802 -0.906688
2 14 0.0242001 -0.9226
0 15 0.0152001 -0.8884
1 15 0.0275 -0.9025
2 15 0.0404001 -0.9154
0 16 0.00800012 -0.6616
1 16 0.0170001 -0.6706
2 16 0.0278001 -0.6796
0 17 -0.3718 -0.8704
1 17 -0.367 -0.88
2 17 -0.3592 -0.8938
0 18 -0.694 -0.262
1 18 -0.7084 -0.262
2 18 -0.7246 -0.2656
0 19 0.00440013 -0.66304
1 19 0.0152002 -0.67168
2 19 0.0281602 -0.68032
0 20 -0.7948 -0.35848
1 20 -0.8056 -0.36064
2 20 -0.82504 -0.36712
0 21 8.01722e-05 -0.89416
1 21 0.0108802 -0.906688
2 21 0.0238401 -0.92224
0 22 -0.80344 -0.3412
1 22 -0.81856 -0.3412
2 22 -0.83368 -0.34984
0 23 -0.69112 -0.26344
1 23 -0.7084 -0.26128
2 23 -0.72352 -0.2656
0 24 0.27008 -0.73648
1 24 0.28736 -0.74728
2 24 0.30464 -0.75592
0 25 0.17504 -0.63712
1 25 0.19016 -0.64576
2 25 0.20528 -0.65224
0 26 -0.83368 -0.2224
1 26 -0.85528 -0.21808
2 26 -0.8812 -0.2224
0 27 0.1862 -0.8794
1 27 0.1988 -0.892
2 27 0.21608 -0.90496
0 28 0.550016 -0.885952
1 28 0.570752 -0.901504
2 28 0.599264 -0.914464
0 29 -0.372736 -0.8704
1 29 -0.367552 -0.880768
2 29 -0.359776 -0.893728
0 30 -0.331264 -0.867808
1 30 -0.32608 -0.878176
2 30 -0.318304 -0.891136
0 31 -0.880768 -0.282016
1 31 -0.901504 -0.279424
2 31 -0.919648 -0.2872
0 32 0.00465946 -0.664077
1 32 0.0171011 -0.673408
2 32 0.0290243 -0.681184
0 33 -0.691552 -0.263872
1 33 -0.707104 -0.26128
2 33 -0.722656 -0.266464
0 34 0.27008 -0.735616
1 34 0.285632 -0.745984
2 34 0.303776 -0.756352
0 35 0.0445763 -0.836704
1 35 0.0549442 -0.849664
2 35 0.0679043 -0.860032
0 36 0.174176 -0.63712
1 36 0.189728 -0.644896
2 36 0.20528 -0.652672
0 37 0.0152002 -0.88768
1 37 0.0264322 -0.901504
2 37 0.0393922 -0.914464
0 38 0.185063 -0.878694
1 38 0.197504 -0.891136
2 38 0.213056 -0.903578
0 39 -0.371699 -0.872474
1 39 -0.368589 -0.881805
2 39 -0.359257 -0.894246
0 40 -0.334374 -0.869363
1 40 -0.328153 -0.878694
2 40 -0.321933 -0.894246
0 41 -0.69207 -0.262835
1 41 -0.704512 -0.262835
2 41 -0.723174 -0.265945
0 42 -0.331264 -0.860032
1 42 -0.325043 -0.869363
2 42 -0.315712 -0.881805
0 43 0.0139907 -0.673408
1 43 0.0238403 -0.681184
2 43 0.0357635 -0.68896
0 44 0.00440013 -0.66304
1 44 0.0171011 -0.673408
2 44 0.0264323 -0.679629
0 45 0.174176 -0.63712
1 45 0.188173 -0.645414
2 45 0.203725 -0.651635
0 46 0.0450947 -0.839503
1 46 0.0562922 -0.850701
2 46 0.0674896 -0.861898
0 47 -0.690204 -0.268434
1 47 -0.705134 -0.264701
2 47 -0.723796 -0.268434
0 48 0.280241 -0.734994
1 48 0.295171 -0.746191
2 48 0.313833 -0.753656
0 49 0.174176 -0.63712
1 49 0.188173 -0.645414
2 49 0.201859 -0.652879
