12
0 0 -0.6425 -0.29375
1 0 -0.6425 -0.28
2 0 -0.60875 -0.2875
0 1 -0.76 -0.2095
1 1 -0.776042 -0.192708
2 1 -0.7354 -0.2008
0 2 -0.7606 -0.2116
1 2 -0.775 -0.1972
2 2 -0.7354 -0.2044
0 3 -0.275277 -0.76983
1 3 -0.256096 -0.75376
2 3 -0.19648 -0.769312
0 4 -0.20944 -0.7408
1 4 -0.191296 -0.720064
2 4 -0.13168 -0.735616
0 5 -0.841888 -0.8056
1 5 -0.823744 -0.79264
2 5 -0.764128 -0.808192
0 6 -0.863142 -0.832038
1 6 -0.84137 -0.822707
2 6 -0.782272 -0.838259
0 7 -0.760499 -0.213069
1 7 -0.772941 -0.197517
2 7 -0.735616 -0.203737
0 8 -0.275277 -0.76983
1 8 -0.250393 -0.754278
2 8 -0.194406 -0.76672
0 9 0.216789 -0.175122
1 9 0.239184 -0.141529
2 9 0.302636 -0.141529
0 10 -0.856922 -0.315712
1 10 -0.850701 -0.309491
2 10 -0.824573 -0.316956
0 11 -0.212446 -0.746191
1 11 -0.193784 -0.723796
2 11 -0.134064 -0.742459
