53
0 0 -0.19648 -0.92224
1 0 -0.16875 -0.9325
2 0 -0.1475 -0.94625
0 1 -0.21 -0.585
1 1 -0.184 -0.5935
2 1 -0.16625 -0.60375
0 2 -0.26125 -0.0512499
1 2 -0.24375 -0.05375
2 2 -0.23375 -0.0574999
0 3 -0.2275 -0.7175
1 3 -0.2 -0.72625
2 3 -0.18 -0.7375
0 4 -0.1972 -0.9226
1 4 -0.1675 -0.934
2 4 -0.1465 -0.9475
0 5 -0.202 -0.8425
1 5 -0.1735 -0.853
2 5 -0.1525 -0.8665
0 6 -0.187 -0.796
1 6 -0.1585 -0.8065
2 6 -0.1375 -0.8185
0 7 -0.2098 -0.586
1 7 -0.184 -0.5935
2 7 -0.166 -0.604
0 8 -0.2605 -0.0505
1 8 -0.244 -0.0582399
2 8 -0.2335 -0.058
0 9 -0.2005 -0.7945
1 9 -0.172 -0.805
2 9 -0.151 -0.8185
0 10 -0.121 -0.898
1 10 -0.091 -0.9085
2 10 -0.0699999 -0.922
0 11 -0.2275 -0.7175
1 11 -0.2008 -0.7264
2 11 -0.181 -0.7372
0 12 -0.187 -0.796
1 12 -0.1594 -0.8074
2 12 -0.1378 -0.82
0 13 -0.2098 -0.586
1 13 -0.184 -0.5935
2 13 -0.1648 -0.604
0 14 -0.1396 -0.7048
1 14 -0.1108 -0.7138
2 14 -0.0909999 -0.7246
0 15 -0.2584 -0.0459999
1 15 -0.244 -0.0495998
2 15 -0.2332 -0.0531999
0 16 0.25064 -0.892
1 16 0.2852 -0.89848
2 16 0.31112 -0.90928
0 17 0.2528 -0.88336
1 17 0.28736 -0.892
2 17 0.31328 -0.9028
0 18 -0.26128 -0.0517598
1 18 -0.244 -0.0567999
2 18 -0.2332 -0.0582399
0 19 -0.20296 -0.84232
1 19 -0.17272 -0.85528
2 19 -0.15328 -0.86608
0 20 -0.14464 -0.69976
1 20 -0.11656 -0.7084
2 20 -0.0949599 -0.7192
0 21 -0.18784 -0.79696
1 21 -0.15976 -0.80776
2 21 -0.13816 -0.82072
0 22 -0.1252 -0.47296
1 22 -0.0992798 -0.47944
2 22 -0.0798399 -0.48808
0 23 -0.19864 -0.68896
1 23 -0.17056 -0.6976
2 23 -0.15112 -0.7084
0 24 -0.2116 -0.58744
1 24 -0.18352 -0.59824
2 24 -0.16624 -0.60472
0 25 -0.12088 -0.73
1 25 -0.0927999 -0.73864
2 25 -0.0711999 -0.74944
0 26 -0.199072 -0.795232
1 26 -0.17272 -0.8056
2 26 -0.15112 -0.81856
0 27 0.2528 -0.88336
1 27 0.288224 -0.891136
2 27 0.314144 -0.901504
0 28 0.249344 -0.893728
1 28 0.28304 -0.901504
2 28 0.311552 -0.911872
0 29 -0.5464 -0.473824
1 29 -0.5464 -0.46648
2 29 -0.556768 -0.463456
0 30 -0.199072 -0.795232
1 30 -0.17056 -0.808192
2 30 -0.149824 -0.821152
0 31 -0.188704 -0.797824
1 31 -0.160192 -0.808192
2 31 -0.139456 -0.821152
0 32 -0.201664 -0.84448
1 32 -0.173152 -0.854848
2 32 -0.152416 -0.867808
0 33 -0.209958 -0.589427
1 33 -0.18352 -0.59824
2 33 -0.165376 -0.606016
0 34 -0.259725 -0.0544381
1 34 -0.243136 -0.0591038
2 34 -0.232768 -0.0616958
0 35 -0.230176 -0.71488
1 35 -0.20296 -0.72568
2 35 -0.18352 -0.735616
0 36 -0.113536 -0.4816
1 36 -0.0850238 -0.486784
2 36 -0.0668798 -0.49456
0 37 0.253492 -0.881805
1 37 0.284595 -0.891136
2 37 0.312589 -0.903578
0 38 -0.116646 -0.583206
1 38 -0.0886525 -0.592537
2 38 -0.0699902 -0.601869
0 39 -0.212032 -0.587872
1 39 -0.185075 -0.595648
2 39 -0.166413 -0.604979
0 40 -0.259725 -0.0544381
1 40 -0.243136 -0.0591038
2 40 -0.234841 -0.060659
0 41 -0.122867 -0.726285
1 41 -0.0948734 -0.735616
2 41 -0.0731005 -0.748058
0 42 -0.258688 -0.0461438
1 42 -0.242306 -0.0482173
2 42 -0.234841 -0.0513278
0 43 -0.5464 -0.473824
1 43 -0.548992 -0.468121
2 43 -0.558323 -0.465011
0 44 -0.258688 -0.0461438
1 44 -0.242306 -0.0482173
2 44 -0.231109 -0.0519498
0 45 -0.259725 -0.0544381
1 45 -0.244173 -0.0575485
2 45 -0.234841 -0.0631472
0 46 -0.208714 -0.59316
1 46 -0.182587 -0.600625
2 46 -0.163924 -0.608089
0 47 -0.116646 -0.583206
1 47 -0.0892746 -0.59316
2 47 -0.0706122 -0.600625
0 48 -0.122867 -0.726285
1 48 -0.0967396 -0.738726
2 48 -0.0743447 -0.749924
0 49 -0.54837 -0.477453
1 49 -0.54837 -0.469988
2 49 -0.559567 -0.466255
0 50 -0.219911 -0.716331
1 50 -0.193784 -0.723796
2 50 -0.171389 -0.734994
0 51 0.141517 -0.368589
1 51 0.169511 -0.368589
2 51 0.190661 -0.376676
0 52 -0.309491 -0.446349
1 52 -0.287096 -0.451325
2 52 -0.279631 -0.45879
