38
0 0 -0.0333999 -0.6148
1 0 -0.0264999 -0.6145
2 0 -0.019 -0.613
0 1 -0.0387499 -0.76375
1 1 -0.0297999 -0.7642
2 1 -0.0249999 -0.766
0 2 0.2975 -0.88
1 2 0.3125 -0.8815
2 2 0.3245 -0.8845
0 3 0.00800006 -0.8545
1 3 0.0170001 -0.8575
2 3 0.0245 -0.8605
0 4 -0.043 -0.7645
1 4 -0.0351999 -0.766
2 4 -0.0279999 -0.766
0 5 0.2672 -0.6778
1 5 0.2798 -0.676
2 5 0.2906 -0.676
0 6 0.2528 -0.6742
1 6 0.2654 -0.6724
2 6 0.2762 -0.6724
0 7 -0.00819988 -0.8542
1 7 0.000800069 -0.8578
2 7 0.00800012 -0.8614
0 8 0.00800012 -0.8542
1 8 0.0170001 -0.8578
2 8 0.0242001 -0.8614
0 9 -0.0333999 -0.6148
1 9 -0.0264999 -0.6145
2 9 -0.0189999 -0.613
0 10 -0.0387999 -0.7624
1 10 -0.0297999 -0.7642
2 10 -0.0236799 -0.76456
0 11 -0.0171998 -0.72568
1 11 -0.00855986 -0.72568
2 11 -0.00207984 -0.72568
0 12 0.2528 -0.676
1 12 0.26576 -0.67384
2 12 0.27656 -0.67384
0 13 -0.00778211 -0.860032
1 13 0.00224012 -0.85744
2 13 0.00872014 -0.86176
0 14 -0.0331838 -0.616384
1 14 -0.0261999 -0.6148
2 14 -0.0193598 -0.61336
0 15 0.00656013 -0.85528
1 15 0.0173601 -0.85744
2 15 0.0238401 -0.86176
0 16 0.0670401 -0.47944
1 16 0.0756802 -0.47728
2 16 0.0843202 -0.47512
0 17 0.00569623 -0.911872
1 17 0.0134722 -0.914464
2 17 0.0212482 -0.919648
0 18 -0.00726376 -0.911872
1 18 0.00051225 -0.914464
2 18 0.00828826 -0.919648
0 19 -0.0383678 -0.761536
1 19 -0.0279998 -0.764128
2 19 -0.0228158 -0.764128
0 20 -0.0176318 -0.745984
1 20 -0.00985578 -0.748576
2 20 -0.00207977 -0.748576
0 21 -0.0176318 -0.725248
1 21 -0.00985578 -0.72784
2 21 -0.00207977 -0.72784
0 22 0.00828826 -0.854848
1 22 0.0173601 -0.85744
2 22 0.0238403 -0.862624
0 23 -0.0331838 -0.616384
1 23 -0.0258399 -0.61552
2 23 -0.0176318 -0.613792
0 24 -0.00778211 -0.860032
1 24 0.00154908 -0.860032
2 24 0.00828826 -0.862624
0 25 0.0761987 -0.60809
1 25 0.0855298 -0.604979
2 25 0.0948611 -0.604979
0 26 0.0793091 -0.76983
1 26 0.0886403 -0.772941
2 26 0.0979715 -0.772941
0 27 0.00828826 -0.854848
1 27 0.0152349 -0.861898
2 27 0.0233219 -0.863142
0 28 -0.00778211 -0.860032
1 28 0.00154908 -0.860032
2 28 0.0077699 -0.863142
0 29 0.00465946 -0.860032
1 29 0.0152349 -0.861898
2 29 0.0226998 -0.865631
0 30 0.0761987 -0.60809
1 30 0.086152 -0.604357
2 30 0.093617 -0.604357
0 31 -0.751168 -0.281497
1 31 -0.794714 -0.260969
2 31 -0.835771 -0.231109
0 32 -0.0370199 -0.761121
1 32 -0.0295549 -0.764854
2 32 -0.02209 -0.764854
0 33 -0.0332874 -0.619287
1 33 -0.0258224 -0.615554
2 33 -0.0183575 -0.615554
0 34 0.0637571 -0.484918
1 34 0.0749546 -0.481185
2 34 0.0824195 -0.477453
0 35 0.0749546 -0.48865
1 35 0.0824195 -0.48865
2 35 0.0898844 -0.484918
0 36 0.257846 -0.686472
1 36 0.269044 -0.682739
2 36 0.280241 -0.682739
0 37 -0.0183575 -0.746191
1 37 -0.0108926 -0.748058
2 37 -0.00342757 -0.749924
