8
0 0 -0.6274 -0.5914
1 0 -0.5824 -0.5914
2 0 -0.5896 -0.5968
0 1 -0.4618 -0.2908
1 1 -0.451 -0.289
2 1 -0.4852 -0.2872
0 2 -0.55 -0.3862
1 2 -0.532 -0.3862
2 2 -0.5626 -0.388
0 3 -0.46216 -0.28936
1 3 -0.4492 -0.28936
2 3 -0.48376 -0.2872
0 4 -0.4384 -0.3016
1 4 -0.42544 -0.30232
2 4 -0.46 -0.30232
0 5 -0.686368 -0.577504
1 5 -0.639712 -0.577504
2 5 -0.647488 -0.582688
0 6 -0.520998 -0.564544
1 6 -0.474342 -0.561433
2 6 -0.480563 -0.567654
0 7 -0.768586 -0.57823
1 7 -0.720064 -0.581962
2 7 -0.727529 -0.585695
