15
0 0 -0.5284 -0.8668
1 0 -0.46648 -0.87472
2 0 -0.4015 -0.8815
0 1 -0.5065 -0.7225
1 1 -0.4495 -0.73
2 1 -0.385 -0.736
0 2 -0.52912 -0.86608
1 2 -0.46648 -0.87472
2 2 -0.4024 -0.8812
0 3 -0.52912 -0.86608
1 3 -0.46648 -0.87472
2 3 -0.40168 -0.8812
0 4 -0.52912 -0.86608
1 4 -0.46864 -0.872992
2 4 -0.401248 -0.880768
0 5 -0.617421 -0.850701
1 5 -0.55936 -0.867808
2 5 -0.484192 -0.872992
0 6 -0.632973 -0.853811
1 6 -0.569728 -0.865216
2 6 -0.497152 -0.872992
0 7 -0.530329 -0.866253
1 7 -0.469988 -0.873096
2 7 -0.402803 -0.881805
0 8 -0.632973 -0.853811
1 8 -0.569728 -0.865216
2 8 -0.499225 -0.872474
0 9 -0.617421 -0.850701
1 9 -0.55936 -0.867808
2 9 -0.483673 -0.872474
0 10 -0.530329 -0.866253
1 10 -0.469988 -0.873096
2 10 -0.402803 -0.880561
0 11 -0.53655 -0.866253
1 11 -0.481185 -0.873096
2 11 -0.410268 -0.880561
0 12 -0.617421 -0.856922
1 12 -0.558323 -0.869363
2 12 -0.481185 -0.873096
0 13 -0.660344 -0.275899
1 13 -0.675274 -0.283364
2 13 -0.690204 -0.294561
0 14 -0.634217 -0.854433
1 14 -0.570765 -0.865631
2 14 -0.499848 -0.873096
