54
0 0 -0.335 -0.74625
1 0 -0.32875 -0.75875
2 0 -0.32125 -0.765
0 1 -0.00374997 -0.7775
1 1 0.00625006 -0.78875
2 1 0.015 -0.7975
0 2 -0.63625 -0.24375
1 2 -0.63625 -0.25
2 2 -0.635 -0.25
0 3 -0.03625 -0.7075
1 3 -0.0279999 -0.718
2 3 -0.019 -0.7255
0 4 -0.619 -0.919
1 4 -0.6145 -0.934
2 4 -0.61 -0.94
0 5 -0.4375 -0.7525
1 5 -0.4315 -0.7645
2 5 -0.4255 -0.7705
0 6 -0.00399996 -0.778
1 6 0.00625006 -0.78875
2 6 0.0140001 -0.7975
0 7 -0.1702 -0.8902
1 7 -0.163 -0.9046
2 7 -0.1558 -0.9118
0 8 -0.00999991 -0.7066
1 8 -0.000999896 -0.7174
2 8 0.00800012 -0.7246
0 9 -0.793 -0.7138
1 9 -0.7912 -0.7264
2 9 -0.7876 -0.7318
0 10 -0.5194 -0.7714
1 10 -0.5158 -0.784
2 10 -0.5086 -0.7912
0 11 0.0206001 -0.8236
1 11 0.0314001 -0.8362
2 11 0.0404001 -0.8452
0 12 -0.4366 -0.7534
1 12 -0.4312 -0.7642
2 12 -0.4258 -0.7714
0 13 -0.000999896 -0.7516
1 13 0.00800012 -0.7624
2 13 0.0170001 -0.7714
0 14 -0.6184 -0.919
1 14 -0.613 -0.9334
2 14 -0.6112 -0.9406
0 15 -0.7966 -0.7102
1 15 -0.79264 -0.72136
2 15 -0.79048 -0.72784
0 16 -0.17056 -0.88984
1 16 -0.162784 -0.904096
2 16 -0.15544 -0.9136
0 17 -0.7966 -0.7102
1 17 -0.79048 -0.72568
2 17 -0.78832 -0.73216
0 18 -0.00639985 -0.68464
1 18 0.00224012 -0.69544
2 18 0.0108802 -0.70192
0 19 -0.514 -0.24616
1 19 -0.51184 -0.25264
2 19 -0.50968 -0.25264
0 20 0.00656013 -0.82504
1 20 0.0173601 -0.838
2 20 0.0260002 -0.84664
0 21 -0.17056 -0.888544
1 21 -0.162784 -0.904096
2 21 -0.155008 -0.911872
0 22 -0.00467173 -0.66304
1 22 0.00310421 -0.670816
2 22 0.0134722 -0.678592
0 23 0.00051225 -0.751168
1 23 0.00828826 -0.761536
2 23 0.0186562 -0.769312
0 24 -0.7966 -0.7102
1 24 -0.79264 -0.722656
2 24 -0.790048 -0.72784
0 25 -0.7948 -0.71488
1 25 -0.79048 -0.72568
2 25 -0.787456 -0.733024
0 26 0.0160643 -0.72784
1 26 0.0264322 -0.738208
2 26 0.0342082 -0.745984
0 27 0.00569623 -0.823744
1 27 0.0160643 -0.836704
2 27 0.0264322 -0.84448
0 28 0.0212482 -0.823744
1 28 0.0316163 -0.836704
2 28 0.0419842 -0.84448
0 29 -0.0383678 -0.670816
1 29 -0.0279998 -0.681184
2 29 -0.0202237 -0.68896
0 30 0.0139907 -0.726285
1 30 0.0233219 -0.738726
2 30 0.032653 -0.744947
0 31 -0.00156136 -0.735616
1 31 0.0077699 -0.744947
2 31 0.0171011 -0.754278
0 32 -0.00156136 -0.751168
1 32 0.0077699 -0.760499
2 32 0.0171011 -0.76983
0 33 -0.0357758 -0.707622
1 33 -0.0264446 -0.716954
2 33 -0.0171134 -0.723174
0 34 0.00465946 -0.822707
1 34 0.0139907 -0.835149
2 34 0.0233219 -0.84448
0 35 -0.00778211 -0.660966
1 35 0.00154908 -0.670297
2 35 0.0108803 -0.676518
0 36 -0.0357758 -0.664077
1 36 -0.0264446 -0.676518
2 36 -0.0171134 -0.682739
0 37 -0.437017 -0.776051
1 37 -0.430797 -0.788493
2 37 -0.427686 -0.794714
0 38 -0.0388861 -0.670297
1 38 -0.0264446 -0.676518
2 38 -0.0202237 -0.68896
0 39 -0.0295549 -0.782272
1 39 -0.0233341 -0.791603
2 39 -0.0140029 -0.800934
0 40 0.0357635 -0.657856
1 40 0.0450947 -0.667187
2 40 0.0544259 -0.676518
0 41 0.0233219 -0.822707
1 41 0.032653 -0.835149
2 41 0.0419843 -0.84448
0 42 -0.0370199 -0.708866
1 42 -0.0258224 -0.716331
2 42 -0.0183575 -0.723796
0 43 0.0115024 -0.664077
1 43 0.0189673 -0.671542
2 43 0.0301648 -0.679007
0 44 0.000304921 -0.734994
1 44 0.0077699 -0.746191
2 44 0.0189673 -0.753656
0 45 0.000304921 -0.749924
1 45 0.0077699 -0.761121
2 45 0.0189673 -0.768586
0 46 -0.803008 -0.707104
1 46 -0.800934 -0.720064
2 46 -0.798446 -0.727529
0 47 -0.339351 -0.772319
1 47 -0.335618 -0.783516
2 47 -0.328153 -0.790981
0 48 -0.436395 -0.776051
1 48 -0.42893 -0.787249
2 48 -0.425198 -0.794714
0 49 -0.00716 -0.783516
1 49 0.00403741 -0.794714
2 49 0.0115024 -0.802178
0 50 -0.339351 -0.753656
1 50 -0.331886 -0.764854
2 50 -0.328153 -0.772319
0 51 -0.0258224 -0.820841
1 51 -0.0183575 -0.835771
2 51 -0.00716 -0.843236
0 52 0.0413623 -0.664077
1 52 0.0488272 -0.675274
2 52 0.0600246 -0.679007
0 53 -0.436395 -0.757389
1 53 -0.42893 -0.768586
2 53 -0.425198 -0.776051
