37
0 0 -0.0351999 -0.766
1 0 -0.0249999 -0.766
2 0 -0.0145833 -0.770833
0 1 0.0177083 -0.85625
1 1 0.025 -0.859375
2 1 0.0354167 -0.864583
0 2 -0.0249999 -0.6125
1 2 -0.019 -0.613
2 2 -0.00874996 -0.61375
0 3 0.209 -0.7765
1 3 0.2195 -0.778
2 3 0.233 -0.781
0 4 -0.0351999 -0.766
1 4 -0.0279999 -0.766
2 4 -0.019 -0.7705
0 5 -0.4885 -0.79
1 5 -0.4888 -0.7912
2 5 -0.481 -0.796
0 6 0.0170001 -0.8575
1 6 0.0245 -0.8605
2 6 0.035 -0.8635
0 7 -0.0297999 -0.7642
1 7 -0.0243999 -0.7642
2 7 -0.0153999 -0.7678
0 8 -0.0351999 -0.766
1 8 -0.0279999 -0.766
2 8 -0.0189999 -0.7696
0 9 -0.0261999 -0.6148
1 9 -0.019 -0.613
2 9 -0.00819988 -0.613
0 10 0.000800069 -0.8578
1 10 0.00800012 -0.8614
2 10 0.0188001 -0.865
0 11 0.0170001 -0.8578
1 11 0.0242001 -0.8614
2 11 0.0350001 -0.865
0 12 -0.0297999 -0.7642
1 12 -0.0243999 -0.7642
2 12 -0.0150399 -0.76672
0 13 8.01722e-05 -0.9136
1 13 0.00656013 -0.91792
2 13 0.0173601 -0.92224
0 14 0.26576 -0.67384
1 14 0.27656 -0.67384
2 14 0.29168 -0.67384
0 15 0.0584002 -0.72784
1 15 0.0692001 -0.73
2 15 0.0800002 -0.73216
0 16 -0.00855986 -0.74944
1 16 -0.00207984 -0.74944
2 16 0.00872014 -0.7516
0 17 -0.0258399 -0.61552
1 17 -0.0176318 -0.613792
2 17 -0.00855986 -0.61336
0 18 0.0173601 -0.58744
1 18 0.0238401 -0.58528
2 18 0.0346401 -0.58744
0 19 0.00224012 -0.85744
1 19 0.00872014 -0.86176
2 19 0.0195201 -0.86608
0 20 0.0756802 -0.47728
1 20 0.0843202 -0.47512
2 20 0.0951201 -0.47296
0 21 0.290816 -0.694144
1 21 0.303776 -0.694144
2 21 0.316736 -0.694144
0 22 -0.00985578 -0.748576
1 22 -0.00207977 -0.748576
2 22 0.00828826 -0.751168
0 23 0.00154908 -0.860032
1 23 0.00828826 -0.862624
2 23 0.0186562 -0.865216
0 24 -0.0108926 -0.748058
1 24 -0.00156136 -0.748058
2 24 0.0077699 -0.751168
0 25 -0.0264999 -0.6145
1 25 -0.0176318 -0.613792
2 25 -0.00778211 -0.61431
0 26 0.0699778 -0.477453
1 26 0.0761987 -0.477453
2 26 0.0886403 -0.474342
0 27 0.0824195 -0.48865
1 27 0.0898844 -0.484918
2 27 0.101082 -0.484918
0 28 -0.0258224 -0.615554
1 28 -0.0183575 -0.615554
2 28 -0.00716 -0.615554
0 29 0.0855298 -0.604979
1 29 0.0948611 -0.604979
2 29 0.104814 -0.604357
0 30 -0.00342757 -0.734994
1 30 0.00403741 -0.734994
2 30 0.0152349 -0.738726
0 31 0.0749546 -0.481185
1 31 0.0824195 -0.477453
2 31 0.093617 -0.477453
0 32 -0.794714 -0.260969
1 32 -0.835771 -0.231109
2 32 -0.876828 -0.208714
0 33 0.0674896 -0.746191
1 33 0.0749546 -0.749924
2 33 0.086152 -0.749924
0 34 0.0152349 -0.861898
1 34 0.0226998 -0.865631
2 34 0.0338973 -0.869363
0 35 -0.0295549 -0.764854
1 35 -0.02209 -0.764854
2 35 -0.0108925 -0.768586
0 36 0.269044 -0.682739
1 36 0.280241 -0.682739
2 36 0.295171 -0.682739
