55
0 0 0.0787501 -0.85125
1 0 0.0975001 -0.8475
2 0 0.10625 -0.83875
0 1 0.28375 -0.9325
1 1 0.30625 -0.93
2 1 0.31625 -0.92
0 2 -0.0351999 -0.8578
1 2 -0.0171999 -0.8542
2 2 -0.00874996 -0.84625
0 3 0.275 -0.925
1 3 0.2975 -0.922
2 3 0.3065 -0.913
0 4 -0.313 -0.8275
1 4 -0.295 -0.8225
2 4 -0.289 -0.8185
0 5 -0.0115 -0.835
1 5 0.00650005 -0.8305
2 5 0.0155001 -0.823
0 6 -0.04 -0.855
1 6 -0.0234999 -0.8515
2 6 -0.013 -0.8425
0 7 -0.0351999 -0.8578
1 7 -0.0171999 -0.8542
2 7 -0.00849997 -0.8455
0 8 -0.0279999 -0.8506
1 8 -0.0115 -0.847
2 8 -0.00249996 -0.8395
0 9 -0.3355 -0.4975
1 9 -0.325 -0.4885
2 9 -0.3265 -0.4735
0 10 -0.3355 -0.4975
1 10 -0.325 -0.4885
2 10 -0.325 -0.4765
0 11 0.1826 -0.8902
1 11 0.2024 -0.8866
2 11 0.2114 -0.8776
0 12 -0.04 -0.855
1 12 -0.0236799 -0.8488
2 12 -0.0135999 -0.8416
0 13 0.0782001 -0.8506
1 13 0.0962001 -0.847
2 13 0.1052 -0.838
0 14 -0.3124 -0.829
1 14 -0.295 -0.823
2 14 -0.289 -0.82
0 15 -0.00999991 -0.8218
1 15 0.00800012 -0.8164
2 15 0.0170001 -0.8074
0 16 0.3446 -0.9388
1 16 0.368 -0.9352
2 16 0.377 -0.9262
0 17 -0.3445 -0.493
1 17 -0.334 -0.4834
2 17 -0.3358 -0.469
0 18 -0.3322 -0.5158
1 18 -0.3214 -0.505
2 18 -0.3214 -0.4924
0 19 -0.0344798 -0.85744
1 19 -0.0171998 -0.85312
2 19 -0.00855986 -0.84448
0 20 -0.33256 -0.51616
1 20 -0.32176 -0.50536
2 20 -0.32176 -0.4924
0 21 -0.0305918 -0.709696
1 21 -0.0128799 -0.70408
2 21 -0.00423985 -0.69544
0 22 0.3392 -0.92872
1 22 0.3608 -0.92656
2 22 0.3716 -0.91576
0 23 -0.28072 -0.82936
1 23 -0.2656 -0.82504
2 23 -0.25696 -0.81856
0 24 0.0562401 -0.83584
1 24 0.0735202 -0.83152
2 24 0.0843202 -0.82288
0 25 -0.0279998 -0.849664
1 25 -0.0107199 -0.84664
2 25 -0.00207984 -0.838
0 26 0.0778402 -0.85096
1 26 0.0972801 -0.84664
2 26 0.10592 -0.838
0 27 -0.0331838 -0.854848
1 27 -0.0150398 -0.852256
2 27 -0.00726376 -0.84448
0 28 -0.00985578 -0.834112
1 28 0.00828826 -0.83152
2 28 0.0160643 -0.823744
0 29 0.0860483 -0.85744
1 29 0.104192 -0.854848
2 29 0.11456 -0.84448
0 30 -0.0258399 -0.71488
1 30 -0.00726376 -0.709696
2 30 0.00310421 -0.70192
0 31 -0.310528 -0.828928
1 31 -0.294976 -0.826336
2 31 -0.2872 -0.81856
0 32 -0.0279999 -0.85096
1 32 -0.00985578 -0.847072
2 32 -0.00207977 -0.839296
0 33 0.0782722 -0.849664
1 33 0.0964162 -0.847072
2 33 0.106784 -0.839296
0 34 -0.0295549 -0.710733
1 34 -0.0108925 -0.705134
2 34 -0.00467173 -0.694144
0 35 0.158624 -0.8704
1 35 0.17936 -0.867808
2 35 0.187136 -0.85744
0 36 -0.0295549 -0.710733
1 36 -0.0108925 -0.705134
2 36 -0.00467173 -0.695181
0 37 -0.0108926 -0.822707
1 37 0.0077699 -0.819597
2 37 0.0171011 -0.810266
0 38 -0.284608 -0.832038
1 38 -0.265945 -0.825818
2 38 -0.259725 -0.819597
0 39 -0.309491 -0.828928
1 39 -0.294561 -0.828306
2 39 -0.287718 -0.819597
0 40 0.0544259 -0.835149
1 40 0.0730883 -0.832038
2 40 0.0824195 -0.822707
0 41 -0.0108926 -0.835149
1 41 0.0077699 -0.828928
2 41 0.0171011 -0.822707
0 42 -0.0295549 -0.850701
1 42 -0.00985578 -0.847072
2 42 -0.00156136 -0.838259
0 43 -0.0419965 -0.850701
1 43 -0.0264446 -0.84759
2 43 -0.0140029 -0.838259
0 44 0.0761987 -0.850701
1 44 0.0948611 -0.84759
2 44 0.104192 -0.838259
0 45 0.0824195 -0.860032
1 45 0.101082 -0.856922
2 45 0.110413 -0.84759
0 46 -0.70192 -0.396064
1 46 -0.710733 -0.371699
2 46 -0.738726 -0.340595
0 47 -0.0295549 -0.712599
1 47 -0.0108925 -0.705134
2 47 -0.00342757 -0.697669
0 48 -0.283364 -0.832038
1 48 -0.268434 -0.828306
2 48 -0.260969 -0.820841
0 49 -0.309491 -0.828928
1 49 -0.294561 -0.828306
2 49 -0.287096 -0.820841
0 50 0.0749546 -0.850701
1 50 0.093617 -0.846968
2 50 0.104814 -0.839503
0 51 -0.0295549 -0.850701
1 51 -0.0108925 -0.846968
2 51 -0.00342757 -0.839503
0 52 0.280241 -0.858166
1 52 0.302636 -0.854433
2 52 0.310101 -0.846968
0 53 -0.279631 -0.817108
1 53 -0.264701 -0.813376
2 53 -0.257236 -0.809643
0 54 0.0712221 -0.720064
1 54 0.093617 -0.712599
2 54 0.101082 -0.701402
