8
0 0 -0.53344 -0.617421
1 0 -0.508557 -0.639194
2 0 -0.450496 -0.652672
0 1 -0.5374 -0.82
1 1 -0.512704 -0.847072
2 1 -0.45568 -0.85744
0 2 -0.514777 -0.595648
1 2 -0.493005 -0.617421
2 2 -0.437017 -0.629862
0 3 -0.5374 -0.82
1 3 -0.511045 -0.850701
2 3 -0.447593 -0.861898
0 4 -0.537172 -0.824573
1 4 -0.512704 -0.847072
2 4 -0.455058 -0.858166
0 5 -0.0967396 -0.817108
1 5 -0.0706122 -0.835771
2 5 -0.0183575 -0.846968
0 6 -0.427686 -0.514777
1 6 -0.405913 -0.53655
2 6 -0.358013 -0.552102
0 7 -0.514777 -0.596892
1 7 -0.492383 -0.623019
2 7 -0.436395 -0.634217
