27
0 0 0.00650005 -0.877
1 0 -0.000999896 -0.883
2 0 0.00950006 -0.8665
0 1 -0.00999991 -0.9388
1 1 -0.0189999 -0.9442
2 1 -0.00819988 -0.9298
0 2 0.00656013 -0.87904
1 2 -0.000999896 -0.883
2 2 0.00980008 -0.8668
0 3 0.0602001 -0.7354
1 3 0.0530001 -0.7372
2 3 0.0638001 -0.7192
0 4 0.0540801 -0.75592
1 4 0.0476002 -0.75808
2 4 0.0584002 -0.7408
0 5 0.00656013 -0.87904
1 5 -0.00207984 -0.88336
2 5 0.00872014 -0.86608
0 6 -0.0409599 -0.77968
1 6 -0.0513278 -0.782272
2 6 -0.0409599 -0.76672
0 7 -0.0357758 -0.623641
1 7 -0.0452799 -0.622
2 7 -0.0366398 -0.60256
0 8 -0.0409598 -0.77968
1 8 -0.0513278 -0.782272
2 8 -0.0409598 -0.76672
0 9 0.0704962 -0.479008
1 9 0.0627202 -0.476416
2 9 0.0730882 -0.453088
0 10 -0.0357758 -0.623641
1 10 -0.045107 -0.623641
2 10 -0.0357758 -0.603424
0 11 0.00569623 -0.880768
1 11 -0.00207977 -0.88336
2 11 0.00828826 -0.867808
0 12 0.296 -0.70192
1 12 0.293408 -0.70192
2 12 0.30896 -0.683776
0 13 0.0637571 -0.480563
1 13 0.0544259 -0.477453
2 13 0.0637571 -0.45568
0 14 0.078687 -0.611822
1 14 0.0730883 -0.6112
2 14 0.0855298 -0.592537
0 15 -0.0357758 -0.623641
1 15 -0.045107 -0.623641
2 15 -0.0357758 -0.604979
0 16 0.00465946 -0.881805
1 16 -0.00207977 -0.88336
2 16 0.0077699 -0.869363
0 17 -0.396582 -0.405913
1 17 -0.418355 -0.402803
2 17 -0.418355 -0.384141
0 18 -0.0202237 -0.76361
1 18 -0.0295549 -0.76361
2 18 -0.0202237 -0.748058
0 19 -0.0419965 -0.779162
1 19 -0.0513278 -0.782272
2 19 -0.0419965 -0.76672
0 20 0.272154 -0.69207
1 20 0.269043 -0.69207
2 20 0.284595 -0.673408
0 21 -0.0202237 -0.738726
1 21 -0.0295549 -0.741837
2 21 -0.0202237 -0.723174
0 22 -0.0183575 -0.738726
1 22 -0.0295549 -0.742459
2 22 -0.0183575 -0.723796
0 23 -0.0332874 -0.626752
1 23 -0.0444848 -0.623019
2 23 -0.0332874 -0.608089
0 24 -0.279631 -0.387873
1 24 -0.298294 -0.384141
2 24 -0.298294 -0.365478
0 25 0.078687 -0.611822
1 25 0.0712221 -0.611822
2 25 0.0824195 -0.59316
0 26 0.0824195 -0.787249
1 26 0.0749546 -0.790981
2 26 0.086152 -0.772319
