42
0 0 -0.3325 -0.435
1 0 -0.32375 -0.435
2 0 -0.32125 -0.4375
0 1 0.12 -0.815
1 1 0.14 -0.81875
2 1 0.15625 -0.82
0 2 0.1425 -0.8325
1 2 0.165 -0.835
2 2 0.18125 -0.83625
0 3 0.0470001 -0.8155
1 3 0.068 -0.82
2 3 0.0830001 -0.8215
0 4 -0.3205 -0.457
1 4 -0.31125 -0.4575
2 4 -0.3085 -0.46
0 5 0.029 -0.8335
1 5 0.0512001 -0.838
2 5 0.065 -0.841
0 6 0.1178 -0.8146
1 6 0.1412 -0.8182
2 6 0.1556 -0.82
0 7 0.0476001 -0.8146
1 7 0.0692001 -0.82
2 7 0.0836001 -0.8218
0 8 -0.307 -0.4672
1 8 -0.298 -0.469
2 8 -0.2944 -0.4708
0 9 -0.3034 -0.4816
1 9 -0.2926 -0.4834
2 9 -0.289 -0.4852
0 10 0.224 -0.8488
1 10 0.2492 -0.8506
2 10 0.2672 -0.8524
0 11 0.1412 -0.8326
1 11 0.1646 -0.8344
2 11 0.1808 -0.8362
0 12 0.376352 -0.841888
1 12 0.40184 -0.84232
2 12 0.42128 -0.84016
0 13 -0.14032 -0.0301599
1 13 -0.13168 -0.0258399
2 13 -0.13168 -0.0215199
0 14 -0.30448 -0.46216
1 14 -0.29368 -0.46432
2 14 -0.29152 -0.46648
0 15 -0.19648 -0.46864
1 15 -0.18568 -0.4708
2 15 -0.18136 -0.4708
0 16 -0.30232 -0.4816
1 16 -0.29152 -0.48376
2 16 -0.28936 -0.48376
0 17 0.0264323 -0.68585
1 17 0.0445763 -0.686368
2 17 0.0562401 -0.6868
0 18 0.42776 -0.91792
1 18 0.45584 -0.92008
2 18 0.47528 -0.91792
0 19 -0.31528 -0.46432
1 19 -0.30448 -0.46648
2 19 -0.30232 -0.46864
0 20 0.0303202 -0.69328
1 20 0.0494001 -0.694
2 20 0.0627202 -0.69544
0 21 0.14048 -0.83152
1 21 0.16424 -0.83368
2 21 0.17936 -0.83584
0 22 -0.302752 -0.4816
1 22 -0.292384 -0.4816
2 22 -0.289792 -0.484192
0 23 -0.23536 -0.815968
1 23 -0.212032 -0.823744
2 23 -0.201664 -0.828928
0 24 0.0264323 -0.68585
1 24 0.0432802 -0.6868
2 24 0.0575363 -0.68896
0 25 0.0290243 -0.83152
1 25 0.0513155 -0.835149
2 25 0.0653123 -0.839296
0 26 0.4256 -0.860032
1 26 0.454112 -0.860032
2 26 0.472256 -0.85744
0 27 -0.142048 -0.0305918
1 27 -0.13168 -0.0279998
2 27 -0.13168 -0.0228158
0 28 0.116634 -0.813376
1 28 0.138407 -0.816486
2 28 0.153959 -0.819597
0 29 0.0264323 -0.68585
1 29 0.0450947 -0.68896
2 29 0.0575363 -0.68896
0 30 -0.23536 -0.815968
1 30 -0.216179 -0.822707
2 30 -0.203737 -0.828928
0 31 0.138407 -0.832038
1 31 0.16329 -0.832038
2 31 0.178842 -0.835149
0 32 0.0295427 -0.832038
1 32 0.0513155 -0.835149
2 32 0.0637571 -0.838259
0 33 0.0482051 -0.813376
1 33 0.0699778 -0.813376
2 33 0.0824195 -0.816486
0 34 -0.141529 -0.0295549
1 34 -0.132198 -0.0295549
2 34 -0.132198 -0.0233341
0 35 0.0264323 -0.690204
1 35 0.0450947 -0.690204
2 35 0.0562922 -0.690204
0 36 -0.234841 -0.817108
1 36 -0.216179 -0.824573
2 36 -0.201249 -0.832038
0 37 -0.259725 -0.816486
1 37 -0.241062 -0.822707
2 37 -0.231109 -0.832038
0 38 0.130942 -0.690204
1 38 0.153959 -0.68896
2 38 0.168267 -0.693937
0 39 -0.231109 -0.805911
1 39 -0.212446 -0.813376
2 39 -0.201249 -0.817108
0 40 0.138407 -0.682739
1 40 0.160802 -0.682739
2 40 0.175732 -0.682739
0 41 -0.788493 -0.290829
1 41 -0.802178 -0.290829
2 41 -0.828306 -0.287096
