17
0 0 -0.575 -0.26
1 0 -0.575 -0.266667
2 0 -0.5375 -0.26875
0 1 -0.6832 -0.2404
1 1 -0.6745 -0.25
2 1 -0.6415 -0.2515
0 2 -0.6832 -0.2404
1 2 -0.6742 -0.2512
2 2 -0.64 -0.253
0 3 -0.57448 -0.26128
1 3 -0.57232 -0.26776
2 3 -0.5356 -0.26992
0 4 -0.35632 -0.72352
1 4 -0.343 -0.73
2 4 -0.30232 -0.73864
0 5 -0.574912 -0.26128
1 5 -0.57232 -0.26776
2 5 -0.53344 -0.271648
0 6 -0.491968 -0.263872
1 6 -0.484192 -0.27424
2 6 -0.447904 -0.276832
0 7 -0.4168 -0.743392
1 7 -0.398656 -0.751168
2 7 -0.359776 -0.761536
0 8 0.0393922 -0.276832
1 8 0.0513155 -0.278387
2 8 0.0964162 -0.279424
0 9 -0.639194 -0.309491
1 9 -0.632973 -0.318822
2 9 -0.598758 -0.321933
0 10 0.0388739 -0.275277
1 10 0.0513155 -0.278387
2 10 0.0948611 -0.278387
0 11 -0.489894 -0.265945
1 11 -0.483673 -0.275277
2 11 -0.446349 -0.278387
0 12 -0.358013 -0.723796
1 12 -0.346816 -0.729395
2 12 -0.30327 -0.738726
0 13 -0.415245 -0.741837
1 13 -0.399693 -0.751168
2 13 -0.358013 -0.761121
0 14 -0.391606 -0.727529
1 14 -0.380408 -0.738726
2 14 -0.335618 -0.746191
0 15 -0.358013 -0.723796
1 15 -0.346816 -0.727529
2 15 -0.302026 -0.738726
0 16 0.0376298 -0.275899
1 16 0.0523523 -0.276832
2 16 0.093617 -0.279631
