25
0 0 -0.28 -0.8515
1 0 -0.31 -0.86125
2 0 -0.3355 -0.871
0 1 0.0314001 -0.8758
1 1 0.00800012 -0.8848
2 1 -0.013 -0.895
0 2 -0.4942 -0.3106
1 2 -0.5446 -0.3034
2 2 -0.5896 -0.298
0 3 0.1664 -0.8398
1 3 0.1466 -0.847
2 3 0.1268 -0.8542
0 4 0.3212 -0.9136
1 4 0.2996 -0.9208
2 4 0.2852 -0.928
0 5 0.0368001 -0.66736
1 5 0.0134722 -0.670816
2 5 -0.00819988 -0.676
0 6 -0.4942 -0.3106
1 6 -0.54424 -0.30448
2 6 -0.5896 -0.298
0 7 0.0314001 -0.8758
1 7 0.00656013 -0.88336
2 7 -0.0128799 -0.892
0 8 -0.437536 -0.372736
1 8 -0.47728 -0.37144
2 8 -0.5248 -0.36712
0 9 0.0368003 -0.668224
1 9 0.0134722 -0.670816
2 9 -0.00855986 -0.676
0 10 0.1988 -0.8596
1 10 0.1772 -0.86824
2 10 0.15992 -0.87472
0 11 0.472256 -0.904096
1 11 0.454112 -0.90928
2 11 0.441152 -0.917056
0 12 -0.49456 -0.31096
1 12 -0.543808 -0.305344
2 12 -0.587872 -0.30016
0 13 0.0368001 -0.66736
1 13 0.0130402 -0.67168
2 13 -0.00726376 -0.676
0 14 0.511136 -0.8704
1 14 0.492992 -0.875584
2 14 0.480032 -0.880768
0 15 -0.49456 -0.31096
1 15 -0.543808 -0.305344
2 15 -0.586317 -0.30016
0 16 0.0388739 -0.875584
1 16 0.0139907 -0.888026
2 16 -0.00467173 -0.894246
0 17 0.0295427 -0.872474
1 17 0.0077699 -0.881805
2 17 -0.0140029 -0.891136
0 18 0.524096 -0.860032
1 18 0.505434 -0.866253
2 18 0.489882 -0.872474
0 19 0.0357635 -0.667187
1 19 0.0139907 -0.673408
2 19 -0.00778211 -0.676518
0 20 0.209324 -0.869363
1 20 0.186929 -0.876828
2 20 0.171999 -0.884293
0 21 -0.318822 -0.856922
1 21 -0.349926 -0.869363
2 21 -0.376676 -0.880561
0 22 0.0488272 -0.865631
1 22 0.0226998 -0.876828
2 22 0.00403741 -0.884293
0 23 0.0376298 -0.667809
1 23 0.0152349 -0.675274
2 23 -0.00716 -0.679007
0 24 0.0712221 -0.824573
1 24 0.0488272 -0.832038
2 24 0.0264323 -0.839503
