14
0 0 -0.6295 -0.2335
1 0 -0.6415 -0.265
2 0 -0.643 -0.2755
0 1 -0.631 -0.2332
1 1 -0.6418 -0.2656
2 1 -0.6436 -0.2746
0 2 0.0497602 -0.834112
1 2 0.0800001 -0.8758
2 2 0.1106 -0.8974
0 3 0.18152 -0.3844
1 3 0.20312 -0.41248
2 3 0.23336 -0.42112
0 4 -0.63064 -0.2332
1 4 -0.64144 -0.2656
2 4 -0.6436 -0.27424
0 5 -0.5446 -0.3088
1 5 -0.55072 -0.34336
2 5 -0.54856 -0.35416
0 6 0.0575363 -0.832038
1 6 0.0808642 -0.875584
2 6 0.111968 -0.89632
0 7 -0.629344 -0.23536
1 7 -0.642304 -0.266464
2 7 -0.642304 -0.276832
0 8 0.0544259 -0.598758
1 8 0.0749546 -0.634217
2 8 0.104192 -0.648525
0 9 0.0575363 -0.832038
1 9 0.0793091 -0.872474
2 9 0.110413 -0.894246
0 10 0.24416 -0.832038
1 10 0.272154 -0.872474
2 10 0.309479 -0.897357
0 11 -0.630484 -0.238574
1 11 -0.641682 -0.268434
2 11 -0.641682 -0.279631
0 12 0.183197 -0.384141
1 12 0.201859 -0.414
2 12 0.235451 -0.421465
0 13 0.0544259 -0.598758
1 13 0.0749546 -0.634217
2 13 0.104814 -0.649147
