64
0 0 -0.00520833 -0.825
1 0 0.00208333 -0.825
2 0 0.0125 -0.828125
0 1 0.2175 -0.85
1 1 0.2275 -0.85125
2 1 0.24 -0.85375
0 2 -0.1162 -0.8254
1 2 -0.10875 -0.82625
2 2 -0.10125 -0.83
0 3 0.17875 -0.9025
1 3 0.1875 -0.90375
2 3 0.2 -0.9075
0 4 -0.34625 -0.795
1 4 -0.34125 -0.795
2 4 -0.335 -0.7975
0 5 -0.0874999 -0.80875
1 5 -0.0812499 -0.80875
2 5 -0.0725 -0.81125
0 6 -0.115 -0.82625
1 6 -0.10875 -0.82625
2 6 -0.1015 -0.829
0 7 -0.088 -0.808
1 7 -0.0805 -0.808
2 7 -0.073 -0.811
0 8 -0.0264999 -0.8095
1 8 -0.019 -0.8095
2 8 -0.00999997 -0.8125
0 9 -0.00499999 -0.825
1 9 0.00200005 -0.8245
2 9 0.0110001 -0.8275
0 10 -0.343 -0.523
1 10 -0.3415 -0.5185
2 10 -0.3385 -0.5155
0 11 0.2315 -0.9145
1 11 0.2405 -0.916
2 11 0.254 -0.9205
0 12 -0.088 -0.9145
1 12 -0.0819999 -0.9154
2 12 -0.073 -0.919
0 13 -0.10375 -0.825
1 13 -0.0981999 -0.8236
2 13 -0.0895 -0.8275
0 14 -0.115 -0.826
1 14 -0.109 -0.8254
2 14 -0.1018 -0.829
0 15 -0.00639992 -0.8236
1 15 0.000800069 -0.8236
2 15 0.00980008 -0.8272
0 16 -0.3772 -0.7948
1 16 -0.37 -0.7948
2 16 -0.3646 -0.7984
0 17 -0.0891999 -0.9154
1 17 -0.0819999 -0.9154
2 17 -0.0729999 -0.9208
0 18 -0.105 -0.69
1 18 -0.0971199 -0.68896
2 18 -0.0891999 -0.6904
0 19 0.2312 -0.9082
1 19 0.242 -0.91
2 19 0.2546 -0.9136
0 20 -0.1036 -0.82288
1 20 -0.0971199 -0.82288
2 20 -0.0906399 -0.8272
0 21 -0.37576 -0.7948
1 21 -0.36928 -0.7948
2 21 -0.3628 -0.79912
0 22 -0.1105 -0.829
1 22 -0.1036 -0.8272
2 22 -0.0949599 -0.83152
0 23 -0.0863199 -0.79696
1 23 -0.0798399 -0.7948
2 23 -0.0711999 -0.79912
0 24 0.0864802 -0.86176
1 24 0.0951201 -0.86176
2 24 0.10592 -0.86608
0 25 -0.105 -0.69
1 25 -0.0971199 -0.68896
2 25 -0.0884799 -0.69112
0 26 -0.0884799 -0.91576
1 26 -0.0819999 -0.9154
2 26 -0.0733599 -0.92008
0 27 0.2312 -0.85744
1 27 0.242 -0.85744
2 27 0.25496 -0.86176
0 28 -0.00639985 -0.82504
1 28 8.01722e-05 -0.82504
2 28 0.0108802 -0.8272
0 29 -0.0979838 -0.696736
1 29 -0.0927999 -0.69544
2 29 -0.0841599 -0.6976
0 30 8.01722e-05 -0.83152
1 30 0.00800012 -0.8308
2 30 0.0173601 -0.83368
0 31 -0.116128 -0.823744
1 31 -0.110944 -0.823744
2 31 -0.100576 -0.826336
0 32 -0.362368 -0.504928
1 32 -0.362368 -0.497152
2 32 -0.359776 -0.491968
0 33 -0.104205 -0.69207
1 33 -0.0971199 -0.68896
2 33 -0.0876158 -0.691552
0 34 -0.0992798 -0.69544
1 34 -0.0927999 -0.69544
2 34 -0.0824318 -0.699328
0 35 -0.0850238 -0.797824
1 35 -0.0798398 -0.795232
2 35 -0.0720638 -0.800416
0 36 -0.0876158 -0.808192
1 36 -0.0798398 -0.808192
2 36 -0.0720638 -0.810784
0 37 -0.0254078 -0.808192
1 37 -0.0202237 -0.808192
2 37 -0.00985578 -0.813376
0 38 -0.00726376 -0.823744
1 38 0.00051225 -0.823744
2 38 0.0108802 -0.826336
0 39 -0.1036 -0.82288
1 39 -0.0971199 -0.82288
2 39 -0.0902078 -0.826336
0 40 0.19232 -0.841888
1 40 0.200096 -0.841888
2 40 0.213056 -0.84448
0 41 -0.346816 -0.788493
1 41 -0.33904 -0.790048
2 41 -0.334374 -0.794714
0 42 -0.0264446 -0.797824
1 42 -0.0202237 -0.797824
2 42 -0.0108926 -0.800934
0 43 -0.0855422 -0.797824
1 43 -0.0793214 -0.797824
2 43 -0.0699902 -0.800934
0 44 -0.349926 -0.797824
1 44 -0.343705 -0.797824
2 44 -0.337485 -0.800934
0 45 -0.37792 -0.797824
1 45 -0.371699 -0.797824
2 45 -0.362368 -0.800934
0 46 -0.0855422 -0.807155
1 46 -0.0793214 -0.807155
2 46 -0.0731005 -0.810266
0 47 -0.0264446 -0.810266
1 47 -0.0202237 -0.810266
2 47 -0.0108926 -0.813376
0 48 -0.00778211 -0.822707
1 48 -0.00156136 -0.822707
2 48 0.0077699 -0.825818
0 49 -0.104205 -0.822707
1 49 -0.0979837 -0.822707
2 49 -0.0886525 -0.825818
0 50 -0.103168 -0.691552
1 50 -0.0948734 -0.69207
2 50 -0.0886525 -0.69207
0 51 0.231719 -0.856922
1 51 0.24105 -0.856922
2 51 0.253492 -0.860032
0 52 -0.346816 -0.788493
1 52 -0.340595 -0.785382
2 52 -0.334374 -0.788493
0 53 -0.00156136 -0.68896
1 53 0.00828826 -0.68896
2 53 0.0139907 -0.68896
0 54 -0.00342757 -0.690204
1 54 0.00403741 -0.690204
2 54 0.0152349 -0.693937
0 55 -0.00716 -0.701402
1 55 -0.00342757 -0.701402
2 55 0.0077699 -0.701402
0 56 -0.0855421 -0.798446
1 56 -0.0780772 -0.798446
2 56 -0.0706122 -0.802178
0 57 -0.350548 -0.798446
1 57 -0.343083 -0.798446
2 57 -0.339351 -0.802178
0 58 -0.376676 -0.798446
1 58 -0.365478 -0.798446
2 58 -0.361746 -0.802178
0 59 -0.104205 -0.822707
1 59 -0.0967396 -0.820841
2 59 -0.0892746 -0.824573
0 60 -0.00716 -0.824573
1 60 -0.00156136 -0.822707
2 60 0.0077699 -0.824573
0 61 -0.346816 -0.787249
1 61 -0.343083 -0.787249
2 61 -0.335618 -0.790981
0 62 -0.193784 -0.122867
1 62 -0.190052 -0.115402
2 62 -0.186319 -0.111669
0 63 0.0600246 -0.861898
1 63 0.0674896 -0.861898
2 63 0.078687 -0.865631
