60
0 0 -0.0260417 -0.927083
1 0 -0.00833333 -0.935417
2 0 -0.0114583 -0.941667
0 1 -0.0264999 -0.928
1 1 -0.00999997 -0.9355
2 1 -0.0115 -0.9415
0 2 -0.0315999 -0.289
1 2 -0.0153999 -0.2872
2 2 -0.0205 -0.2845
0 3 0.27008 -0.134272
1 3 0.2888 -0.1306
2 3 0.2852 -0.1234
0 4 0.2672 -0.0945999
1 4 0.2852 -0.0891999
2 4 0.2798 -0.0819999
0 5 -0.0323199 -0.28936
1 5 -0.0153999 -0.2872
2 5 -0.0207999 -0.2854
0 6 0.11672 -0.83368
1 6 0.13616 -0.84016
2 6 0.134 -0.84232
0 7 -0.26776 -0.82288
1 7 -0.2548 -0.82936
2 7 -0.26128 -0.83584
0 8 0.21824 -0.1036
1 8 0.23552 -0.0992798
2 8 0.22904 -0.0927999
0 9 0.27008 -0.134272
1 9 0.2888 -0.1306
2 9 0.28304 -0.1252
0 10 0.11672 -0.8164
1 10 0.134 -0.82072
2 10 0.134 -0.82288
0 11 0.22688 -0.14464
1 11 0.242 -0.14032
2 11 0.23768 -0.136
0 12 -0.2656 -0.80128
1 12 -0.25264 -0.80776
2 12 -0.26128 -0.81424
0 13 0.17288 -0.73
1 13 0.19232 -0.73216
2 13 0.19016 -0.73216
0 14 -0.0331838 -0.289792
1 14 -0.0150399 -0.2872
2 14 -0.0215199 -0.28504
0 15 0.122336 -0.712288
1 15 0.14048 -0.71488
2 15 0.13832 -0.71488
0 16 0.14264 -0.8596
1 16 0.161216 -0.865216
2 16 0.161216 -0.867808
0 17 0.163808 -0.860032
1 17 0.184544 -0.865216
2 17 0.184544 -0.867808
0 18 0.132704 -0.84448
1 18 0.150848 -0.849664
2 18 0.150848 -0.852256
0 19 -0.271648 -0.828928
1 19 -0.258688 -0.834112
2 19 -0.266464 -0.841888
0 20 0.117152 -0.834112
1 20 0.135296 -0.839296
2 20 0.135296 -0.841888
0 21 -0.266464 -0.821152
1 21 -0.253504 -0.828928
2 21 -0.26128 -0.836704
0 22 0.275264 -0.206848
1 22 0.293408 -0.201664
2 22 0.288224 -0.193888
0 23 0.130112 -0.735616
1 23 0.148256 -0.738208
2 23 0.145664 -0.738208
0 24 0.163808 -0.735616
1 24 0.181952 -0.738208
2 24 0.181952 -0.738208
0 25 0.124928 -0.730432
1 25 0.14048 -0.733024
2 25 0.14048 -0.733024
0 26 0.226016 -0.14464
1 26 0.242 -0.14032
2 26 0.236384 -0.134272
0 27 0.122336 -0.712288
1 27 0.14048 -0.71488
2 27 0.137888 -0.71488
0 28 0.171584 -0.712288
1 28 0.189728 -0.71488
2 28 0.189728 -0.71488
0 29 0.27008 -0.134272
1 29 0.284595 -0.129088
2 29 0.28304 -0.123904
0 30 -0.0331838 -0.289792
1 30 -0.0202237 -0.287718
2 30 -0.0228158 -0.284608
0 31 0.21824 -0.1036
1 31 0.23552 -0.0992798
2 31 0.228608 -0.0927998
0 32 0.16329 -0.860032
1 32 0.181952 -0.863142
2 32 0.181952 -0.866253
0 33 0.141517 -0.860032
1 33 0.16018 -0.863142
2 33 0.16018 -0.866253
0 34 -0.272166 -0.828928
1 34 -0.259725 -0.835149
2 34 -0.265945 -0.84137
0 35 0.122855 -0.729395
1 35 0.141517 -0.732506
2 35 0.138407 -0.732506
0 36 0.116634 -0.835149
1 36 0.135296 -0.838259
2 36 0.135296 -0.84137
0 37 -0.265945 -0.822707
1 37 -0.253504 -0.828928
2 37 -0.259725 -0.835149
0 38 0.129075 -0.735616
1 38 0.147738 -0.738726
2 38 0.144628 -0.738726
0 39 0.132186 -0.741837
1 39 0.147738 -0.744947
2 39 0.147738 -0.744947
0 40 0.122855 -0.713843
1 40 0.141517 -0.716954
2 40 0.138407 -0.716954
0 41 0.169511 -0.713843
1 41 0.188173 -0.716954
2 41 0.188173 -0.716954
0 42 0.16018 -0.741837
1 42 0.181952 -0.744947
2 42 0.178842 -0.744947
0 43 0.225498 -0.14464
1 43 0.24416 -0.142048
2 43 0.23794 -0.135309
0 44 -0.178854 -0.828928
1 44 -0.163302 -0.835149
2 44 -0.169523 -0.84137
0 45 0.125965 -0.84137
1 45 0.144628 -0.84448
2 45 0.144628 -0.84759
0 46 0.265933 -0.0948734
1 46 0.284595 -0.0886525
2 46 0.278375 -0.0824317
0 47 -0.0357758 -0.287718
1 47 -0.0202237 -0.287718
2 47 -0.0264446 -0.284608
0 48 0.265311 -0.0967396
1 48 0.283973 -0.0930071
2 48 0.276509 -0.0855421
0 49 0.160802 -0.858166
1 49 0.179464 -0.861898
2 49 0.179464 -0.865631
0 50 0.130942 -0.846968
1 50 0.149604 -0.850701
2 50 0.149604 -0.850701
0 51 -0.272166 -0.828306
1 51 -0.260969 -0.835771
2 51 -0.268434 -0.843236
0 52 -0.178854 -0.828928
1 52 -0.163924 -0.835771
2 52 -0.171389 -0.843236
0 53 0.116012 -0.835771
1 53 0.138407 -0.839503
2 53 0.134674 -0.843236
0 54 -0.264701 -0.802178
1 54 -0.249771 -0.809643
2 54 -0.260969 -0.817108
0 55 0.142139 -0.858166
1 55 0.160802 -0.865631
2 55 0.160802 -0.865631
0 56 0.171999 -0.727529
1 56 0.190661 -0.731261
2 56 0.190661 -0.731261
0 57 0.168267 -0.716331
1 57 0.190661 -0.716331
2 57 0.186929 -0.716331
0 58 0.123477 -0.716331
1 58 0.141517 -0.716954
2 58 0.138407 -0.716331
0 59 -0.0357758 -0.287718
1 59 -0.0202237 -0.287718
2 59 -0.0258224 -0.287096
