27
0 0 -0.1375 -0.85
1 0 -0.1405 -0.868
2 0 -0.1345 -0.8785
0 1 -0.76 -0.5845
1 1 -0.766 -0.586
2 1 -0.772 -0.592
0 2 -0.877 -0.7285
1 2 -0.8935 -0.73
2 2 -0.904 -0.739
0 3 -0.1342 -0.8632
1 3 -0.1378 -0.8812
2 3 -0.1324 -0.892
0 4 -0.1378 -0.883
1 4 -0.1414 -0.9028
2 4 -0.136 -0.9118
0 5 0.296 -0.874
1 5 0.3014 -0.9028
2 5 0.3122 -0.9118
0 6 -0.13816 -0.88336
1 6 -0.14248 -0.9028
2 6 -0.136 -0.9136
0 7 -0.15328 -0.87688
1 7 -0.1576 -0.89632
2 7 -0.15112 -0.90712
0 8 -0.11656 -0.87688
1 8 -0.12088 -0.89632
2 8 -0.1144 -0.90712
0 9 -0.87688 -0.72784
1 9 -0.89416 -0.73
2 9 -0.9028 -0.73864
0 10 -0.147232 -0.852256
1 10 -0.149824 -0.8704
2 10 -0.14464 -0.880768
0 11 -0.14464 -0.880768
1 11 -0.147232 -0.901504
2 11 -0.142048 -0.90928
0 12 -0.147232 -0.872992
1 12 -0.152416 -0.893728
2 12 -0.14464 -0.904096
0 13 -0.13816 -0.88336
1 13 -0.142048 -0.904096
2 13 -0.134272 -0.914464
0 14 -0.57232 -0.357184
1 14 -0.582688 -0.352
2 14 -0.59824 -0.352
0 15 -0.822707 -0.748058
1 15 -0.835149 -0.751168
2 15 -0.84137 -0.760499
0 16 -0.14775 -0.872474
1 16 -0.150861 -0.894246
2 16 -0.14464 -0.903578
0 17 -0.138419 -0.863142
1 17 -0.141529 -0.881805
2 17 -0.135309 -0.891136
0 18 -0.573875 -0.356147
1 18 -0.583206 -0.353037
2 18 -0.598758 -0.349926
0 19 -0.76983 -0.589427
1 19 -0.776051 -0.589427
2 19 -0.782272 -0.595648
0 20 0.0606467 -0.287718
1 20 0.0712221 -0.302026
2 20 0.0824195 -0.30016
0 21 -0.832038 -0.748058
1 21 -0.84759 -0.751168
2 21 -0.853811 -0.760499
0 22 -0.800934 -0.757389
1 22 -0.813376 -0.760499
2 22 -0.819597 -0.76983
0 23 -0.353037 -0.726285
1 23 -0.354281 -0.738726
2 23 -0.353037 -0.748058
0 24 -0.141529 -0.854433
1 24 -0.145262 -0.873096
2 24 -0.137797 -0.880561
0 25 0.0600246 -0.290829
1 25 0.0712221 -0.302026
2 25 0.0824195 -0.302026
0 26 -0.350548 -0.727529
1 26 -0.354281 -0.738726
2 26 -0.346816 -0.746191
