18
0 0 -0.568 -0.316
1 0 -0.5662 -0.2998
2 0 -0.568 -0.2782
0 1 -0.568 -0.32608
1 1 -0.56584 -0.31312
2 1 -0.568 -0.28936
0 2 -0.49024 -0.32176
1 2 -0.48808 -0.30664
2 2 -0.48592 -0.28288
0 3 -0.44704 -0.78832
1 3 -0.434944 -0.782272
2 3 -0.42544 -0.76024
0 4 -0.567136 -0.328672
1 4 -0.567136 -0.31312
2 4 -0.567136 -0.289792
0 5 -0.70192 -0.352
1 5 -0.70192 -0.341632
2 5 -0.707104 -0.318304
0 6 -0.447904 -0.787456
1 6 -0.434944 -0.782272
2 6 -0.424576 -0.758944
0 7 -0.440128 -0.717472
1 7 -0.427168 -0.712288
2 7 -0.4168 -0.68896
0 8 -0.388288 -0.769312
1 8 -0.37792 -0.761536
2 8 -0.36496 -0.7408
0 9 -0.70192 -0.352
1 9 -0.70192 -0.341632
2 9 -0.707622 -0.318822
0 10 -0.390361 -0.76983
1 10 -0.37792 -0.760499
2 10 -0.365478 -0.738726
0 11 -0.440128 -0.716954
1 11 -0.427686 -0.713843
2 11 -0.418355 -0.68896
0 12 -0.446349 -0.785382
1 12 -0.432663 -0.779784
2 12 -0.421465 -0.761121
0 13 -0.432663 -0.787249
1 13 -0.421465 -0.779784
2 13 -0.410268 -0.757389
0 14 -0.421465 -0.776051
1 14 -0.410268 -0.768586
2 14 -0.399071 -0.746191
0 15 -0.611822 -0.350548
1 15 -0.611822 -0.335618
2 15 -0.611822 -0.313223
0 16 -0.634217 -0.350548
1 16 -0.634217 -0.339351
2 16 -0.634217 -0.316956
0 17 -0.701402 -0.354281
1 17 -0.701402 -0.343083
2 17 -0.705134 -0.320688
