49
0 0 -0.7675 -0.82125
1 0 -0.73125 -0.85
2 0 -0.673958 -0.875
0 1 -0.86 -0.875
1 1 -0.8275 -0.901
2 1 -0.775 -0.92625
0 2 -0.7675 -0.8215
1 2 -0.72625 -0.85125
2 2 -0.67375 -0.875
0 3 -0.7325 -0.89375
1 3 -0.6994 -0.9208
2 3 -0.652 -0.946
0 4 -0.748 -0.889
1 4 -0.7195 -0.913
2 4 -0.6685 -0.9385
0 5 -0.8632 -0.8794
1 5 -0.8305 -0.907
2 5 -0.781 -0.931
0 6 -0.767708 -0.820833
1 6 -0.7318 -0.847
2 6 -0.6745 -0.8725
0 7 -0.6256 -0.694
1 7 -0.583 -0.718
2 7 -0.5335 -0.7435
0 8 -0.6256 -0.5644
1 8 -0.586 -0.5896
2 8 -0.535 -0.616
0 9 -0.7948 -0.8884
1 9 -0.7588 -0.9172
2 9 -0.712 -0.9424
0 10 -0.748 -0.8884
1 10 -0.7192 -0.9136
2 10 -0.6688 -0.9388
0 11 -0.7675 -0.8215
1 11 -0.7318 -0.847
2 11 -0.676 -0.8722
0 12 -0.85744 -0.8704
1 12 -0.826336 -0.89632
2 12 -0.775 -0.9262
0 13 -0.628 -0.769
1 13 -0.59176 -0.79696
2 13 -0.5374 -0.8236
0 14 -0.6292 -0.7678
1 14 -0.59176 -0.79696
2 14 -0.5374 -0.82
0 15 -0.62632 -0.56368
1 15 -0.586 -0.5896
2 15 -0.5338 -0.6148
0 16 -0.626752 -0.564544
1 16 -0.586 -0.5932
2 16 -0.5356 -0.6184
0 17 -0.6004 -0.4492
1 17 -0.59 -0.79625
2 17 -0.5122 -0.5014
0 18 -0.5266 -0.577
1 18 -0.4906 -0.604
2 18 -0.4384 -0.6274
0 19 -0.862624 -0.880768
1 19 -0.82936 -0.90712
2 19 -0.77752 -0.93304
0 20 -0.78184 -0.86824
1 20 -0.74728 -0.89632
2 20 -0.69976 -0.92008
0 21 -0.8506 -0.82
1 21 -0.81856 -0.849664
2 21 -0.77104 -0.87472
0 22 -0.76888 -0.82072
1 22 -0.73216 -0.84664
2 22 -0.676 -0.87256
0 23 -0.60472 -0.44704
1 23 -0.56584 -0.47296
2 23 -0.51616 -0.49888
0 24 -0.626752 -0.564544
1 24 -0.58528 -0.593056
2 24 -0.53344 -0.61768
0 25 -0.628 -0.769
1 25 -0.5914 -0.7966
2 25 -0.5356 -0.82504
0 26 -0.6274 -0.568
1 26 -0.58744 -0.59392
2 26 -0.53776 -0.61984
0 27 -0.8272 -0.17704
1 27 -0.8635 -0.1825
2 27 -0.893728 -0.191296
0 28 -0.849664 -0.821152
1 28 -0.81856 -0.849664
2 28 -0.76672 -0.875584
0 29 -0.600832 -0.541216
1 29 -0.564544 -0.567136
2 29 -0.512704 -0.593056
0 30 -0.782272 -0.867808
1 30 -0.748576 -0.89632
2 30 -0.699328 -0.919648
0 31 -0.626752 -0.564544
1 31 -0.58528 -0.593056
2 31 -0.536032 -0.618976
0 32 -0.629344 -0.769312
1 32 -0.590464 -0.795232
2 32 -0.538624 -0.823744
0 33 -0.826336 -0.178336
1 33 -0.86176 -0.18136
2 33 -0.888544 -0.188704
0 34 -0.76983 -0.819597
1 34 -0.732506 -0.84759
2 34 -0.676518 -0.872474
0 35 -0.629862 -0.772941
1 35 -0.590464 -0.795232
2 35 -0.53655 -0.825818
0 36 -0.601869 -0.545881
1 36 -0.564544 -0.567654
2 36 -0.514777 -0.595648
0 37 -0.84759 -0.822707
1 37 -0.817108 -0.850701
2 37 -0.76672 -0.875584
0 38 -0.626752 -0.564544
1 38 -0.586317 -0.592537
2 38 -0.53344 -0.617421
0 39 -0.530329 -0.576985
1 39 -0.489894 -0.601869
2 39 -0.440128 -0.629862
0 40 -0.514777 -0.466255
1 40 -0.477453 -0.489894
2 40 -0.427686 -0.514777
0 41 -0.6058 -0.4438
1 41 -0.561433 -0.474342
2 41 -0.514777 -0.502336
0 42 -0.809643 -0.309491
1 42 -0.850701 -0.313223
2 42 -0.873096 -0.316956
0 43 -0.630484 -0.772319
1 43 -0.585695 -0.798446
2 43 -0.537172 -0.824573
0 44 -0.182587 -0.772319
1 44 -0.148994 -0.794714
2 44 -0.0967396 -0.817108
0 45 -0.54837 -0.555835
1 45 -0.507312 -0.581962
2 45 -0.45879 -0.608089
0 46 -0.846968 -0.824573
1 46 -0.817108 -0.850701
2 46 -0.764854 -0.876828
0 47 -0.514777 -0.466255
1 47 -0.477453 -0.492383
2 47 -0.425198 -0.514777
0 48 -0.502336 -0.452569
1 48 -0.466255 -0.477453
2 48 -0.417733 -0.50358
