25
0 0 -0.6454 -0.3016
1 0 -0.544 -0.301
2 0 -0.466 -0.2965
0 1 -0.5752 -0.8506
1 1 -0.4708 -0.838
2 1 -0.388 -0.8272
0 2 -0.6454 -0.3016
1 2 -0.544 -0.301
2 2 -0.4654 -0.2962
0 3 -0.5572 -0.892
1 3 -0.45136 -0.8812
2 3 -0.36928 -0.86824
0 4 -0.5536 -0.892
1 4 -0.447904 -0.880768
2 4 -0.36064 -0.86824
0 5 -0.53992 -0.89416
1 5 -0.43624 -0.8812
2 5 -0.34984 -0.86824
0 6 -0.50752 -0.75592
1 6 -0.40816 -0.74512
2 6 -0.32392 -0.73432
0 7 -0.5536 -0.892
1 7 -0.447904 -0.880768
2 7 -0.359776 -0.867808
0 8 -0.538624 -0.893728
1 8 -0.437536 -0.880768
2 8 -0.349408 -0.867808
0 9 -0.574912 -0.867808
1 9 -0.471232 -0.854848
2 9 -0.385696 -0.84448
0 10 -0.555213 -0.891136
1 10 -0.452569 -0.878694
2 10 -0.359257 -0.866253
0 11 -0.564544 -0.875584
1 11 -0.458272 -0.862624
2 11 -0.374809 -0.853811
0 12 -0.548992 -0.779162
1 12 -0.446349 -0.76672
2 12 -0.359257 -0.757389
0 13 -0.508557 -0.757389
1 13 -0.409024 -0.748058
2 13 -0.325043 -0.735616
0 14 -0.54837 -0.753656
1 14 -0.449459 -0.741837
2 14 -0.362368 -0.732506
0 15 -0.279631 -0.328153
1 15 -0.193784 -0.316956
2 15 -0.119757 -0.30327
0 16 -0.649147 -0.302026
1 16 -0.54837 -0.302026
2 16 -0.468121 -0.293939
0 17 -0.315712 -0.250393
1 17 -0.22551 -0.244173
2 17 -0.150861 -0.231731
0 18 -0.356147 -0.241062
1 18 -0.262835 -0.234841
2 18 -0.191296 -0.2224
0 19 -0.574497 -0.869363
1 19 -0.47372 -0.858166
2 19 -0.384141 -0.846968
0 20 -0.574497 -0.854433
1 20 -0.469988 -0.839503
2 20 -0.384141 -0.832038
0 21 -0.511045 -0.764854
1 21 -0.410268 -0.753656
2 21 -0.328153 -0.742459
0 22 -0.279631 -0.328153
1 22 -0.193784 -0.316956
2 22 -0.119134 -0.305759
0 23 -0.649147 -0.302026
1 23 -0.54837 -0.302026
2 23 -0.469988 -0.298294
0 24 -0.354281 -0.242306
1 24 -0.260969 -0.238574
2 24 -0.190052 -0.227376
