35
0 0 -0.0431199 -0.61984
1 0 -0.0333999 -0.6148
2 0 -0.0264999 -0.6145
0 1 0.5225 -0.943
1 1 0.539 -0.9388
2 1 0.557 -0.9355
0 2 -0.00249996 -0.8575
1 2 0.00800006 -0.8545
2 2 0.0170001 -0.8575
0 3 0.5225 -0.943
1 3 0.539 -0.9388
2 3 0.557 -0.937
0 4 -0.052 -0.7675
1 4 -0.0441999 -0.7642
2 4 -0.0351999 -0.766
0 5 0.0422001 -0.7318
1 5 0.0530001 -0.7282
2 5 0.0620001 -0.7282
0 6 -0.0189999 -0.8578
1 6 -0.00819988 -0.8542
2 6 0.000800069 -0.8578
0 7 -0.00279992 -0.8578
1 7 0.00800012 -0.8542
2 7 0.0170001 -0.8578
0 8 0.2402 -0.6814
1 8 0.2528 -0.6742
2 8 0.2654 -0.6724
0 9 -0.0431199 -0.61984
1 9 -0.0333999 -0.6148
2 9 -0.0261999 -0.6148
0 10 -0.0477999 -0.766
1 10 -0.0387999 -0.7624
2 10 -0.0297999 -0.7642
0 11 -0.0431199 -0.61984
1 11 -0.0344798 -0.61768
2 11 -0.0258399 -0.61552
0 12 -0.0477999 -0.766
1 12 -0.0387999 -0.7624
2 12 -0.0301599 -0.76456
0 13 0.23984 -0.68248
1 13 0.2528 -0.676
2 13 0.26576 -0.67384
0 14 -0.0193598 -0.91144
1 14 -0.00855986 -0.91144
2 14 8.01722e-05 -0.9136
0 15 0.0497601 -0.48808
1 15 0.0584002 -0.4816
2 15 0.0692001 -0.47728
0 16 -0.00207984 -0.85744
1 16 0.00800012 -0.8542
2 16 0.0173601 -0.85744
0 17 -0.00639985 -0.9136
1 17 0.00440013 -0.91144
2 17 0.0134722 -0.914464
0 18 -0.0431199 -0.61984
1 18 -0.0331838 -0.616384
2 18 -0.0254078 -0.616384
0 19 -0.0279998 -0.751168
1 19 -0.0176318 -0.745984
2 19 -0.00985578 -0.748576
0 20 0.262823 -0.701402
1 20 0.275264 -0.695181
2 20 0.287706 -0.69207
0 21 -0.0176318 -0.85744
1 21 -0.00778211 -0.860032
2 21 0.00154908 -0.860032
0 22 -0.704512 -0.31312
1 22 -0.751168 -0.281497
2 22 -0.794714 -0.256614
0 23 0.0679043 -0.613792
1 23 0.0761987 -0.60809
2 23 0.0855298 -0.604979
0 24 -0.0202237 -0.735616
1 24 -0.0108926 -0.732506
2 24 -0.00156136 -0.732506
0 25 0.0513155 -0.486784
1 25 0.0606467 -0.480563
2 25 0.0699778 -0.477453
0 26 0.0668674 -0.776051
1 26 0.0793091 -0.76983
2 26 0.0886403 -0.772941
0 27 0.0376298 -0.738726
1 27 0.0488272 -0.734994
2 27 0.0600246 -0.734994
0 28 -0.0482173 -0.764854
1 28 -0.0370199 -0.761121
2 28 -0.0295549 -0.764854
0 29 0.0668674 -0.61431
1 29 0.0749546 -0.608089
2 29 0.086152 -0.604357
0 30 0.242916 -0.690204
1 30 0.257846 -0.686472
2 30 0.269044 -0.682739
0 31 -0.704512 -0.31312
1 31 -0.749924 -0.287096
2 31 -0.794714 -0.260969
0 32 -0.00342757 -0.861898
1 32 0.00465946 -0.860032
2 32 0.0152349 -0.861898
0 33 0.0450947 -0.731261
1 33 0.0562922 -0.727529
2 33 0.0674896 -0.727529
0 34 -0.0407523 -0.623019
1 34 -0.0332874 -0.619287
2 34 -0.0258224 -0.615554
