8
0 0 -0.5482 -0.6634
1 0 -0.4834 -0.6796
2 0 -0.4312 -0.6832
0 1 -0.8326 -0.5572
1 1 -0.7678 -0.5806
2 1 -0.721 -0.5896
0 2 -0.586 -0.8506
1 2 -0.514 -0.8668
2 2 -0.46 -0.8722
0 3 -0.678592 -0.224992
1 3 -0.66304 -0.250912
2 3 -0.66736 -0.26776
0 4 -0.686472 -0.234841
1 4 -0.676518 -0.259725
2 4 -0.678592 -0.276832
0 5 -0.0694718 -0.790048
1 5 0.00051225 -0.800416
2 5 0.0523523 -0.800416
0 6 -0.586317 -0.863142
1 6 -0.517888 -0.878694
2 6 -0.461901 -0.884915
0 7 -0.552102 -0.667809
1 7 -0.484918 -0.682739
2 7 -0.436395 -0.686472
