17
0 0 -0.469 -0.6526
1 0 -0.4096 -0.6598
2 0 -0.37375 -0.6675
0 1 -0.469 -0.6526
1 1 -0.4096 -0.6598
2 1 -0.3745 -0.667
0 2 -0.45568 -0.85744
1 2 -0.3952 -0.86608
2 2 -0.361 -0.871
0 3 -0.6976 -0.91576
1 3 -0.6418 -0.9172
2 3 -0.613 -0.9244
0 4 -0.45568 -0.85744
1 4 -0.3952 -0.86608
2 4 -0.361 -0.8722
0 5 -0.469 -0.6526
1 5 -0.4075 -0.66
2 5 -0.3736 -0.6652
0 6 -0.45568 -0.85744
1 6 -0.3952 -0.86608
2 6 -0.36064 -0.87256
0 7 -0.44704 -0.78184
1 7 -0.38656 -0.78832
2 7 -0.352 -0.7948
0 8 -0.46864 -0.65224
1 8 -0.40816 -0.65872
2 8 -0.3736 -0.6652
0 9 -0.437536 -0.629344
1 9 -0.37792 -0.63712
2 9 -0.344224 -0.642304
0 10 -0.45568 -0.85744
1 10 -0.3952 -0.86608
2 10 -0.359776 -0.872992
0 11 -0.45568 -0.85744
1 11 -0.396582 -0.866253
2 11 -0.362368 -0.872474
0 12 -0.358013 -0.552102
1 12 -0.294561 -0.555835
2 12 -0.262835 -0.561433
0 13 -0.455058 -0.858166
1 13 -0.396582 -0.866253
2 13 -0.361746 -0.873096
0 14 -0.447593 -0.783516
1 14 -0.387873 -0.787249
2 14 -0.354281 -0.794714
0 15 -0.436395 -0.634217
1 15 -0.376676 -0.641682
2 15 -0.343083 -0.649147
0 16 -0.361746 -0.824573
1 16 -0.302026 -0.832038
2 16 -0.268434 -0.839503
