15
0 0 -0.9085 -0.808
1 0 -0.838 -0.811
2 0 -0.76625 -0.825
0 1 -0.91 -0.8038
1 1 -0.83875 -0.80875
2 1 -0.7675 -0.82125
0 2 -0.91 -0.8038
1 2 -0.83875 -0.80875
2 2 -0.7675 -0.8215
0 3 -0.909375 -0.798958
1 3 -0.842708 -0.804167
2 3 -0.7675 -0.8155
0 4 -0.9085 -0.808
1 4 -0.84016 -0.80992
2 4 -0.7678 -0.8218
0 5 -0.78616 -0.87256
1 5 -0.729395 -0.875584
2 5 -0.65656 -0.88984
0 6 -0.78616 -0.87256
1 6 -0.727529 -0.876828
2 6 -0.657856 -0.888544
0 7 -0.914464 -0.85744
1 7 -0.849664 -0.862624
2 7 -0.790048 -0.872992
0 8 -0.753656 -0.757389
1 8 -0.696736 -0.758944
2 8 -0.629344 -0.769312
0 9 -0.652672 -0.55936
1 9 -0.590464 -0.564544
2 9 -0.530848 -0.577504
0 10 -0.757389 -0.312601
1 10 -0.784864 -0.305344
2 10 -0.808192 -0.305344
0 11 -0.78616 -0.87256
1 11 -0.729395 -0.875584
2 11 -0.660966 -0.888026
0 12 -0.753656 -0.757389
1 12 -0.696736 -0.758944
2 12 -0.629862 -0.772941
0 13 -0.873096 -0.861898
1 13 -0.813376 -0.865631
2 13 -0.749924 -0.876828
0 14 -0.753656 -0.757389
1 14 -0.690204 -0.761121
2 14 -0.630484 -0.772319
