41
0 0 0.28125 -0.12125
1 0 0.281 -0.124
2 0 0.27875 -0.12
0 1 0.233 -0.1315
1 1 0.233 -0.136
2 1 0.2285 -0.133
0 2 0.131 -0.8575
1 2 0.131 -0.868
2 2 0.131 -0.8695
0 3 0.1304 -0.8578
1 3 0.1304 -0.8686
2 3 0.1304 -0.8704
0 4 -0.18352 -0.85744
1 4 -0.18784 -0.86824
2 4 -0.18784 -0.87256
0 5 0.13184 -0.85744
1 5 0.13184 -0.86824
2 5 0.13184 -0.86824
0 6 0.134 -0.72568
1 6 0.134 -0.73432
2 6 0.134 -0.73432
0 7 0.1592 -0.883
1 7 0.15776 -0.89416
2 7 0.15992 -0.89632
0 8 0.2744 -0.0755199
1 8 0.2744 -0.0776799
2 8 0.27008 -0.0733599
0 9 0.28304 -0.18784
1 9 0.28304 -0.18784
2 9 0.28088 -0.18352
0 10 0.23336 -0.13168
1 10 0.233792 -0.134272
2 10 0.22904 -0.13168
0 11 0.158624 -0.88336
1 11 0.158624 -0.893728
2 11 0.158624 -0.89632
0 12 -0.276832 -0.852256
1 12 -0.279424 -0.862624
2 12 -0.282016 -0.867808
0 13 0.132704 -0.85744
1 13 0.132704 -0.867808
2 13 0.132704 -0.867808
0 14 -0.180928 -0.849664
1 14 -0.186112 -0.862624
2 14 -0.186112 -0.865216
0 15 0.135296 -0.725248
1 15 0.135296 -0.735616
2 15 0.135296 -0.735616
0 16 -0.276832 -0.828928
1 16 -0.279424 -0.839296
2 16 -0.282016 -0.84448
0 17 0.135296 -0.743392
1 17 0.135296 -0.75376
2 17 0.135296 -0.75376
0 18 0.143072 -0.748576
1 18 0.143072 -0.758944
2 18 0.143072 -0.758944
0 19 0.233792 -0.13168
1 19 0.23336 -0.136
2 19 0.2312 -0.13168
0 20 -0.383104 -0.603424
1 20 -0.385696 -0.613792
2 20 -0.39088 -0.618976
0 21 0.275264 -0.0772478
1 21 0.275264 -0.0798398
2 21 0.27008 -0.0746558
0 22 -0.0305918 -0.2872
1 22 -0.0301599 -0.29368
2 22 -0.0357758 -0.294976
0 23 0.181952 -0.881805
1 23 0.181952 -0.894246
2 23 0.181952 -0.894246
0 24 0.157069 -0.881805
1 24 0.157069 -0.894246
2 24 0.16018 -0.894246
0 25 0.141517 -0.751168
1 25 0.141517 -0.760499
2 25 0.141517 -0.760499
0 26 -0.278387 -0.850701
1 26 -0.281497 -0.863142
2 26 -0.281497 -0.869363
0 27 0.132186 -0.856922
1 27 0.132186 -0.866253
2 27 0.132186 -0.869363
0 28 0.135296 -0.726285
1 28 0.135296 -0.735616
2 28 0.135296 -0.735616
0 29 0.135296 -0.741837
1 29 0.135296 -0.754278
2 29 0.135296 -0.754278
0 30 0.178842 -0.751168
1 30 0.178842 -0.760499
2 30 0.178842 -0.760499
0 31 0.141517 -0.863142
1 31 0.141517 -0.872474
2 31 0.141517 -0.875584
0 32 0.275264 -0.119757
1 32 0.280448 -0.121312
2 32 0.275264 -0.116646
0 33 0.135296 -0.741837
1 33 0.134674 -0.753656
2 33 0.134674 -0.753656
0 34 0.130942 -0.858166
1 34 0.130942 -0.869363
2 34 0.130942 -0.869363
0 35 0.134674 -0.727529
1 35 0.134674 -0.742459
2 35 0.134674 -0.738726
0 36 0.130942 -0.839503
1 36 0.130942 -0.850701
2 36 0.130942 -0.850701
0 37 0.149604 -0.832038
1 37 0.149604 -0.843236
2 37 0.149604 -0.843236
0 38 0.186929 -0.727529
1 38 0.186929 -0.734994
2 38 0.186929 -0.734994
0 39 0.142139 -0.749924
1 39 0.142139 -0.761121
2 39 0.142139 -0.761121
0 40 -0.0326653 -0.287718
1 40 -0.0357758 -0.293939
2 40 -0.0407523 -0.298294
