56
0 0 -0.1306 -0.604
1 0 -0.11625 -0.60375
2 0 -0.102083 -0.611458
0 1 -0.12952 -0.60472
1 1 -0.11625 -0.60375
2 1 -0.1025 -0.61125
0 2 -0.0989583 -0.822917
1 2 -0.0812499 -0.83
2 2 -0.0637499 -0.84
0 3 0.3725 -0.9115
1 3 0.3995 -0.91
2 3 0.431 -0.9145
0 4 -0.1165 -0.874
1 4 -0.0999999 -0.8812
2 4 -0.0805 -0.895
0 5 -0.1165 -0.874
1 5 -0.0999999 -0.8812
2 5 -0.0805 -0.892
0 6 -0.1396 -0.739
1 6 -0.124 -0.7435
2 6 -0.109 -0.754
0 7 -0.1306 -0.604
1 7 -0.11656 -0.60472
2 7 -0.103 -0.6115
0 8 0.3698 -0.9172
1 8 0.3986 -0.9172
2 8 0.4274 -0.9208
0 9 -0.139 -0.7405
1 9 -0.1234 -0.7444
2 9 -0.1072 -0.7534
0 10 -0.1162 -0.874
1 10 -0.0999999 -0.8812
2 10 -0.0801999 -0.892
0 11 0.1358 -0.676
1 11 0.1556 -0.6742
2 11 0.1754 -0.6778
0 12 -0.1306 -0.604
1 12 -0.1162 -0.604
2 12 -0.1018 -0.6112
0 13 -0.145 -0.7408
1 13 -0.1306 -0.7444
2 13 -0.1144 -0.7552
0 14 -0.0999999 -0.8236
1 14 -0.0819999 -0.8308
2 14 -0.0657999 -0.8416
0 15 -0.0405999 -0.4834
1 15 -0.0261999 -0.4816
2 15 -0.0135999 -0.4852
0 16 0.3725 -0.9115
1 16 0.4004 -0.91
2 16 0.431 -0.9136
0 17 0.36944 -0.91792
1 17 0.39752 -0.91792
2 17 0.42776 -0.92224
0 18 -0.1054 -0.8758
1 18 -0.0863199 -0.88336
2 18 -0.0690399 -0.89416
0 19 -0.1396 -0.739
1 19 -0.1234 -0.7444
2 19 -0.10792 -0.75376
0 20 -0.12088 -0.72568
1 20 -0.1036 -0.73
2 20 -0.0884799 -0.73864
0 21 -0.11656 -0.87472
1 21 -0.0992798 -0.8812
2 21 -0.0798399 -0.89416
0 22 -0.11872 -0.70624
1 22 -0.1036 -0.7084
2 22 -0.0884799 -0.71704
0 23 -0.0999999 -0.8236
1 23 -0.0841599 -0.83152
2 23 -0.0668798 -0.84232
0 24 -0.1144 -0.82936
1 24 -0.0979838 -0.83152
2 24 -0.0798399 -0.84448
0 25 -0.0409599 -0.48376
1 25 -0.0279999 -0.4816
2 25 -0.0150399 -0.48592
0 26 -0.214624 -0.0279998
1 26 -0.2116 -0.0193598
2 26 -0.2116 -0.0193598
0 27 -0.12952 -0.60472
1 27 -0.11625 -0.60375
2 27 -0.10144 -0.6112
0 28 -0.116128 -0.872992
1 28 -0.0979838 -0.880768
2 28 -0.0798398 -0.893728
0 29 -0.10576 -0.875584
1 29 -0.0876158 -0.88336
2 29 -0.0694718 -0.893728
0 30 -0.0565118 -0.722656
1 30 -0.0409598 -0.725248
2 30 -0.0228158 -0.733024
0 31 -0.113536 -0.712288
1 31 -0.0979838 -0.71488
2 31 -0.0824318 -0.722656
0 32 -0.100576 -0.826336
1 32 -0.0850238 -0.83152
2 32 -0.0668798 -0.841888
0 33 -0.11872 -0.707104
1 33 -0.103168 -0.709696
2 33 -0.0876158 -0.717472
0 34 -0.0331838 -0.4816
1 34 -0.0202237 -0.4816
2 34 -0.00726376 -0.484192
0 35 -0.0409598 -0.484192
1 35 -0.0254078 -0.4816
2 35 -0.0124477 -0.486784
0 36 -0.0279998 -0.600832
1 36 -0.0124477 -0.600832
2 36 0.00310421 -0.606016
0 37 -0.1144 -0.82936
1 37 -0.0979838 -0.83152
2 37 -0.0798398 -0.847072
0 38 -0.214624 -0.0279998
1 38 -0.2116 -0.0193598
2 38 -0.212032 -0.0202237
0 39 -0.10576 -0.875584
1 39 -0.0886525 -0.881805
2 39 -0.0699902 -0.894246
0 40 -0.0295549 -0.489894
1 40 -0.0140029 -0.486784
2 40 -0.00156136 -0.489894
0 41 -0.138419 -0.738726
1 41 -0.122867 -0.741837
2 41 -0.107315 -0.751168
0 42 -0.100576 -0.826336
1 42 -0.0855422 -0.832038
2 42 -0.0668798 -0.84448
0 43 -0.119757 -0.726285
1 43 -0.104205 -0.729395
2 43 -0.0886525 -0.738726
0 44 -0.0295549 -0.598758
1 44 -0.0140029 -0.598758
2 44 0.00154908 -0.604979
0 45 -0.129088 -0.606016
1 45 -0.116128 -0.606016
2 45 -0.101094 -0.61431
0 46 -0.113536 -0.828928
1 46 -0.0979837 -0.832038
2 46 -0.0793214 -0.84448
0 47 -0.206848 -0.0202237
1 47 -0.203737 -0.0140029
2 47 -0.203737 -0.0140029
0 48 -0.212446 -0.0183575
1 48 -0.208714 -0.0108925
2 48 -0.213069 -0.0108926
0 49 -0.0295549 -0.492383
1 49 -0.014625 -0.492383
2 49 -0.00342757 -0.496115
0 50 -0.0594147 -0.716331
1 50 -0.0444848 -0.720064
2 50 -0.0258224 -0.727529
0 51 -0.111669 -0.716331
1 51 -0.0967396 -0.720064
2 51 -0.0818097 -0.727529
0 52 -0.119134 -0.727529
1 52 -0.104205 -0.731261
2 52 -0.0892746 -0.738726
0 53 -0.0332874 -0.753656
1 53 -0.014625 -0.757389
2 53 0.00403741 -0.764854
0 54 -0.130332 -0.608089
1 54 -0.115402 -0.608089
2 54 -0.100472 -0.615554
0 55 -0.214624 -0.0279998
1 55 -0.209958 -0.0202237
2 55 -0.212446 -0.02209
