17
0 0 -0.568 -0.3124
1 0 -0.568 -0.316
2 0 -0.5662 -0.2998
0 1 -0.45568 -0.78184
1 1 -0.44704 -0.78832
2 1 -0.43624 -0.784
0 2 -0.45568 -0.78184
1 2 -0.44704 -0.78832
2 2 -0.43408 -0.77968
0 3 -0.45568 -0.782272
1 3 -0.447904 -0.787456
2 3 -0.434944 -0.782272
0 4 -0.398656 -0.761536
1 4 -0.388288 -0.769312
2 4 -0.37792 -0.761536
0 5 -0.447904 -0.712288
1 5 -0.44056 -0.71704
2 5 -0.427168 -0.712288
0 6 -0.699328 -0.349408
1 6 -0.70192 -0.352
2 6 -0.70192 -0.341632
0 7 -0.613792 -0.341632
1 7 -0.61431 -0.346816
2 7 -0.6112 -0.334374
0 8 -0.45568 -0.782272
1 8 -0.446349 -0.785382
2 8 -0.437017 -0.785382
0 9 -0.396582 -0.76361
1 9 -0.390361 -0.76983
2 9 -0.37792 -0.760499
0 10 -0.697669 -0.350548
1 10 -0.701402 -0.354281
2 10 -0.701402 -0.343083
0 11 -0.455058 -0.779784
1 11 -0.447593 -0.787249
2 11 -0.432663 -0.779784
0 12 -0.00716 -0.335618
1 12 0.00154908 -0.337485
2 12 0.0189673 -0.324421
0 13 -0.432663 -0.768586
1 13 -0.421465 -0.776051
2 13 -0.410268 -0.768586
0 14 -0.611822 -0.343083
1 14 -0.611822 -0.350548
2 14 -0.611822 -0.335618
0 15 -0.634217 -0.346816
1 15 -0.634217 -0.350548
2 15 -0.634217 -0.339351
0 16 -0.44386 -0.779784
1 16 -0.432663 -0.787249
2 16 -0.421465 -0.779784
