25
0 0 -0.74512 -0.87904
1 0 -0.76 -0.898
2 0 -0.802 -0.9265
0 1 -0.74512 -0.87904
1 1 -0.76 -0.898
2 1 -0.802 -0.928
0 2 -0.0621999 -0.3286
1 2 -0.0711999 -0.33688
2 2 -0.0909999 -0.3448
0 3 -0.58744 -0.34552
1 3 -0.60688 -0.35416
2 3 -0.63928 -0.36712
0 4 -0.74728 -0.87472
1 4 -0.761536 -0.898912
2 4 -0.80776 -0.92656
0 5 -0.74512 -0.87904
1 5 -0.76024 -0.89848
2 5 -0.80128 -0.92656
0 6 -0.48592 -0.69976
1 6 -0.49672 -0.71272
2 6 -0.52696 -0.73432
0 7 -0.0668798 -0.328153
1 7 -0.0711999 -0.33688
2 7 -0.0927998 -0.344224
0 8 0.0990083 -0.852256
1 8 0.0990083 -0.862624
2 8 0.0834563 -0.880768
0 9 -0.48592 -0.69976
1 9 -0.49672 -0.71272
2 9 -0.525664 -0.733024
0 10 0.14048 -0.841888
1 10 0.14048 -0.852256
2 10 0.124928 -0.8704
0 11 0.156032 -0.841888
1 11 0.15344 -0.854848
2 11 0.137888 -0.8704
0 12 0.138407 -0.84137
1 12 0.138407 -0.853811
2 12 0.122855 -0.872474
0 13 0.153959 -0.860032
1 13 0.153959 -0.872474
2 13 0.138407 -0.888026
0 14 0.185063 -0.838259
1 14 0.185063 -0.850701
2 14 0.172621 -0.866253
0 15 -0.461901 -0.349926
1 15 -0.477453 -0.359257
2 15 -0.505446 -0.371699
0 16 -0.0668798 -0.328153
1 16 -0.076211 -0.334374
2 16 -0.0948734 -0.343705
0 17 -0.486784 -0.698291
1 17 -0.496115 -0.710733
2 17 -0.527219 -0.732506
0 18 0.101082 -0.854433
1 18 0.0973494 -0.865631
2 18 0.0824195 -0.884293
0 19 -0.451325 -0.350548
1 19 -0.462523 -0.358013
2 19 -0.492383 -0.369211
0 20 0.157069 -0.843236
1 20 0.157069 -0.854433
2 20 0.142139 -0.873096
0 21 0.194394 -0.843236
1 21 0.194394 -0.854433
2 21 0.179464 -0.873096
0 22 0.186929 -0.839503
1 22 0.186929 -0.850701
2 22 0.171999 -0.869363
0 23 0.198126 -0.854433
1 23 0.198126 -0.865631
2 23 0.183197 -0.880561
0 24 -0.47372 -0.641682
1 24 -0.481185 -0.652879
2 24 -0.514777 -0.671542
