47
0 0 0.0215 -0.844
1 0 0.0260001 -0.8578
2 0 0.032 -0.88
0 1 -0.4915 -0.415
1 1 -0.499 -0.418
2 1 -0.5065 -0.43
0 2 -0.508 -0.4075
1 2 -0.517 -0.4105
2 2 -0.5245 -0.421
0 3 -0.3625 -0.3955
1 3 -0.3715 -0.397
2 3 -0.376 -0.4075
0 4 0.164 -0.8245
1 4 0.173 -0.8395
2 4 0.1805 -0.8605
0 5 0.0512001 -0.8146
1 5 0.0566001 -0.8272
2 5 0.0620001 -0.8488
0 6 0.0170001 -0.8416
1 6 0.0215 -0.856
2 6 0.0278001 -0.8758
0 7 0.4814 -0.8344
1 7 0.4976 -0.8488
2 7 0.5102 -0.8686
0 8 -0.3052 -0.8362
1 8 -0.307 -0.8488
2 8 -0.3052 -0.8686
0 9 -0.5356 -0.3736
1 9 -0.5446 -0.3754
2 9 -0.5518 -0.3862
0 10 -0.53344 -0.3736
1 10 -0.54424 -0.37576
2 10 -0.55072 -0.38656
0 11 0.0215 -0.844
1 11 0.0260002 -0.85744
2 11 0.0324802 -0.87904
0 12 0.0160643 -0.841888
1 12 0.0216801 -0.85528
2 12 0.0260002 -0.87688
0 13 0.2996 -0.8632
1 13 0.31112 -0.87688
2 13 0.32192 -0.89848
0 14 0.0152002 -0.66088
1 14 0.0212482 -0.668224
2 14 0.0281602 -0.68464
0 15 0.40184 -0.85744
1 15 0.4148 -0.87256
2 15 0.42776 -0.89416
0 16 -0.3052 -0.8362
1 16 -0.30664 -0.8488
2 16 -0.30448 -0.86824
0 17 0.2636 -0.838
1 17 0.2744 -0.85312
2 17 0.2852 -0.87472
0 18 -0.53344 -0.375328
1 18 -0.543808 -0.375328
2 18 -0.551584 -0.385696
0 19 0.0238403 -0.841888
1 19 0.0264322 -0.85744
2 19 0.0342082 -0.878176
0 20 0.402272 -0.85744
1 20 0.415232 -0.8704
2 20 0.428192 -0.893728
0 21 0.0171011 -0.660966
1 21 0.0212482 -0.668224
2 21 0.0290243 -0.686368
0 22 0.0173601 -0.84016
1 22 0.0215 -0.856
2 22 0.0264322 -0.872992
0 23 -0.266464 -0.826336
1 23 -0.266464 -0.836704
2 23 -0.266464 -0.85744
0 24 -0.305344 -0.839296
1 24 -0.305344 -0.849664
2 24 -0.305344 -0.8704
0 25 -0.390361 -0.368589
1 25 -0.396582 -0.371699
2 25 -0.402803 -0.38103
0 26 -0.505446 -0.430797
1 26 -0.511045 -0.440128
2 26 -0.511667 -0.452569
0 27 0.505434 -0.835149
1 27 0.520986 -0.850701
2 27 0.536538 -0.872474
0 28 -0.306381 -0.838259
1 28 -0.306381 -0.850701
2 28 -0.30327 -0.869363
0 29 -0.269056 -0.834112
1 29 -0.269056 -0.847072
2 29 -0.269056 -0.869363
0 30 0.0295427 -0.835149
1 30 0.0357635 -0.84759
2 30 0.0419843 -0.869363
0 31 0.0226998 -0.843236
1 31 0.0264323 -0.856922
2 31 0.0357635 -0.878694
0 32 0.0171011 -0.660966
1 32 0.0212482 -0.668224
2 32 0.0264323 -0.68585
0 33 0.0513155 -0.76361
1 33 0.0575363 -0.776051
2 33 0.0637571 -0.794714
0 34 0.0513155 -0.797824
1 34 0.0575363 -0.810266
2 34 0.0637571 -0.828928
0 35 0.172621 -0.832038
1 35 0.181952 -0.84759
2 35 0.191284 -0.866253
0 36 0.0115024 -0.839503
1 36 0.0189673 -0.850701
2 36 0.0226998 -0.873096
0 37 0.0226998 -0.843236
1 37 0.0264323 -0.858166
2 37 0.0338973 -0.876828
0 38 0.0189673 -0.664077
1 38 0.0226998 -0.671542
2 38 0.0301648 -0.690204
0 39 0.0301648 -0.835771
1 39 0.0376298 -0.846968
2 39 0.0413623 -0.869363
0 40 -0.507312 -0.432663
1 40 -0.508557 -0.437017
2 40 -0.511045 -0.455058
0 41 0.0525597 -0.798446
1 41 0.0562922 -0.809643
2 41 0.0637571 -0.832038
0 42 -0.499848 -0.425198
1 42 -0.507312 -0.42893
2 42 -0.514777 -0.440128
0 43 0.130942 -0.805911
1 43 0.138407 -0.820841
2 43 0.145872 -0.839503
0 44 0.0525597 -0.813376
1 44 0.0562922 -0.828306
2 44 0.0637571 -0.846968
0 45 0.160802 -0.824573
1 45 0.168267 -0.839503
2 45 0.179464 -0.858166
0 46 -0.391606 -0.369211
1 46 -0.399071 -0.372943
2 46 -0.402803 -0.380408
