34
0 0 -0.6825 -0.29625
1 0 -0.7 -0.295
2 0 -0.7075 -0.2845
0 1 -0.6814 -0.2962
1 1 -0.6994 -0.2962
2 1 -0.7066 -0.2836
0 2 -0.8596 -0.3124
1 2 -0.8776 -0.3142
2 2 -0.8884 -0.3034
0 3 -0.91 -0.8524
1 3 -0.9046 -0.8614
2 3 -0.8956 -0.8668
0 4 -0.8326 -0.6652
1 4 -0.8254 -0.6724
2 4 -0.8128 -0.676
0 5 -0.8164 -0.66952
1 5 -0.80992 -0.676
2 5 -0.79696 -0.67816
0 6 -0.352 -0.80776
1 6 -0.34552 -0.81856
2 6 -0.3304 -0.82288
0 7 -0.77536 -0.38008
1 7 -0.7912 -0.3808
2 7 -0.79696 -0.3736
0 8 -0.784 -0.38008
1 8 -0.80128 -0.38224
2 8 -0.80776 -0.3736
0 9 -0.6814 -0.2962
1 9 -0.69976 -0.29584
2 9 -0.7084 -0.28288
0 10 -0.90064 -0.83368
1 10 -0.89632 -0.84232
2 10 -0.88552 -0.84664
0 11 -0.83152 -0.6652
1 11 -0.82504 -0.67168
2 11 -0.81208 -0.676
0 12 -0.29152 -0.79048
1 12 -0.2872 -0.7984
2 12 -0.27208 -0.80344
0 13 0.116634 -0.272166
1 13 0.12752 -0.269056
2 13 0.145664 -0.263872
0 14 -0.349408 -0.808192
1 14 -0.344224 -0.81856
2 14 -0.328672 -0.821152
0 15 -0.681184 -0.297568
1 15 -0.699328 -0.297568
2 15 -0.707104 -0.284608
0 16 -0.839296 -0.665632
1 16 -0.83152 -0.670816
2 16 -0.821152 -0.673408
0 17 -0.847072 -0.310528
1 17 -0.867808 -0.310528
2 17 -0.875584 -0.30016
0 18 -0.8056 -0.670816
1 18 -0.800416 -0.676
2 18 -0.787456 -0.681184
0 19 -0.81856 -0.681184
1 19 -0.813376 -0.68896
2 19 -0.800416 -0.691552
0 20 -0.292384 -0.790048
1 20 -0.2872 -0.797824
2 20 -0.271648 -0.803008
0 21 -0.679629 -0.297049
1 21 -0.698291 -0.297049
2 21 -0.707622 -0.284608
0 22 -0.828928 -0.654746
1 22 -0.822707 -0.660966
2 22 -0.810266 -0.664077
0 23 -0.807155 -0.670297
1 23 -0.800934 -0.676518
2 23 -0.788493 -0.679629
0 24 -0.331264 -0.732506
1 24 -0.325043 -0.738726
2 24 -0.309491 -0.741837
0 25 -0.900467 -0.835149
1 25 -0.894246 -0.84137
2 25 -0.884915 -0.84759
0 26 0.116634 -0.272166
1 26 0.12752 -0.269056
2 26 0.144628 -0.262835
0 27 -0.350548 -0.809643
1 27 -0.343083 -0.817108
2 27 -0.331264 -0.822707
0 28 -0.334374 -0.807155
1 28 -0.328153 -0.816486
2 28 -0.315712 -0.819597
0 29 -0.807155 -0.670297
1 29 -0.802178 -0.679007
2 29 -0.790981 -0.682739
0 30 -0.350548 -0.809643
1 30 -0.343083 -0.817108
2 30 -0.328153 -0.820841
0 31 0.116634 -0.272166
1 31 0.125965 -0.269056
2 31 0.145872 -0.264701
0 32 -0.324421 -0.768586
1 32 -0.316956 -0.776051
2 32 -0.302026 -0.779784
0 33 -0.335618 -0.805911
1 33 -0.328153 -0.817108
2 33 -0.313223 -0.820841
