66
0 0 -0.3325 -0.53
1 0 -0.329167 -0.526042
2 0 -0.325 -0.517708
0 1 -0.05875 -0.86
1 1 -0.0512499 -0.85875
2 1 -0.0395833 -0.85625
0 2 -0.0531999 -0.8614
1 2 -0.0459999 -0.8614
2 2 -0.035 -0.8575
0 3 -0.0594999 -0.859
1 3 -0.0512499 -0.85875
2 3 -0.04 -0.855
0 4 -0.03 -0.84
1 4 -0.0225 -0.83875
2 4 -0.01125 -0.835
0 5 0.035 -0.8395
1 5 0.0440001 -0.8395
2 5 0.056 -0.835
0 6 0.0575 -0.856
1 6 0.0665 -0.8545
2 6 0.0785 -0.8515
0 7 -0.0594999 -0.859
1 7 -0.0505 -0.8575
2 7 -0.04 -0.8545
0 8 -0.0531999 -0.8614
1 8 -0.0459999 -0.8614
2 8 -0.0355 -0.8575
0 9 -0.3295 -0.523
1 9 -0.328 -0.5185
2 9 -0.322 -0.511
0 10 -0.3385 -0.517
1 10 -0.337 -0.5125
2 10 -0.3325 -0.505
0 11 -0.3286 -0.523
1 11 -0.3268 -0.5194
2 11 -0.3214 -0.5104
0 12 -0.3268 -0.5356
1 12 -0.3268 -0.5302
2 12 -0.3214 -0.523
0 13 0.3176 -0.9406
1 13 0.3284 -0.9406
2 13 0.3446 -0.9388
0 14 -0.0297999 -0.8272
1 14 -0.0207999 -0.8254
2 14 -0.00999991 -0.8218
0 15 -0.3304 -0.8326
1 15 -0.3232 -0.8326
2 15 -0.3124 -0.829
0 16 0.0584001 -0.8542
1 16 0.0656001 -0.8542
2 16 0.0782001 -0.8506
0 17 -0.05875 -0.86
1 17 -0.0505 -0.8575
2 17 -0.0405999 -0.8542
0 18 -0.0531999 -0.8614
1 18 -0.0459999 -0.8614
2 18 -0.0351999 -0.8578
0 19 -0.0495998 -0.71488
1 19 -0.0409598 -0.71488
2 19 -0.0315999 -0.712
0 20 -0.0301599 -0.84016
1 20 -0.0215199 -0.838
2 20 -0.0107199 -0.83368
0 21 0.0562401 -0.85528
1 21 0.0648802 -0.85312
2 21 0.0778402 -0.85096
0 22 -0.0461438 -0.854848
1 22 -0.0409599 -0.85528
2 22 -0.0279999 -0.85096
0 23 -0.0582399 -0.85744
1 23 -0.0539199 -0.85744
2 23 -0.0409599 -0.85312
0 24 -0.0487357 -0.71488
1 24 -0.0409598 -0.71488
2 24 -0.0323199 -0.71272
0 25 -0.0431199 -0.72136
1 25 -0.0357758 -0.720064
2 25 -0.0258399 -0.71488
0 26 -0.0531999 -0.8614
1 26 -0.0459999 -0.8614
2 26 -0.0344798 -0.85744
0 27 -0.34984 -0.50536
1 27 -0.34768 -0.5032
2 27 -0.34336 -0.49456
0 28 0.0346401 -0.8272
1 28 0.0432802 -0.82504
2 28 0.0562401 -0.82072
0 29 -0.173152 -0.10576
1 29 -0.17056 -0.0949599
2 29 -0.16408 -0.0841599
0 30 0.0627202 -0.71056
1 30 0.0704962 -0.709696
2 30 0.0821602 -0.70408
0 31 -0.0279998 -0.839296
1 31 -0.0228158 -0.839296
2 31 -0.00985578 -0.834112
0 32 0.316736 -0.885952
1 32 0.327104 -0.885952
2 32 0.342656 -0.88336
0 33 -0.328672 -0.834112
1 33 -0.323488 -0.834112
2 33 -0.310528 -0.828928
0 34 -0.0487357 -0.71488
1 34 -0.0409598 -0.71488
2 34 -0.0305918 -0.709696
0 35 0.0575363 -0.854848
1 35 0.0653123 -0.854848
2 35 0.0782722 -0.849664
0 36 -0.0474399 -0.85528
1 36 -0.0419965 -0.853811
2 36 -0.0279998 -0.849664
0 37 -0.0591038 -0.85744
1 37 -0.0513278 -0.854848
2 37 -0.0409598 -0.852256
0 38 -0.0539198 -0.860032
1 38 -0.0461438 -0.85744
2 38 -0.0331838 -0.854848
0 39 -0.0431199 -0.72136
1 39 -0.0357758 -0.720064
2 39 -0.0228158 -0.717472
0 40 -0.0444848 -0.723796
1 40 -0.0409598 -0.71488
2 40 -0.0305918 -0.71488
0 41 -0.671542 -0.432663
1 41 -0.686368 -0.4168
2 41 -0.70192 -0.396064
0 42 -0.173152 -0.10576
1 42 -0.17056 -0.0953918
2 42 -0.162784 -0.0850238
0 43 -0.060659 -0.853811
1 43 -0.0513278 -0.854848
2 43 -0.0419965 -0.850701
0 44 -0.0482173 -0.716331
1 44 -0.0419965 -0.713843
2 44 -0.0295549 -0.710733
0 45 -0.0295549 -0.828928
1 45 -0.0202237 -0.825818
2 45 -0.0108926 -0.822707
0 46 -0.328153 -0.835149
1 46 -0.321933 -0.832038
2 46 -0.309491 -0.828928
0 47 0.312589 -0.884915
1 47 0.325031 -0.884915
2 47 0.340583 -0.881805
0 48 -0.30327 -0.838259
1 48 -0.293939 -0.835149
2 48 -0.284608 -0.832038
0 49 -0.0295549 -0.838259
1 49 -0.0233341 -0.835149
2 49 -0.0108926 -0.835149
0 50 0.0544259 -0.853811
1 50 0.0637571 -0.853811
2 50 0.0761987 -0.850701
0 51 -0.0482173 -0.854433
1 51 -0.0419965 -0.853811
2 51 -0.0295549 -0.850701
0 52 0.234829 -0.891136
1 52 0.24416 -0.891136
2 52 0.259712 -0.888026
0 53 0.0606467 -0.713843
1 53 0.0668674 -0.710733
2 53 0.0793091 -0.707622
0 54 0.310101 -0.884293
1 54 0.325031 -0.884293
2 54 0.339961 -0.880561
0 55 -0.0482173 -0.716954
1 55 -0.0407523 -0.716331
2 55 -0.0295549 -0.712599
0 56 -0.0482173 -0.854433
1 56 -0.0407523 -0.854433
2 56 -0.0295549 -0.850701
0 57 0.0562922 -0.854433
1 57 0.0637571 -0.854433
2 57 0.0749546 -0.850701
0 58 0.0338973 -0.839503
1 58 0.0413623 -0.839503
2 58 0.0525597 -0.835771
0 59 -0.328153 -0.835149
1 59 -0.321933 -0.832038
2 59 -0.313223 -0.832038
0 60 -0.305759 -0.835771
1 60 -0.294561 -0.835771
2 60 -0.283364 -0.832038
0 61 -0.339351 -0.824573
1 61 -0.331886 -0.820841
2 61 -0.320688 -0.817108
0 62 -0.671542 -0.432663
1 62 -0.686472 -0.421465
2 62 -0.701402 -0.399071
0 63 0.0606467 -0.713843
1 63 0.0668674 -0.710733
2 63 0.078687 -0.708866
0 64 0.0513155 -0.720064
1 64 0.0606467 -0.720064
2 64 0.0712221 -0.720064
0 65 -0.171389 -0.107937
1 65 -0.17056 -0.0953918
2 65 -0.163924 -0.0892746
