22
0 0 -0.0171998 -0.83368
1 0 -0.78832 -0.73216
2 0 -0.7714 -0.7372
0 1 -0.00207984 -0.71704
1 1 0.00656013 -0.72352
2 1 0.0281602 -0.73432
0 2 -0.79912 -0.7192
1 2 -0.790048 -0.72784
2 2 -0.7732 -0.73648
0 3 -0.79264 -0.72136
1 3 -0.78832 -0.73216
2 3 0.0130402 -0.85528
0 4 -0.0176318 -0.834112
1 4 -0.790048 -0.72784
2 4 0.0134722 -0.854848
0 5 -0.79264 -0.722656
1 5 -0.790048 -0.72784
2 5 -0.774496 -0.738208
0 6 0.00569623 -0.686368
1 6 0.0160643 -0.694144
2 6 0.0368003 -0.704512
0 7 0.00310421 -0.670816
1 7 0.0134722 -0.678592
2 7 0.0342082 -0.68896
0 8 -0.0264446 -0.716954
1 8 -0.0171134 -0.723174
2 8 0.00465946 -0.732506
0 9 -0.79264 -0.722656
1 9 -0.790981 -0.734994
2 9 -0.776051 -0.738726
0 10 0.0077699 -0.744947
1 10 0.0171011 -0.754278
2 10 0.0388739 -0.76361
0 11 -0.0233341 -0.791603
1 11 -0.0140029 -0.800934
2 11 0.0077699 -0.813376
0 12 -0.0264446 -0.676518
1 12 -0.0171134 -0.682739
2 12 0.00465946 -0.69207
0 13 0.0450947 -0.667187
1 13 0.0544259 -0.676518
2 13 0.0761987 -0.68585
0 14 0.0139907 -0.835149
1 14 0.0233219 -0.84448
2 14 0.0450947 -0.856922
0 15 0.0338973 -0.835771
1 15 0.0413623 -0.843236
2 15 0.0637571 -0.854433
0 16 -0.0183575 -0.835771
1 16 -0.00716 -0.843236
2 16 0.0152349 -0.854433
0 17 -0.0258224 -0.716331
1 17 -0.0183575 -0.723796
2 17 0.00403741 -0.734994
0 18 -0.00342757 -0.716331
1 18 0.00403741 -0.723796
2 18 0.0264323 -0.734994
0 19 0.0202115 -0.670297
1 19 0.0301648 -0.679007
2 19 0.0525597 -0.690204
0 20 0.0488272 -0.675274
1 20 0.0600246 -0.679007
2 20 0.0824195 -0.690204
0 21 0.0488272 -0.675274
1 21 0.0544259 -0.676518
2 21 0.0749546 -0.686472
