21
0 0 -0.4075 -0.69125
1 0 -0.3825 -0.7025
2 0 -0.3675 -0.7125
0 1 -0.4 -0.68
1 1 -0.37375 -0.69125
2 1 -0.36 -0.70125
0 2 -0.787 -0.574
1 2 -0.763 -0.589
2 2 -0.757 -0.604
0 3 -0.409 -0.691
1 3 -0.3835 -0.7015
2 3 -0.3685 -0.712
0 4 -0.505 -0.325
1 4 -0.5068 -0.3322
2 4 -0.5302 -0.3412
0 5 -0.6085 -0.43
1 5 -0.607 -0.442
2 5 -0.622 -0.4546
0 6 -0.48808 -0.34336
1 6 -0.48808 -0.352
2 6 -0.50752 -0.36064
0 7 -0.41032 -0.68896
1 7 -0.38224 -0.70192
2 7 -0.36928 -0.71056
0 8 -0.92872 -0.5356
1 8 -0.904096 -0.554176
2 8 -0.89848 -0.57016
0 9 -0.85528 -0.55288
1 9 -0.83152 -0.568
2 9 -0.82504 -0.58528
0 10 -0.7408 -0.593056
1 10 -0.717472 -0.608608
2 10 -0.71056 -0.622
0 11 -0.78832 -0.55936
1 11 -0.76456 -0.57448
2 11 -0.75808 -0.5896
0 12 -0.78616 -0.57448
1 12 -0.7624 -0.5896
2 12 -0.75592 -0.60472
0 13 -0.536032 -0.626752
1 13 -0.512704 -0.63712
2 13 -0.499744 -0.65008
0 14 -0.84448 -0.541216
1 14 -0.821152 -0.556768
2 14 -0.815968 -0.57232
0 15 -0.92872 -0.5356
1 15 -0.904096 -0.554176
2 15 -0.898912 -0.569728
0 16 -0.678592 -0.538624
1 16 -0.655264 -0.554176
2 16 -0.647488 -0.567136
0 17 -0.412134 -0.68896
1 17 -0.384141 -0.701402
2 17 -0.371699 -0.710733
0 18 -0.679629 -0.539661
1 18 -0.654746 -0.555213
2 18 -0.648525 -0.567654
0 19 -0.790981 -0.559567
1 19 -0.768586 -0.574497
2 19 -0.761121 -0.589427
0 20 -0.854433 -0.54837
1 20 -0.832038 -0.567032
2 20 -0.824573 -0.581962
