33
0 0 -0.28936 -0.0495998
1 0 -0.2605 -0.0505
2 0 -0.24375 -0.05375
0 1 -0.16625 -0.8925
1 1 -0.121 -0.898
2 1 -0.091 -0.9085
0 2 -0.2872 -0.0513278
1 2 -0.26125 -0.0512499
2 2 -0.244 -0.0565
0 3 -0.28936 -0.0495998
1 3 -0.26128 -0.0517598
2 3 -0.244 -0.0567999
0 4 -0.26625 -0.71125
1 4 -0.2275 -0.7175
2 4 -0.2008 -0.7264
0 5 -0.2332 -0.7912
1 5 -0.187 -0.796
2 5 -0.1594 -0.8074
0 6 -0.5605 -0.484
1 6 -0.5464 -0.4726
2 6 -0.5464 -0.4654
0 7 -0.244 -0.67816
1 7 -0.20296 -0.68248
2 7 -0.17488 -0.69112
0 8 -0.152416 -0.476416
1 8 -0.113536 -0.4816
2 8 -0.0863199 -0.48592
0 9 -0.2872 -0.0513278
1 9 -0.26128 -0.0517598
2 9 -0.244 -0.0582399
0 10 -0.2872 -0.0435518
1 10 -0.25912 -0.0452799
2 10 -0.244 -0.0495998
0 11 -0.5644 -0.4852
1 11 -0.5464 -0.473824
2 11 -0.5464 -0.46648
0 12 -0.2872 -0.0513278
1 12 -0.259725 -0.0544381
2 12 -0.243136 -0.0591038
0 13 -0.243136 -0.678592
1 13 -0.201664 -0.683776
2 13 -0.173152 -0.691552
0 14 -0.56152 -0.48376
1 14 -0.5464 -0.473824
2 14 -0.5464 -0.466048
0 15 -0.162784 -0.471232
1 15 -0.123904 -0.473824
2 15 -0.0979838 -0.4816
0 16 -0.250393 -0.586317
1 16 -0.208714 -0.59316
2 16 -0.18352 -0.59824
0 17 0.101082 -0.371699
1 17 0.141517 -0.368589
2 17 0.171584 -0.370144
0 18 0.200615 -0.891136
1 18 0.249344 -0.893728
2 18 0.281485 -0.903578
0 19 -0.287718 -0.0513278
1 19 -0.259725 -0.0544381
2 19 -0.244173 -0.0575485
0 20 -0.191296 -0.68896
1 20 -0.14775 -0.695181
2 20 -0.119757 -0.704512
0 21 -0.157081 -0.580096
1 21 -0.116646 -0.583206
2 21 -0.0886525 -0.592537
0 22 -0.153971 -0.480563
1 22 -0.113536 -0.480563
2 22 -0.0886525 -0.489894
0 23 -0.56584 -0.48592
1 23 -0.5464 -0.473824
2 23 -0.548992 -0.468121
0 24 0.101082 -0.371699
1 24 0.141517 -0.368589
2 24 0.169511 -0.368589
0 25 -0.250393 -0.586317
1 25 -0.208714 -0.59316
2 25 -0.182587 -0.600625
0 26 -0.2872 -0.0435518
1 26 -0.257236 -0.0444848
2 26 -0.242306 -0.0482173
0 27 -0.242306 -0.835771
1 27 -0.197517 -0.843236
2 27 -0.167657 -0.854433
0 28 -0.287096 -0.0556823
1 28 -0.259725 -0.0544381
2 28 -0.242306 -0.0631472
0 29 -0.156459 -0.581962
1 29 -0.115402 -0.585695
2 29 -0.0892746 -0.59316
0 30 -0.260969 -0.708866
1 30 -0.219911 -0.716331
2 30 -0.193784 -0.723796
0 31 -0.567654 -0.486784
1 31 -0.54837 -0.477453
2 31 -0.54837 -0.469988
0 32 0.101082 -0.372943
1 32 0.141517 -0.368589
2 32 0.171999 -0.372943
