19
0 0 -0.48875 -0.875
1 0 -0.4276 -0.883
2 0 -0.382 -0.8965
0 1 -0.9535 -0.847
1 1 -0.8938 -0.8614
2 1 -0.847 -0.8776
0 2 -0.86824 -0.72568
1 2 -0.8056 -0.7372
2 2 -0.7534 -0.7534
0 3 -0.38872 -0.73
1 3 -0.3358 -0.7372
2 3 -0.2908 -0.748
0 4 -0.865 -0.6454
1 4 -0.8002 -0.6598
2 4 -0.7498 -0.676
0 5 -0.869363 -0.726285
1 5 -0.8056 -0.7372
2 5 -0.75376 -0.75376
0 6 -0.38872 -0.73
1 6 -0.333856 -0.738208
2 6 -0.29152 -0.74728
0 7 -0.409024 -0.881805
1 7 -0.352 -0.88984
2 7 -0.305344 -0.901504
0 8 -0.90928 -0.839296
1 8 -0.841888 -0.852256
2 8 -0.79264 -0.8704
0 9 -0.393472 -0.7408
1 9 -0.341632 -0.751168
2 9 -0.297568 -0.758944
0 10 -0.8704 -0.725248
1 10 -0.8056 -0.73864
2 10 -0.75376 -0.75376
0 11 -0.497152 -0.872992
1 11 -0.437536 -0.88336
2 11 -0.39088 -0.893728
0 12 -0.402803 -0.880561
1 12 -0.34768 -0.892
2 12 -0.30327 -0.900467
0 13 -0.410268 -0.880561
1 13 -0.352 -0.88984
2 13 -0.309491 -0.900467
0 14 -0.393472 -0.738726
1 14 -0.340595 -0.748058
2 14 -0.297049 -0.757389
0 15 -0.869363 -0.726285
1 15 -0.8056 -0.738208
2 15 -0.754278 -0.754278
0 16 -0.90928 -0.839296
1 16 -0.841888 -0.852256
2 16 -0.794714 -0.869363
0 17 -0.481185 -0.873096
1 17 -0.425198 -0.884293
2 17 -0.38103 -0.897357
0 18 -0.869363 -0.727529
1 18 -0.805911 -0.738726
2 18 -0.753656 -0.757389
