32
0 0 -0.625 -0.264583
1 0 -0.65 -0.282292
2 0 -0.685417 -0.296875
0 1 -0.6225 -0.26375
1 1 -0.6475 -0.2825
2 1 -0.6825 -0.29625
0 2 -0.78375 -0.27125
1 2 -0.81375 -0.295
2 2 -0.8525 -0.315
0 3 -0.613 -0.2605
1 3 -0.6385 -0.2785
2 3 -0.673 -0.2935
0 4 -0.67 -0.2965
1 4 -0.691 -0.319
2 4 -0.7195 -0.337
0 5 -0.7912 -0.2692
1 5 -0.82 -0.2926
2 5 -0.8596 -0.3124
0 6 -0.919 -0.7804
1 6 -0.9082 -0.8164
2 6 -0.9064 -0.8524
0 7 -0.83152 -0.59176
1 7 -0.82504 -0.62416
2 7 -0.8272 -0.65224
0 8 -0.91144 -0.7624
1 8 -0.90064 -0.79912
2 8 -0.90064 -0.83368
0 9 -0.38008 -0.76888
1 9 -0.3628 -0.79048
2 9 -0.352 -0.80776
0 10 -0.84448 -0.603424
1 10 -0.836704 -0.63712
2 10 -0.839296 -0.665632
0 11 0.0979715 -0.275277
1 11 0.110413 -0.275277
2 11 0.119744 -0.27424
0 12 -0.354592 -0.691552
1 12 -0.33904 -0.712288
2 12 -0.328672 -0.730432
0 13 -0.37792 -0.76672
1 13 -0.362368 -0.790048
2 13 -0.349408 -0.808192
0 14 -0.77968 -0.266464
1 14 -0.808192 -0.289792
2 14 -0.847072 -0.310528
0 15 -0.66952 -0.29584
1 15 -0.69112 -0.31744
2 15 -0.720064 -0.336448
0 16 -0.320896 -0.751168
1 16 -0.302752 -0.771904
2 16 -0.292384 -0.790048
0 17 -0.370144 -0.694144
1 17 -0.354592 -0.712288
2 17 -0.344224 -0.730432
0 18 -0.570765 -0.315712
1 18 -0.590464 -0.333856
2 18 -0.617421 -0.349926
0 19 0.0979715 -0.281497
1 19 0.108547 -0.279631
2 19 0.116634 -0.278387
0 20 0.0979715 -0.275277
1 20 0.108547 -0.279631
2 20 0.116634 -0.272166
0 21 -0.37792 -0.76672
1 21 -0.362368 -0.790048
2 21 -0.346816 -0.810266
0 22 -0.356147 -0.69207
1 22 -0.340595 -0.710733
2 22 -0.331264 -0.732506
0 23 -0.816486 -0.6112
1 23 -0.807155 -0.642304
2 23 -0.807155 -0.670297
0 24 -0.84448 -0.601869
1 24 -0.838259 -0.636083
2 24 -0.838259 -0.664077
0 25 -0.368589 -0.695181
1 25 -0.353037 -0.713843
2 25 -0.343705 -0.732506
0 26 -0.362368 -0.76672
1 26 -0.346816 -0.788493
2 26 -0.334374 -0.807155
0 27 -0.559567 -0.328153
1 27 -0.57823 -0.346816
2 27 -0.600625 -0.365478
0 28 -0.380408 -0.768586
1 28 -0.361746 -0.790981
2 28 -0.350548 -0.809643
0 29 -0.365478 -0.764854
1 29 -0.346816 -0.787249
2 29 -0.335618 -0.805911
0 30 0.0979715 -0.275277
1 30 0.108547 -0.279631
2 30 0.116012 -0.275899
0 31 -0.368589 -0.695181
1 31 -0.354281 -0.716331
2 31 -0.343083 -0.731261
