42
0 0 0.0395 -0.829
1 0 0.02125 -0.8425
2 0 0.02 -0.8475
0 1 0.178125 -0.816667
1 1 0.16 -0.83
2 1 0.16 -0.83375
0 2 0.47375 -0.82125
1 2 0.45875 -0.8325
2 2 0.46125 -0.835
0 3 0.1775 -0.8155
1 3 0.161 -0.829
2 3 0.1595 -0.8335
0 4 0.0725001 -0.8035
1 4 0.0530001 -0.817
2 4 0.0515001 -0.8215
0 5 0.0458001 -0.8308
1 5 0.0250001 -0.845
2 5 0.023 -0.85
0 6 0.0393922 -0.826336
1 6 0.0206001 -0.8416
2 6 0.02 -0.847
0 7 0.4235 -0.892
1 7 0.407 -0.904
2 7 0.41 -0.9085
0 8 0.0728001 -0.8038
1 8 0.0530001 -0.8164
2 8 0.0512001 -0.8218
0 9 0.0386001 -0.829
1 9 0.0206001 -0.8416
2 9 0.0188001 -0.847
0 10 0.1772 -0.8164
1 10 0.161 -0.829
2 10 0.1592 -0.8326
0 11 0.0425001 -0.65625
1 11 0.0224001 -0.6688
2 11 0.0206001 -0.6724
0 12 0.0419842 -0.660448
1 12 0.0238403 -0.670816
2 12 0.0195201 -0.676
0 13 0.43208 -0.8272
1 13 0.41696 -0.838
2 13 0.41912 -0.84232
0 14 0.0411201 -0.8272
1 14 0.0206001 -0.8416
2 14 0.0173601 -0.84664
0 15 0.42992 -0.82288
1 15 0.41264 -0.83368
2 15 0.4148 -0.838
0 16 0.42776 -0.89632
1 16 0.41264 -0.90712
2 16 0.4148 -0.91144
0 17 0.30248 -0.85528
1 17 0.28736 -0.86608
2 17 0.28736 -0.8704
0 18 0.41696 -0.88984
1 18 0.40184 -0.90064
2 18 0.404 -0.90496
0 19 0.0419842 -0.660448
1 19 0.0233219 -0.670297
2 19 0.0212482 -0.673408
0 20 0.0482051 -0.667187
1 20 0.0295427 -0.676518
2 20 0.0264322 -0.681184
0 21 0.0730882 -0.803008
1 21 0.0549442 -0.815968
2 21 0.0523523 -0.821152
0 22 0.0393922 -0.826336
1 22 0.0206001 -0.8416
2 22 0.0186562 -0.84448
0 23 0.0523523 -0.823744
1 23 0.0342082 -0.836704
2 23 0.0316163 -0.841888
0 24 0.435968 -0.821152
1 24 0.420416 -0.83152
2 24 0.423008 -0.834112
0 25 0.0730883 -0.804045
1 25 0.0544259 -0.816486
2 25 0.0513155 -0.819597
0 26 0.0730883 -0.788493
1 26 0.0544259 -0.800934
2 26 0.0513155 -0.804045
0 27 -0.269056 -0.822707
1 27 -0.290829 -0.835149
2 27 -0.293939 -0.84137
0 28 0.0482051 -0.667187
1 28 0.0301648 -0.679007
2 28 0.0264323 -0.682739
0 29 0.39657 -0.84759
1 29 0.381018 -0.860032
2 29 0.384128 -0.863142
0 30 0.0450947 -0.664077
1 30 0.0226998 -0.671542
2 30 0.0202115 -0.673408
0 31 0.0388739 -0.825818
1 31 0.0202115 -0.838259
2 31 0.0171011 -0.84448
0 32 0.0388739 -0.825818
1 32 0.0202115 -0.838259
2 32 0.0152349 -0.843236
0 33 0.0749546 -0.790981
1 33 0.0562922 -0.802178
2 33 0.0525597 -0.805911
0 34 0.149604 -0.798446
1 34 0.130942 -0.809643
2 34 0.130942 -0.813376
0 35 0.0749546 -0.802178
1 35 0.0562922 -0.813376
2 35 0.0525597 -0.820841
0 36 -0.268434 -0.824573
1 36 -0.290829 -0.835771
2 36 -0.294561 -0.843236
0 37 -0.234841 -0.820841
1 37 -0.257236 -0.835771
2 37 -0.260969 -0.839503
0 38 0.0513155 -0.822707
1 38 0.0338973 -0.835771
2 38 0.0338973 -0.839503
0 39 0.0450947 -0.664077
1 39 0.0226998 -0.671542
2 39 0.0226998 -0.675274
0 40 0.183197 -0.824573
1 40 0.168267 -0.835771
2 40 0.164534 -0.843236
0 41 0.175732 -0.817108
1 41 0.157069 -0.828306
2 41 0.157069 -0.832038
