51
0 0 0.13375 -0.84375
1 0 0.13625 -0.84625
2 0 0.13125 -0.8575
0 1 0.134 -0.844
1 1 0.137 -0.847
2 1 0.131 -0.8575
0 2 0.134 -0.8434
1 2 0.1358 -0.847
2 2 0.1304 -0.8578
0 3 -0.0205 -0.2845
1 3 -0.0193598 -0.28072
2 3 -0.0297999 -0.2872
0 4 0.137 -0.715
1 4 0.1412 -0.7156
2 4 0.134 -0.7246
0 5 0.27872 -0.0819998
1 5 0.28736 -0.0733599
2 5 0.2744 -0.0755199
0 6 0.134 -0.84232
1 6 0.13616 -0.84664
2 6 0.13184 -0.85744
0 7 0.28736 -0.19432
1 7 0.296 -0.18568
2 7 0.28304 -0.18784
0 8 -0.0215199 -0.28504
1 8 -0.0193598 -0.28072
2 8 -0.0301599 -0.2872
0 9 0.13832 -0.71488
1 9 0.143072 -0.717472
2 9 0.134 -0.72568
0 10 0.277856 -0.0824318
1 10 0.288224 -0.0746558
2 10 0.275264 -0.0772478
0 11 0.184544 -0.867808
1 11 0.187136 -0.8704
2 11 0.181952 -0.880768
0 12 -0.266464 -0.841888
1 12 -0.269056 -0.841888
2 12 -0.282016 -0.85744
0 13 -0.17056 -0.841888
1 13 -0.17056 -0.841888
2 13 -0.18352 -0.85744
0 14 -0.26128 -0.836704
1 14 -0.263872 -0.836704
2 14 -0.276832 -0.852256
0 15 0.135296 -0.823744
1 15 0.135296 -0.826336
2 15 0.130112 -0.836704
0 16 0.15344 -0.81856
1 16 0.156032 -0.821152
2 16 0.150848 -0.83152
0 17 0.161216 -0.867808
1 17 0.163808 -0.8704
2 17 0.158624 -0.88336
0 18 0.137888 -0.71488
1 18 0.143072 -0.717472
2 18 0.135296 -0.725248
0 19 0.189728 -0.71488
1 19 0.19232 -0.717472
2 19 0.187136 -0.725248
0 20 -0.36496 -0.595648
1 20 -0.367552 -0.590464
2 20 -0.383104 -0.603424
0 21 -0.0228158 -0.284608
1 21 -0.0202237 -0.282016
2 21 -0.0305918 -0.2872
0 22 0.181952 -0.866253
1 22 0.185063 -0.872474
2 22 0.181952 -0.881805
0 23 0.150848 -0.850701
1 23 0.153959 -0.853811
2 23 0.147738 -0.866253
0 24 0.144628 -0.84759
1 24 0.147738 -0.850701
2 24 0.141517 -0.863142
0 25 -0.266464 -0.841888
1 25 -0.269056 -0.84137
2 25 -0.281497 -0.860032
0 26 0.135296 -0.84137
1 26 0.138407 -0.84448
2 26 0.132186 -0.856922
0 27 -0.26128 -0.836704
1 27 -0.262835 -0.835149
2 27 -0.278387 -0.850701
0 28 -0.163302 -0.832038
1 28 -0.163924 -0.835771
2 28 -0.175744 -0.84759
0 29 -0.265945 -0.810266
1 29 -0.269056 -0.807155
2 29 -0.281497 -0.822707
0 30 0.16018 -0.866253
1 30 0.16329 -0.869363
2 30 0.157069 -0.881805
0 31 0.145664 -0.738208
1 31 0.147738 -0.741837
2 31 0.141517 -0.751168
0 32 0.138407 -0.732506
1 32 0.141517 -0.735616
2 32 0.135296 -0.741837
0 33 0.188173 -0.716954
1 33 0.191284 -0.716954
2 33 0.185063 -0.726285
0 34 0.137888 -0.71488
1 34 0.141517 -0.716954
2 34 0.135296 -0.726285
0 35 -0.0264446 -0.284608
1 35 -0.0202237 -0.281497
2 35 -0.0326653 -0.287718
0 36 0.179464 -0.865631
1 36 0.183197 -0.869363
2 36 0.179464 -0.880561
0 37 0.149604 -0.850701
1 37 0.153337 -0.854433
2 37 0.149604 -0.865631
0 38 -0.265945 -0.84137
1 38 -0.269056 -0.84137
2 38 -0.283364 -0.858166
0 39 0.134674 -0.843236
1 39 0.138407 -0.846968
2 39 0.130942 -0.858166
0 40 -0.259725 -0.835149
1 40 -0.260969 -0.835771
2 40 -0.275899 -0.850701
0 41 -0.171389 -0.832038
1 41 -0.175122 -0.832038
2 41 -0.182587 -0.846968
0 42 0.134674 -0.824573
1 42 0.138407 -0.828306
2 42 0.130942 -0.839503
0 43 -0.260969 -0.817108
1 43 -0.260969 -0.817108
2 43 -0.275899 -0.832038
0 44 -0.265945 -0.810266
1 44 -0.268434 -0.809643
2 44 -0.283364 -0.824573
0 45 0.160802 -0.865631
1 45 0.164534 -0.869363
2 45 0.157069 -0.880561
0 46 0.188173 -0.716954
1 46 0.190661 -0.720064
2 46 0.186929 -0.727529
0 47 0.138407 -0.716331
1 47 0.142139 -0.720064
2 47 0.134674 -0.727529
0 48 0.144628 -0.738726
1 48 0.149604 -0.742459
2 48 0.142139 -0.749924
0 49 0.190661 -0.731261
1 49 0.194394 -0.731261
2 49 0.186929 -0.738726
0 50 -0.0258224 -0.287096
1 50 -0.02209 -0.283364
2 50 -0.0332874 -0.287096
