40
0 0 -0.4204 -0.676
1 0 -0.3862 -0.694
2 0 -0.33125 -0.708333
0 1 -0.4204 -0.676
1 1 -0.3862 -0.694
2 1 -0.32875 -0.7075
0 2 -0.403 -0.877
1 2 -0.3675 -0.8975
2 2 -0.3115 -0.913
0 3 -0.301 -0.439
1 3 -0.271 -0.454
2 3 -0.2185 -0.466
0 4 -0.4165 -0.676
1 4 -0.3862 -0.694
2 4 -0.328 -0.7075
0 5 -0.325 -0.856
1 5 -0.2926 -0.874
2 5 -0.2332 -0.8884
0 6 -0.403 -0.877
1 6 -0.3675 -0.8975
2 6 -0.3124 -0.9136
0 7 -0.4 -0.754
1 7 -0.3655 -0.7765
2 7 -0.3106 -0.7858
0 8 -0.3895 -0.7555
1 8 -0.3538 -0.7732
2 8 -0.2962 -0.7858
0 9 -0.0431199 -0.35632
1 9 -0.0108926 -0.365478
2 9 0.0404001 -0.3718
0 10 -0.4204 -0.676
1 10 -0.3862 -0.694
2 10 -0.3286 -0.7066
0 11 -0.3934 -0.0135999
1 11 -0.37792 -0.0279998
2 11 -0.33472 -0.0409599
0 12 -0.402803 -0.884293
1 12 -0.3682 -0.8974
2 12 -0.31312 -0.9136
0 13 -0.3952 -0.0171999
1 13 -0.3775 -0.0324999
2 13 -0.33688 -0.0452799
0 14 -0.4168 -0.67384
1 14 -0.3862 -0.694
2 14 -0.32824 -0.70624
0 15 -0.0431199 -0.35632
1 15 -0.0108926 -0.365478
2 15 0.0411201 -0.37144
0 16 -0.3088 -0.4384
1 16 -0.2764 -0.45568
2 16 -0.22456 -0.46648
0 17 -0.0357758 -0.88336
1 17 0.00310421 -0.901504
2 17 0.0627202 -0.911872
0 18 -0.402803 -0.878694
1 18 -0.367552 -0.898912
2 18 -0.31312 -0.914464
0 19 0.0393922 -0.862624
1 19 0.0756803 -0.878176
2 19 0.130112 -0.891136
0 20 -0.385696 -0.0124477
1 20 -0.370144 -0.0279998
2 20 -0.328672 -0.0409598
0 21 -0.39304 -0.0128799
1 21 -0.374809 -0.0264446
2 21 -0.333856 -0.0409598
0 22 -0.394 -0.0175
1 22 -0.37576 -0.0344798
2 22 -0.333856 -0.0461438
0 23 -0.0431199 -0.35632
1 23 -0.0108926 -0.365478
2 23 0.0393922 -0.372736
0 24 -0.4168 -0.673408
1 24 -0.385696 -0.694144
2 24 -0.328672 -0.707104
0 25 -0.398656 -0.66304
1 25 -0.367552 -0.681184
2 25 -0.310528 -0.694144
0 26 -0.398656 -0.548992
1 26 -0.368589 -0.567654
2 26 -0.31312 -0.577504
0 27 -0.39952 -0.55072
1 27 -0.36928 -0.568
2 27 -0.31312 -0.582688
0 28 -0.39304 -0.0128799
1 28 -0.374809 -0.0264446
2 28 -0.334374 -0.0388861
0 29 0.0357635 -0.866253
1 29 0.0730883 -0.881805
2 29 0.129075 -0.891136
0 30 -0.4168 -0.673408
1 30 -0.384141 -0.69207
2 30 -0.328153 -0.704512
0 31 -0.3952 -0.0171998
1 31 -0.37792 -0.0383678
2 31 -0.337485 -0.0482173
0 32 -0.0444848 -0.358013
1 32 -0.0108926 -0.365478
2 32 0.0388739 -0.371699
0 33 -0.39304 -0.0128799
1 33 -0.372943 -0.0258224
2 33 -0.331886 -0.0407523
0 34 -0.399071 -0.798446
1 34 -0.365478 -0.820841
2 34 -0.309491 -0.832038
0 35 -0.396582 -0.0202237
1 35 -0.376676 -0.0407523
2 35 -0.335618 -0.0519498
0 36 -0.0444848 -0.358013
1 36 -0.0108926 -0.365478
2 36 0.0376298 -0.372943
0 37 -0.417733 -0.675274
1 37 -0.384141 -0.693937
2 37 -0.328153 -0.705134
0 38 -0.391606 -0.652879
1 38 -0.358013 -0.671542
2 38 -0.305759 -0.682739
0 39 0.0413623 -0.850701
1 39 0.078687 -0.869363
2 39 0.134674 -0.880561
