11
0 0 0.1295 -0.4225
1 0 0.1358 -0.4096
2 0 0.1358 -0.3988
0 1 0.37592 -0.84232
1 1 0.3824 -0.84232
2 1 0.39104 -0.838
0 2 0.130112 -0.424576
1 2 0.137888 -0.409024
2 2 0.137888 -0.398656
0 3 0.0679043 -0.919648
1 3 0.0653123 -0.919648
2 3 0.0679043 -0.914464
0 4 0.00465946 -0.797824
1 4 0.00154908 -0.791603
2 4 0.00154908 -0.788493
0 5 0.147738 -0.586317
1 5 0.153959 -0.573875
2 5 0.157069 -0.567654
0 6 0.00569623 -0.603424
1 6 0.0077699 -0.595648
2 6 0.00465946 -0.586317
0 7 0.119744 -0.424576
1 7 0.129075 -0.409024
2 7 0.125965 -0.399693
0 8 0.00403741 -0.798446
1 8 0.00403741 -0.790981
2 8 0.00403741 -0.787249
0 9 0.00403741 -0.604357
1 9 0.0077699 -0.595648
2 9 0.0077699 -0.589427
0 10 0.38475 -0.667809
1 10 0.395948 -0.664077
2 10 0.403413 -0.656612
