10
0 0 -0.580208 -0.353125
1 0 -0.59875 -0.35125
2 0 -0.6325 -0.345
0 1 -0.58096 -0.352
1 1 -0.59824 -0.352
2 1 -0.6328 -0.34552
0 2 -0.14464 -0.875584
1 2 -0.138419 -0.884915
2 2 -0.150861 -0.894246
0 3 -0.354281 -0.738726
1 3 -0.353037 -0.748058
2 3 -0.368589 -0.751168
0 4 0.0712221 -0.302026
1 4 0.0824195 -0.302026
2 4 0.0824195 -0.30016
0 5 0.0712221 -0.302026
1 5 0.0824195 -0.302026
2 5 0.078687 -0.305759
0 6 -0.354281 -0.738726
1 6 -0.346816 -0.746191
2 6 -0.365478 -0.753656
0 7 -0.343083 -0.738726
1 7 -0.339351 -0.746191
2 7 -0.354281 -0.749924
0 8 -0.302026 -0.720064
1 8 -0.298294 -0.727529
2 8 -0.313223 -0.734994
0 9 -0.331886 -0.723796
1 9 -0.328153 -0.731261
2 9 -0.346816 -0.738726
