16
0 0 -0.571875 -0.259375
1 0 -0.57125 -0.2925
2 0 -0.55625 -0.31625
0 1 -0.7552 -0.613
1 1 -0.74296 -0.65224
2 1 -0.7138 -0.6886
0 2 -0.5716 -0.262
1 2 -0.571 -0.2935
2 2 -0.559 -0.3178
0 3 -0.4618 -0.2602
1 3 -0.4582 -0.2908
2 3 -0.4438 -0.316
0 4 -0.5716 -0.262
1 4 -0.57016 -0.29368
2 4 -0.55936 -0.3196
0 5 -0.57232 -0.26128
1 5 -0.569728 -0.294976
2 5 -0.55936 -0.318304
0 6 -0.606016 -0.315712
1 6 -0.59824 -0.354592
2 6 -0.58528 -0.37792
0 7 -0.256096 -0.774496
1 7 -0.237952 -0.815968
2 7 -0.20944 -0.852256
0 8 0.210464 -0.237952
1 8 0.228608 -0.265945
2 8 0.259712 -0.287718
0 9 -0.744947 -0.6112
1 9 -0.732506 -0.651635
2 9 -0.704512 -0.68585
0 10 -0.570765 -0.262835
1 10 -0.567654 -0.297049
2 10 -0.558323 -0.318822
0 11 -0.757389 -0.6112
1 11 -0.744947 -0.651635
2 11 -0.716954 -0.68585
0 12 -0.673408 -0.349926
1 12 -0.667809 -0.391606
2 12 -0.657856 -0.412134
0 13 -0.197517 -0.754278
1 13 -0.178854 -0.797824
2 13 -0.14775 -0.828928
0 14 -0.256614 -0.776051
1 14 -0.237952 -0.816486
2 14 -0.209958 -0.853811
0 15 -0.746191 -0.611822
1 15 -0.731261 -0.652879
2 15 -0.705134 -0.686472
