27
0 0 0.3575 -0.9145
1 0 0.368 -0.9244
2 0 0.3785 -0.937
0 1 0.3575 -0.9145
1 1 0.36728 -0.9244
2 1 0.3788 -0.937
0 2 0.2495 -0.88
1 2 0.2564 -0.892
2 2 0.2636 -0.9046
0 3 -0.361 -0.7354
1 3 -0.3628 -0.7534
2 3 -0.3646 -0.7642
0 4 -0.16624 -0.87904
1 4 -0.16624 -0.89416
2 4 -0.16408 -0.90712
0 5 -0.1576 -0.88768
1 5 -0.15544 -0.9028
2 5 -0.15328 -0.91576
0 6 -0.361 -0.7354
1 6 -0.3628 -0.7534
2 6 -0.36496 -0.76456
0 7 -0.162784 -0.885952
1 7 -0.160192 -0.901504
2 7 -0.160192 -0.914464
0 8 -0.136864 -0.880768
1 8 -0.136864 -0.89632
2 8 -0.134272 -0.90928
0 9 -0.165376 -0.878176
1 9 -0.165376 -0.893728
2 9 -0.162784 -0.906688
0 10 -0.123904 -0.852256
1 10 -0.121312 -0.867808
2 10 -0.121312 -0.880768
0 11 -0.359776 -0.735616
1 11 -0.362368 -0.751168
2 11 -0.36496 -0.764128
0 12 0.609632 -0.800416
1 12 0.623629 -0.804045
2 12 0.643328 -0.81856
0 13 0.0476002 -0.33256
1 13 0.0471682 -0.33904
2 13 0.0471682 -0.341632
0 14 -0.499225 -0.38103
1 14 -0.520998 -0.393472
2 14 -0.545881 -0.399693
0 15 0.251936 -0.880768
1 15 0.256602 -0.894246
2 15 0.265933 -0.903578
0 16 -0.527219 -0.337485
1 16 -0.552102 -0.349926
2 16 -0.580096 -0.356147
0 17 -0.468121 -0.356147
1 17 -0.489894 -0.365478
2 17 -0.511667 -0.374809
0 18 0.0450947 -0.337485
1 18 0.0450947 -0.340595
2 18 0.0450947 -0.343705
0 19 -0.468121 -0.365478
1 19 -0.489894 -0.374809
2 19 -0.511667 -0.384141
0 20 -0.362368 -0.735616
1 20 -0.362368 -0.751168
2 20 -0.365478 -0.76361
0 21 0.608077 -0.800934
1 21 0.623629 -0.804045
2 21 0.642292 -0.816486
0 22 -0.362368 -0.735616
1 22 -0.362368 -0.751168
2 22 -0.365478 -0.764854
0 23 0.0450947 -0.337485
1 23 0.0450947 -0.340595
2 23 0.0450947 -0.346816
0 24 -0.529707 -0.339351
1 24 -0.552102 -0.350548
2 24 -0.57823 -0.358013
0 25 -0.309491 -0.720064
1 25 -0.309491 -0.734994
2 25 -0.313223 -0.746191
0 26 -0.339351 -0.723796
1 26 -0.339351 -0.738726
2 26 -0.343083 -0.749924
