18
0 0 0.0300001 -0.59375
1 0 0.0375001 -0.57625
2 0 0.04625 -0.57625
0 1 0.026 -0.8155
1 1 0.0346401 -0.79912
2 1 0.0440001 -0.808
0 2 0.3896 -0.8578
1 2 0.4076 -0.8398
2 2 0.4274 -0.847
0 3 0.0303202 -0.81208
1 3 0.0386001 -0.7984
2 3 0.0494001 -0.8038
0 4 -0.55 -0.2368
1 4 -0.582688 -0.2224
2 4 -0.60904 -0.22456
0 5 0.0303202 -0.81208
1 5 0.0386001 -0.7984
2 5 0.0497601 -0.80344
0 6 0.389312 -0.85744
1 6 0.407456 -0.839296
2 6 0.428192 -0.847072
0 7 -0.548992 -0.240544
1 7 -0.582688 -0.2224
2 7 -0.608608 -0.224992
0 8 0.0316163 -0.813376
1 8 0.0388739 -0.794714
2 8 0.0497602 -0.803008
0 9 0.464999 -0.673408
1 9 0.483661 -0.651635
2 9 0.505434 -0.651635
0 10 0.455668 -0.657856
1 10 0.47433 -0.636083
2 10 0.496103 -0.636083
0 11 0.0575363 -0.754278
1 11 0.0668674 -0.738726
2 11 0.0761987 -0.741837
0 12 0.16329 -0.396582
1 12 0.172621 -0.371699
2 12 0.181952 -0.365478
0 13 0.0674896 -0.761121
1 13 0.0749546 -0.746191
2 13 0.086152 -0.749924
0 14 0.0674896 -0.779784
1 14 0.0749546 -0.764854
2 14 0.086152 -0.768586
0 15 0.0600246 -0.787249
1 15 0.0674896 -0.772319
2 15 0.078687 -0.776051
0 16 -0.623641 -0.287718
1 16 -0.652879 -0.275899
2 16 -0.675274 -0.279631
0 17 0.0301648 -0.604357
1 17 0.0376298 -0.581962
2 17 0.0450947 -0.585695
