18
0 0 0.296875 -0.855208
1 0 0.3925 -0.86375
2 0 0.46375 -0.86375
0 1 0.1565 -0.8665
1 1 0.24875 -0.8725
2 1 0.3095 -0.8755
0 2 0.161 -0.8665
1 2 0.2525 -0.874
2 2 0.3125 -0.8755
0 3 0.1556 -0.8578
1 3 0.2492 -0.8632
2 3 0.3104 -0.8668
0 4 0.0314001 -0.8614
1 4 0.1142 -0.8668
2 4 0.1736 -0.8704
0 5 -0.235 -0.8596
1 5 -0.1576 -0.86392
2 5 -0.1072 -0.8722
0 6 0.30032 -0.85528
1 6 0.39968 -0.86392
2 6 0.46664 -0.86392
0 7 0.0800002 -0.87472
1 7 0.16424 -0.8812
2 7 0.22688 -0.88552
0 8 0.161 -0.8665
1 8 0.2525 -0.874
2 8 0.31328 -0.87904
0 9 0.0808642 -0.875584
1 9 0.163808 -0.880768
2 9 0.226016 -0.885952
0 10 0.156032 -0.867808
1 10 0.247271 -0.875584
2 10 0.311552 -0.875584
0 11 -0.23536 -0.860032
1 11 -0.1576 -0.86392
2 11 -0.10576 -0.8704
0 12 0.40832 -0.84232
1 12 0.513728 -0.852256
2 12 0.588896 -0.849664
0 13 0.0793091 -0.875584
1 13 0.16329 -0.881805
2 13 0.225498 -0.884915
0 14 0.157069 -0.866253
1 14 0.247271 -0.875584
2 14 0.309479 -0.875584
0 15 0.0212482 -0.554176
1 15 0.101082 -0.552102
2 15 0.153959 -0.548992
0 16 -0.234841 -0.861898
1 16 -0.152727 -0.865631
2 16 -0.104205 -0.873096
0 17 0.302636 -0.854433
1 17 0.39968 -0.861898
2 17 0.466865 -0.861898
