42
0 0 -0.7075 -0.28375
1 0 -0.71375 -0.27125
2 0 -0.73625 -0.24
0 1 -0.86625 -0.8725
1 1 -0.84 -0.8725
2 1 -0.83125 -0.85375
0 2 -0.7075 -0.2845
1 2 -0.71375 -0.27125
2 2 -0.7375 -0.2395
0 3 -0.90125 -0.87625
1 3 -0.87625 -0.87625
2 3 -0.868 -0.859
0 4 -0.8665 -0.8725
1 4 -0.84 -0.8725
2 4 -0.832 -0.8545
0 5 -0.331 -0.823
1 5 -0.3055 -0.823
2 5 -0.2905 -0.799
0 6 -0.7066 -0.2836
1 6 -0.7138 -0.2728
2 6 -0.7372 -0.2404
0 7 -0.8005 -0.3685
1 7 -0.8056 -0.3628
2 7 -0.8254 -0.3376
0 8 -0.8884 -0.3034
1 8 -0.8974 -0.2962
2 8 -0.9298 -0.2656
0 9 -0.8398 -0.8614
1 9 -0.8128 -0.8614
2 9 -0.8056 -0.8416
0 10 -0.7966 -0.3754
1 10 -0.8002 -0.37
2 10 -0.82288 -0.34336
0 11 -0.7066 -0.2836
1 11 -0.7138 -0.2728
2 11 -0.73648 -0.24184
0 12 -0.3304 -0.82288
1 12 -0.30448 -0.82288
2 12 -0.28936 -0.79912
0 13 -0.88768 -0.30448
1 13 -0.89632 -0.29584
2 13 -0.92872 -0.2656
0 14 -0.89416 -0.86824
1 14 -0.86824 -0.86824
2 14 -0.86176 -0.8488
0 15 -0.88552 -0.84664
1 15 -0.86176 -0.8488
2 15 -0.85312 -0.82936
0 16 -0.81208 -0.676
1 16 -0.79048 -0.676
2 16 -0.784 -0.6544
0 17 -0.30664 -0.73864
1 17 -0.28072 -0.73648
2 17 -0.2656 -0.71056
0 18 -0.707104 -0.284608
1 18 -0.712288 -0.27424
2 18 -0.735616 -0.243136
0 19 -0.797824 -0.375328
1 19 -0.800416 -0.370144
2 19 -0.821152 -0.344224
0 20 -0.891136 -0.867808
1 20 -0.865216 -0.867808
2 20 -0.85744 -0.849664
0 21 -0.885952 -0.847072
1 21 -0.860032 -0.847072
2 21 -0.852256 -0.828928
0 22 -0.328672 -0.821152
1 22 -0.302752 -0.821152
2 22 -0.289792 -0.797824
0 23 -0.31312 -0.821152
1 23 -0.2872 -0.81856
2 23 -0.271648 -0.795232
0 24 -0.800416 -0.691552
1 24 -0.777088 -0.694144
2 24 -0.771904 -0.670816
0 25 -0.321933 -0.741837
1 25 -0.297049 -0.741837
2 25 -0.284608 -0.720064
0 26 -0.810266 -0.664077
1 26 -0.788493 -0.667187
2 26 -0.782272 -0.642304
0 27 -0.707622 -0.284608
1 27 -0.713843 -0.272166
2 27 -0.735616 -0.241062
0 28 -0.788493 -0.679629
1 28 -0.76672 -0.679629
2 28 -0.760499 -0.657856
0 29 -0.84137 -0.863142
1 29 -0.816486 -0.863142
2 29 -0.807155 -0.84448
0 30 -0.884915 -0.84759
1 30 -0.860032 -0.84759
2 30 -0.853811 -0.828928
0 31 -0.328672 -0.821152
1 31 -0.302752 -0.821152
2 31 -0.287718 -0.797824
0 32 -0.800934 -0.365478
1 32 -0.804045 -0.359257
2 32 -0.822707 -0.334374
0 33 -0.321933 -0.741837
1 33 -0.297049 -0.741837
2 33 -0.281497 -0.713843
0 34 -0.846968 -0.869363
1 34 -0.820841 -0.869363
2 34 -0.813376 -0.850701
0 35 -0.331264 -0.822707
1 35 -0.302026 -0.820841
2 35 -0.287096 -0.798446
0 36 -0.313223 -0.820841
1 36 -0.287096 -0.820841
2 36 -0.272166 -0.794714
0 37 -0.268434 -0.798446
1 37 -0.242306 -0.798446
2 37 -0.227376 -0.772319
0 38 -0.790981 -0.682739
1 38 -0.768586 -0.682739
2 38 -0.761121 -0.660344
0 39 -0.320688 -0.742459
1 39 -0.297049 -0.741837
2 39 -0.279631 -0.716331
0 40 0.145872 -0.264701
1 40 0.175732 -0.250393
2 40 0.194394 -0.216179
0 41 -0.828306 -0.656612
1 41 -0.805911 -0.656612
2 41 -0.802178 -0.634217
