17
0 0 -0.535 -0.2695
1 0 -0.508 -0.265
2 0 -0.511 -0.2665
0 1 -0.5374 -0.2692
1 1 -0.5068 -0.2656
2 1 -0.5122 -0.2674
0 2 -0.6415 -0.2515
1 2 -0.61552 -0.24832
2 2 -0.6184 -0.2512
0 3 -0.359776 -0.761536
1 3 -0.32392 -0.7624
2 3 -0.31312 -0.76888
0 4 -0.63928 -0.25264
1 4 -0.6112 -0.250912
2 4 -0.61768 -0.25048
0 5 -0.69544 -0.28504
1 5 -0.6652 -0.28288
2 5 -0.67168 -0.28504
0 6 -0.5356 -0.26992
1 6 -0.50752 -0.2656
2 6 -0.51184 -0.26776
0 7 0.0948611 -0.278387
1 7 0.137888 -0.279424
2 7 0.15344 -0.279424
0 8 -0.83152 -0.582688
1 8 -0.79264 -0.582688
2 8 -0.784864 -0.590464
0 9 -0.359776 -0.761536
1 9 -0.32608 -0.761536
2 9 -0.31312 -0.769312
0 10 -0.63928 -0.25264
1 10 -0.6112 -0.250912
2 10 -0.618976 -0.250912
0 11 0.093617 -0.279631
1 11 0.135296 -0.278387
2 11 0.150848 -0.278387
0 12 -0.884915 -0.760499
1 12 -0.84448 -0.757389
2 12 -0.838259 -0.76672
0 13 -0.358013 -0.761121
1 13 -0.325043 -0.760499
2 13 -0.312601 -0.76983
0 14 -0.636083 -0.253504
1 14 -0.6112 -0.250393
2 14 -0.617421 -0.250393
0 15 -0.346816 -0.68585
1 15 -0.305759 -0.690204
2 15 -0.294561 -0.697669
0 16 -0.634217 -0.257236
1 16 -0.611822 -0.253504
2 16 -0.615554 -0.253504
