56
0 0 -0.053125 -0.8
1 0 -0.0447917 -0.805208
2 0 -0.0333333 -0.808333
0 1 -0.14125 -0.81375
1 1 -0.1345 -0.82
2 1 -0.122917 -0.825
0 2 -0.1252 -0.6796
1 2 -0.12 -0.685
2 2 -0.11 -0.68875
0 3 -0.142 -0.814
1 3 -0.1345 -0.82
2 3 -0.12375 -0.825
0 4 -0.0333333 -0.816667
1 4 -0.0262499 -0.82
2 4 -0.015 -0.825
0 5 -0.115 -0.796
1 5 -0.106 -0.8035
2 5 -0.0955 -0.8065
0 6 -0.0535 -0.799
1 6 -0.046 -0.805
2 6 -0.034 -0.808
0 7 -0.142 -0.814
1 7 -0.1345 -0.82
2 7 -0.124 -0.8245
0 8 -0.12736 -0.68248
1 8 -0.12088 -0.6868
2 8 -0.112 -0.688
0 9 -0.0355 -0.814
1 9 -0.0264999 -0.82
2 9 -0.016 -0.8245
0 10 -0.1165 -0.901
1 10 -0.109 -0.907
2 10 -0.097 -0.9115
0 11 -0.14248 -0.81208
1 11 -0.136 -0.81856
2 11 -0.1234 -0.8236
0 12 -0.0351999 -0.8146
1 12 -0.0261999 -0.82
2 12 -0.0153999 -0.8218
0 13 -0.19864 -0.1252
1 13 -0.199 -0.1252
2 13 -0.1972 -0.1216
0 14 -0.1252 -0.6796
1 14 -0.121 -0.685
2 14 -0.1108 -0.6886
0 15 -0.3988 -0.7786
1 15 -0.3916 -0.7858
2 15 -0.3826 -0.793
0 16 -0.1162 -0.901
1 16 -0.109 -0.9082
2 16 -0.0963999 -0.9118
0 17 -0.0279999 -0.82072
1 17 -0.0189999 -0.8272
2 17 -0.00855986 -0.82936
0 18 -0.11224 -0.784
1 18 -0.10576 -0.79048
2 18 -0.0949599 -0.7948
0 19 -0.1144 -0.7948
1 19 -0.10576 -0.80344
2 19 -0.0949599 -0.8056
0 20 0.17504 -0.91576
1 20 0.18584 -0.92224
2 20 0.20096 -0.9244
0 21 -0.12952 -0.80992
1 21 -0.121312 -0.815968
2 21 -0.11224 -0.82072
0 22 -0.14248 -0.81208
1 22 -0.136 -0.81856
2 22 -0.1252 -0.82288
0 23 -0.13816 -0.81424
1 23 -0.12952 -0.82072
2 23 -0.11872 -0.82504
0 24 -0.1252 -0.6796
1 24 -0.121 -0.685
2 24 -0.11008 -0.68896
0 25 0.19232 -0.90064
1 25 0.20528 -0.90496
2 25 0.21824 -0.90712
0 26 -0.199072 -0.126496
1 26 -0.19864 -0.1252
2 26 -0.19648 -0.12088
0 27 -0.0357758 -0.813376
1 27 -0.0254078 -0.81856
2 27 -0.0150398 -0.821152
0 28 0.145664 -0.888544
1 28 0.156032 -0.893728
2 28 0.168992 -0.89632
0 29 -0.12736 -0.68248
1 29 -0.121312 -0.686368
2 29 -0.110944 -0.68896
0 30 -0.396064 -0.77968
1 30 -0.39088 -0.787456
2 30 -0.383104 -0.79264
0 31 -0.370144 -0.77968
1 31 -0.3628 -0.78832
2 31 -0.354592 -0.795232
0 32 -0.113536 -0.795232
1 32 -0.10576 -0.803008
2 32 -0.0953918 -0.8056
0 33 -0.318304 -0.885952
1 33 -0.310528 -0.89632
2 33 -0.30016 -0.901504
0 34 -0.0539198 -0.797824
1 34 -0.0461438 -0.8056
2 34 -0.0357758 -0.808192
0 35 -0.129088 -0.810784
1 35 -0.122867 -0.816486
2 35 -0.110944 -0.821152
0 36 -0.199072 -0.126496
1 36 -0.19864 -0.1252
2 36 -0.19648 -0.121312
0 37 -0.0254078 -0.683776
1 37 -0.0176318 -0.686368
2 37 -0.00726376 -0.68896
0 38 -0.0326653 -0.69207
1 38 -0.0264446 -0.695181
2 38 -0.0171134 -0.698291
0 39 -0.125977 -0.682739
1 39 -0.119134 -0.690204
2 39 -0.110425 -0.68896
0 40 -0.113536 -0.785382
1 40 -0.104205 -0.791603
2 40 -0.0948734 -0.794714
0 41 -0.371699 -0.782272
1 41 -0.365478 -0.791603
2 41 -0.356147 -0.794714
0 42 -0.396582 -0.779162
1 42 -0.390361 -0.788493
2 42 -0.384141 -0.794714
0 43 -0.113536 -0.795232
1 43 -0.104205 -0.797824
2 43 -0.0948734 -0.800934
0 44 -0.0544381 -0.797824
1 44 -0.0482173 -0.804045
2 44 -0.0357758 -0.807155
0 45 -0.113536 -0.797824
1 45 -0.10576 -0.803008
2 45 -0.0948734 -0.807155
0 46 -0.129088 -0.810266
1 46 -0.122867 -0.816486
2 46 -0.110425 -0.819597
0 47 -0.0357758 -0.813376
1 47 -0.0264446 -0.819597
2 47 -0.0171134 -0.822707
0 48 -0.125977 -0.682739
1 48 -0.119134 -0.690204
2 48 -0.107937 -0.693937
0 49 -0.395338 -0.779784
1 49 -0.391606 -0.790981
2 49 -0.380408 -0.794714
0 50 -0.372943 -0.783516
1 50 -0.365478 -0.790981
2 50 -0.358013 -0.798446
0 51 -0.129088 -0.810266
1 51 -0.122867 -0.817108
2 51 -0.111669 -0.820841
0 52 -0.0326653 -0.69207
1 52 -0.0264446 -0.695181
2 52 -0.0183575 -0.701402
0 53 -0.197517 -0.130332
1 53 -0.197517 -0.130332
2 53 -0.197517 -0.126599
0 54 -0.197517 -0.119134
1 54 -0.197517 -0.119134
2 54 -0.197517 -0.115402
0 55 -0.369211 -0.772319
1 55 -0.361746 -0.779784
2 55 -0.354281 -0.783516
