7
0 0 -0.289792 -0.797824
1 0 -0.275277 -0.76983
2 0 -0.256096 -0.75376
0 1 -0.287718 -0.797824
1 1 -0.275277 -0.76983
2 1 -0.250393 -0.754278
0 2 -0.287096 -0.798446
1 2 -0.275277 -0.76983
2 2 -0.256614 -0.754278
0 3 -0.873096 -0.854433
1 3 -0.861898 -0.832038
2 3 -0.843236 -0.820841
0 4 -0.287096 -0.798446
1 4 -0.272166 -0.768586
2 4 -0.249771 -0.753656
0 5 -0.227376 -0.772319
1 5 -0.212446 -0.746191
2 5 -0.193784 -0.723796
0 6 -0.284608 -0.720064
1 6 -0.268434 -0.686472
2 6 -0.249771 -0.671542
