48
0 0 0.04 -0.915
1 0 0.0562501 -0.925
2 0 0.0675001 -0.935
0 1 -0.725 -0.26625
1 1 -0.74625 -0.27
2 1 -0.77375 -0.26875
0 2 -0.64125 -0.32125
1 2 -0.6575 -0.32625
2 2 -0.6775 -0.32875
0 3 0.0250001 -0.92375
1 3 0.0404001 -0.9316
2 3 0.0515001 -0.943
0 4 -0.8425 -0.349
1 4 -0.865 -0.358
2 4 -0.8905 -0.361
0 5 -0.3178 -0.8902
1 5 -0.3052 -0.901
2 5 -0.298 -0.91
0 6 0.04 -0.915
1 6 0.056 -0.925
2 6 0.0665 -0.9355
0 7 0.0404001 -0.9154
1 7 0.0584002 -0.9244
2 7 0.0674001 -0.9352
0 8 0.0245 -0.9235
1 8 0.0404001 -0.9316
2 8 0.0512001 -0.9424
0 9 0.215 -0.907
1 9 0.236 -0.9145
2 9 0.2492 -0.9244
0 10 -0.3178 -0.8902
1 10 -0.3052 -0.901
2 10 -0.298 -0.91
0 11 -0.7246 -0.2656
1 11 -0.7462 -0.271
2 11 -0.7714 -0.2692
0 12 -0.7282 -0.271
1 12 -0.7498 -0.2746
2 12 -0.775 -0.2746
0 13 0.1772 -0.8794
1 13 0.197 -0.8866
2 13 0.2096 -0.8956
0 14 -0.8425 -0.349
1 14 -0.865 -0.358
2 14 -0.892 -0.361
0 15 0.3104 -0.7516
1 15 0.3302 -0.7534
2 15 0.3446 -0.7606
0 16 0.21608 -0.90496
1 16 0.23768 -0.9136
2 16 0.25064 -0.92224
0 17 0.0670401 -0.88552
1 17 0.0864802 -0.89416
2 17 0.0972801 -0.9028
0 18 -0.72784 -0.27208
1 18 -0.74944 -0.2764
2 18 -0.77536 -0.27424
0 19 -0.7246 -0.2656
1 19 -0.74512 -0.26992
2 19 -0.77104 -0.26992
0 20 -0.82072 -0.37144
1 20 -0.84016 -0.38008
2 20 -0.86608 -0.3844
0 21 -0.318304 -0.891136
1 21 -0.307936 -0.901504
2 21 -0.30016 -0.911872
0 22 0.0679043 -0.885952
1 22 0.0860483 -0.893728
2 22 0.0964162 -0.904096
0 23 -0.722656 -0.266464
1 23 -0.743392 -0.271648
2 23 -0.769312 -0.269056
0 24 -0.631936 -0.349408
1 24 -0.647488 -0.354592
2 24 -0.665632 -0.357184
0 25 -0.826336 -0.367552
1 25 -0.84448 -0.375328
2 25 -0.8704 -0.380512
0 26 0.0281602 -0.68032
1 26 0.0419843 -0.68585
2 26 0.0523523 -0.691552
0 27 0.20528 -0.652672
1 27 0.220832 -0.655264
2 27 0.233792 -0.660448
0 28 0.197504 -0.676
1 28 0.215648 -0.678592
2 28 0.228608 -0.683776
0 29 0.181952 -0.269056
1 29 0.191284 -0.265945
2 29 0.20528 -0.263872
0 30 -0.722656 -0.266464
1 30 -0.741837 -0.272166
2 30 -0.76983 -0.269056
0 31 -0.636083 -0.346816
1 31 -0.648525 -0.353037
2 31 -0.667187 -0.356147
0 32 -0.315712 -0.881805
1 32 -0.30327 -0.894246
2 32 -0.297049 -0.903578
0 33 0.0357635 -0.68896
1 33 0.0513155 -0.695181
2 33 0.0606467 -0.701402
0 34 0.312589 -0.751168
1 34 0.331252 -0.754278
2 34 0.346804 -0.760499
0 35 0.203725 -0.651635
1 35 0.219277 -0.654746
2 35 0.231719 -0.660966
0 36 -0.726285 -0.281497
1 36 -0.748058 -0.284608
2 36 -0.776051 -0.284608
0 37 0.181952 -0.269056
1 37 0.191284 -0.265945
2 37 0.203725 -0.265945
0 38 0.188173 -0.272166
1 38 0.200615 -0.269056
2 38 0.213056 -0.269056
0 39 0.0674896 -0.861898
1 39 0.086152 -0.869363
2 39 0.0973494 -0.880561
0 40 -0.636083 -0.346816
1 40 -0.648525 -0.353037
2 40 -0.667809 -0.358013
0 41 -0.723796 -0.268434
1 41 -0.742459 -0.275899
2 41 -0.768586 -0.272166
0 42 0.0290243 -0.681184
1 42 0.0419843 -0.68585
2 42 0.0525597 -0.693937
0 43 0.197504 -0.676518
1 43 0.213056 -0.682739
2 43 0.220521 -0.686472
0 44 0.209324 -0.660344
1 44 0.227986 -0.664077
2 44 0.239184 -0.667809
0 45 0.201859 -0.652879
1 45 0.220521 -0.656612
2 45 0.231719 -0.660344
0 46 0.188173 -0.272166
1 46 0.200615 -0.269056
2 46 0.213056 -0.272166
0 47 -0.727529 -0.283364
1 47 -0.749924 -0.287096
2 47 -0.776051 -0.287096
