16
0 0 -0.8635 -0.0895
1 0 -0.86125 -0.10125
2 0 -0.86875 -0.101042
0 1 -0.8605 -0.094
1 1 -0.859 -0.106
2 1 -0.866667 -0.104167
0 2 -0.8635 -0.0895
1 2 -0.859 -0.106
2 2 -0.86625 -0.105
0 3 -0.862624 -0.0927998
1 3 -0.8596 -0.10576
2 3 -0.868 -0.1015
0 4 -0.8635 -0.0895
1 4 -0.859 -0.106
2 4 -0.8665 -0.1045
0 5 -0.8635 -0.0895
1 5 -0.859 -0.106
2 5 -0.8668 -0.1054
0 6 -0.8488 -0.32392
1 6 -0.8164 -0.33904
2 6 -0.802 -0.343
0 7 -0.862624 -0.0927998
1 7 -0.8596 -0.10576
2 7 -0.86608 -0.10576
0 8 -0.8488 -0.32392
1 8 -0.8164 -0.33904
2 8 -0.80128 -0.3412
0 9 0.48176 -0.49024
1 9 0.57032 -0.46216
2 9 0.63944 -0.4384
0 10 -0.6652 -0.3844
1 10 -0.6544 -0.38872
2 10 -0.65656 -0.38656
0 11 -0.8632 -0.0909999
1 11 -0.860032 -0.10576
2 11 -0.867808 -0.10576
0 12 -0.665632 -0.383104
1 12 -0.652672 -0.39088
2 12 -0.655264 -0.388288
0 13 -0.863142 -0.0917629
1 13 -0.860032 -0.107315
2 13 -0.866253 -0.107315
0 14 -0.861898 -0.0967396
1 14 -0.858166 -0.111669
2 14 -0.865631 -0.111669
0 15 0.668419 -0.42893
1 15 0.765464 -0.391606
2 15 0.843846 -0.358013
