12
0 0 0.0815 -0.8605
1 0 0.1628 -0.8686
2 0 0.2525 -0.874
0 1 0.1556 -0.8506
1 1 0.2366 -0.856
2 1 0.3302 -0.8632
0 2 0.077 -0.859
1 2 0.156032 -0.867808
2 2 0.24848 -0.87472
0 3 -0.30664 -0.8488
1 3 -0.23536 -0.8596
2 3 -0.1576 -0.86392
0 4 0.0778402 -0.8596
1 4 0.156032 -0.867808
2 4 0.249344 -0.875584
0 5 0.0782722 -0.860032
1 5 0.157069 -0.866253
2 5 0.247271 -0.875584
0 6 0.216167 -0.850701
1 6 0.300148 -0.853811
2 6 0.39968 -0.863142
0 7 0.206836 -0.84448
1 7 0.293927 -0.84759
2 7 0.387239 -0.856922
0 8 0.205591 -0.843236
1 8 0.287706 -0.846968
2 8 0.38475 -0.854433
0 9 0.0749546 -0.861898
1 9 0.157069 -0.869363
2 9 0.246649 -0.876828
0 10 0.216789 -0.850701
1 10 0.302636 -0.854433
2 10 0.39968 -0.861898
0 11 -0.115402 -0.861898
1 11 -0.0407523 -0.873096
2 11 0.0413623 -0.876828
