15
0 0 0.437 -0.9055
1 0 0.4385 -0.925
2 0 0.4355 -0.94
0 1 0.39536 -0.65656
1 1 0.39536 -0.66952
2 1 0.39536 -0.68032
0 2 0.14048 -0.411616
1 2 0.135296 -0.419392
2 2 0.130112 -0.424576
0 3 0.0212482 -0.58528
1 3 0.0139907 -0.595648
2 3 0.00569623 -0.603424
0 4 0.0821602 -0.88768
1 4 0.0756803 -0.906688
2 4 0.0679043 -0.919648
0 5 0.0212482 -0.771904
1 5 0.0139907 -0.785382
2 5 0.00465946 -0.797824
0 6 0.387239 -0.642304
1 6 0.387239 -0.654746
2 6 0.384128 -0.664077
0 7 0.0134722 -0.771904
1 7 0.00154908 -0.788493
2 7 -0.00467173 -0.797824
0 8 0.132186 -0.412134
1 8 0.125965 -0.421465
2 8 0.119744 -0.424576
0 9 0.0202115 -0.586317
1 9 0.0160643 -0.59824
2 9 0.00465946 -0.604979
0 10 0.0189673 -0.772319
1 10 0.0152349 -0.787249
2 10 0.00403741 -0.798446
0 11 0.168267 -0.776051
1 11 0.164534 -0.790981
2 11 0.157069 -0.802178
0 12 0.0202115 -0.586317
1 12 0.0160643 -0.59824
2 12 0.00403741 -0.611822
0 13 0.0202115 -0.586317
1 13 0.0139907 -0.595648
2 13 0.00403741 -0.604357
0 14 0.138407 -0.746191
1 14 0.134674 -0.761121
2 14 0.127209 -0.772319
