54
0 0 0.0625 -0.8
1 0 0.0635417 -0.79375
2 0 0.0708333 -0.798958
0 1 0.48375 -0.875
1 1 0.49 -0.87
2 1 0.50625 -0.87375
0 2 0.062 -0.799
1 2 0.06375 -0.79375
2 2 0.0700001 -0.79875
0 3 -0.34625 -0.415
1 3 -0.35375 -0.40375
2 3 -0.35625 -0.40625
0 4 -0.208333 -0.788542
1 4 -0.2075 -0.7825
2 4 -0.205 -0.78875
0 5 0.0494001 -0.8038
1 5 0.0525 -0.79875
2 5 0.059 -0.8035
0 6 0.461 -0.805
1 6 0.467 -0.799
2 6 0.482 -0.802
0 7 0.0550001 -0.80625
1 7 0.0562501 -0.8
2 7 0.0635 -0.805
0 8 -0.2425 -0.7915
1 8 -0.244 -0.7855
2 8 -0.241 -0.7915
0 9 0.0815 -0.781
1 9 0.0830001 -0.775
2 9 0.0905 -0.7795
0 10 0.386 -0.895
1 10 0.392 -0.8905
2 10 0.4055 -0.895
0 11 -0.3325 -0.4225
1 11 -0.3385 -0.412
2 11 -0.3415 -0.4135
0 12 0.4865 -0.874
1 12 0.4925 -0.8695
2 12 0.509 -0.874
0 13 0.062 -0.799
1 13 0.0635 -0.793
2 13 0.0695001 -0.799
0 14 -0.325 -0.4384
1 14 -0.3304 -0.4276
2 14 -0.3304 -0.4312
0 15 -0.3646 -0.3862
1 15 -0.3718 -0.3754
2 15 -0.3754 -0.3772
0 16 0.0497601 -0.80344
1 16 0.0512001 -0.7984
2 16 0.0584001 -0.8038
0 17 0.485 -0.883
1 17 0.4904 -0.8776
2 17 0.5066 -0.8812
0 18 0.3968 -0.856
1 18 0.4022 -0.8506
2 18 0.4166 -0.8542
0 19 -0.208 -0.7912
1 19 -0.2098 -0.784
2 19 -0.2062 -0.7912
0 20 0.0548001 -0.8056
1 20 0.0566001 -0.8002
2 20 0.0638001 -0.8056
0 21 0.4184 -0.802
1 21 0.4238 -0.7966
2 21 0.4382 -0.7984
0 22 0.0549442 -0.644896
1 22 0.0540801 -0.63712
2 22 0.0602001 -0.64
0 23 0.30032 -0.82936
1 23 0.30248 -0.82504
2 23 0.31544 -0.8272
0 24 0.0497601 -0.80344
1 24 0.0512001 -0.7984
2 24 0.0562401 -0.80344
0 25 -0.24184 -0.79264
1 25 -0.244 -0.78616
2 25 -0.23968 -0.79264
0 26 -0.33472 -0.43192
1 26 -0.3412 -0.42112
2 26 -0.34336 -0.42328
0 27 -0.20728 -0.41896
1 27 -0.2116 -0.40816
2 27 -0.21376 -0.40816
0 28 0.0544259 -0.645414
1 28 0.0540801 -0.63712
2 28 0.0605602 -0.63928
0 29 0.0908001 -0.90496
1 29 0.0908001 -0.90064
2 29 0.0994401 -0.90928
0 30 0.0834563 -0.77968
1 30 0.0834563 -0.774496
2 30 0.0912323 -0.777088
0 31 0.485216 -0.872992
1 31 0.492992 -0.8704
2 31 0.508544 -0.872992
0 32 -0.20944 -0.79264
1 32 -0.20944 -0.784864
2 32 -0.206848 -0.79264
0 33 -0.36496 -0.385696
1 33 -0.372736 -0.375328
2 33 -0.375328 -0.37792
0 34 0.0601283 -0.652672
1 34 0.0606467 -0.645414
2 34 0.0679043 -0.647488
0 35 0.0544259 -0.645414
1 35 0.0544259 -0.639194
2 35 0.0601283 -0.639712
0 36 0.0575363 -0.804045
1 36 0.0575363 -0.797824
2 36 0.0637571 -0.804045
0 37 0.0824195 -0.779162
1 37 0.0824195 -0.772941
2 37 0.0917507 -0.776051
0 38 -0.22551 -0.427686
1 38 -0.227584 -0.4168
2 38 -0.231731 -0.418355
0 39 0.153959 -0.776051
1 39 0.157069 -0.76672
2 39 0.1664 -0.772941
0 40 0.0637571 -0.797824
1 40 0.0637571 -0.791603
2 40 0.0730883 -0.794714
0 41 -0.365478 -0.387251
1 41 -0.371699 -0.374809
2 41 -0.374809 -0.37792
0 42 0.0544259 -0.645414
1 42 0.0549442 -0.63712
2 42 0.0606467 -0.639194
0 43 0.0482051 -0.800934
1 43 0.0523523 -0.795232
2 43 0.0544259 -0.800934
0 44 -0.209958 -0.794714
1 44 -0.209958 -0.785382
2 44 -0.209958 -0.791603
0 45 0.178842 -0.791603
1 45 0.181952 -0.785382
2 45 0.191284 -0.791603
0 46 0.0544259 -0.645414
1 46 0.0562922 -0.641682
2 46 0.0600246 -0.641682
0 47 0.0606467 -0.651635
1 47 0.0606467 -0.645414
2 47 0.0674896 -0.649147
0 48 0.0824195 -0.768586
1 48 0.086152 -0.761121
2 48 0.0898844 -0.764854
0 49 0.153337 -0.776051
1 49 0.157069 -0.768586
2 49 0.164534 -0.776051
0 50 0.179464 -0.794714
1 50 0.179464 -0.787249
2 50 0.190661 -0.790981
0 51 -0.212446 -0.794714
1 51 -0.212446 -0.787249
2 51 -0.208714 -0.794714
0 52 0.0637571 -0.798446
1 52 0.0637571 -0.790981
2 52 0.0712221 -0.798446
0 53 -0.242306 -0.798446
1 53 -0.242306 -0.790981
2 53 -0.238574 -0.798446
