38
0 0 -0.44 -0.91125
1 0 -0.3525 -0.9075
2 0 -0.2725 -0.91375
0 1 -0.76625 -0.9025
1 1 -0.6825 -0.8975
2 1 -0.60875 -0.90625
0 2 -0.3718 -0.2944
1 2 -0.2926 -0.2908
2 2 -0.2275 -0.2935
0 3 -0.694 -0.9388
1 3 -0.6094 -0.9352
2 3 -0.541 -0.9424
0 4 -0.4402 -0.9118
1 4 -0.3538 -0.9082
2 4 -0.2746 -0.9136
0 5 -0.25912 -0.85744
1 5 -0.17704 -0.85096
2 5 -0.0999999 -0.856
0 6 -0.3736 -0.29368
1 6 -0.2926 -0.2908
2 6 -0.226 -0.2944
0 7 -0.44056 -0.91144
1 7 -0.35416 -0.90712
2 7 -0.27424 -0.9136
0 8 -0.25912 -0.85744
1 8 -0.17704 -0.85096
2 8 -0.0992798 -0.85744
0 9 -0.25264 -0.85744
1 9 -0.16624 -0.85312
2 9 -0.0863199 -0.85744
0 10 -0.1054 -0.2116
1 10 -0.0236799 -0.2008
2 10 0.0368001 -0.19216
0 11 -0.0642878 -0.214624
1 11 0.0152001 -0.2026
2 11 0.0756802 -0.19432
0 12 -0.263872 -0.720064
1 12 -0.178336 -0.717472
2 12 -0.103168 -0.717472
0 13 -0.224992 -0.722656
1 13 -0.142048 -0.720064
2 13 -0.0668798 -0.720064
0 14 -0.258688 -0.85744
1 14 -0.175744 -0.852256
2 14 -0.0979838 -0.85744
0 15 -0.25264 -0.85744
1 15 -0.16624 -0.85312
2 15 -0.0850238 -0.85744
0 16 -0.269056 -0.813376
1 16 -0.186112 -0.808192
2 16 -0.108352 -0.810784
0 17 -0.10576 -0.212032
1 17 -0.0254078 -0.201664
2 17 0.0342082 -0.193888
0 18 -0.259725 -0.856922
1 18 -0.175744 -0.853811
2 18 -0.0979837 -0.856922
0 19 -0.253504 -0.856922
1 19 -0.163302 -0.853811
2 19 -0.0886525 -0.856922
0 20 -0.22551 -0.723174
1 20 -0.141529 -0.720064
2 20 -0.0668798 -0.720064
0 21 -0.265945 -0.810266
1 21 -0.181965 -0.807155
2 21 -0.104205 -0.810266
0 22 -0.678592 -0.795232
1 22 -0.582688 -0.795232
2 22 -0.502336 -0.800934
0 23 -0.272166 -0.84137
1 23 -0.185075 -0.838259
2 23 -0.110425 -0.84137
0 24 -0.259725 -0.744947
1 24 -0.175744 -0.741837
2 24 -0.101094 -0.741837
0 25 -0.101094 -0.175744
1 25 -0.0264446 -0.166413
2 25 0.032653 -0.157081
0 26 -0.107315 -0.209958
1 26 -0.0326653 -0.200627
2 26 0.032653 -0.191296
0 27 -0.0575485 -0.284608
1 27 0.0202115 -0.275277
2 27 0.0824195 -0.262835
0 28 -0.374809 -0.290829
1 28 -0.294561 -0.290829
2 28 -0.228621 -0.293939
0 29 -0.253504 -0.858166
1 29 -0.163924 -0.854433
2 29 -0.0855421 -0.858166
0 30 -0.275899 -0.843236
1 30 -0.186319 -0.839503
2 30 -0.111669 -0.843236
0 31 -0.283364 -0.828306
1 31 -0.197517 -0.824573
2 31 -0.119134 -0.824573
0 32 -0.283364 -0.820841
1 32 -0.197517 -0.817108
2 32 -0.122867 -0.817108
0 33 -0.264701 -0.720064
1 33 -0.178854 -0.716331
2 33 -0.107937 -0.720064
0 34 -0.234841 -0.746191
1 34 -0.148994 -0.742459
2 34 -0.0743447 -0.742459
0 35 -0.104205 -0.178854
1 35 -0.0258224 -0.171389
2 35 0.0338973 -0.160192
0 36 -0.0332874 -0.287096
1 36 0.0450947 -0.279631
2 36 0.108547 -0.268434
0 37 -0.376676 -0.294561
1 37 -0.294561 -0.290829
2 37 -0.231109 -0.294561
