22
0 0 -0.16192 -0.85312
1 0 -0.0837999 -0.8578
2 0 8.01722e-05 -0.85312
0 1 -0.0305918 -0.204256
1 1 0.0324802 -0.19432
2 1 0.0951201 -0.18136
0 2 -0.16192 -0.85312
1 2 -0.0850238 -0.85744
2 2 0.00051225 -0.852256
0 3 -0.582688 -0.795232
1 3 -0.499744 -0.803008
2 3 -0.4168 -0.8056
0 4 -0.0305918 -0.204256
1 4 0.0342082 -0.193888
2 4 0.0964162 -0.180928
0 5 -0.175744 -0.853811
1 5 -0.0979837 -0.856922
2 5 -0.0202237 -0.850701
0 6 -0.163302 -0.853811
1 6 -0.0886525 -0.856922
2 6 -0.00156136 -0.850701
0 7 -0.185075 -0.838259
1 7 -0.110425 -0.84137
2 7 -0.0295549 -0.838259
0 8 -0.197517 -0.828928
1 8 -0.122867 -0.832038
2 8 -0.0419965 -0.828928
0 9 -0.0326653 -0.200627
1 9 0.032653 -0.191296
2 9 0.0948611 -0.178854
0 10 -0.141529 -0.720064
1 10 -0.0668798 -0.720064
2 10 0.0108803 -0.716954
0 11 -0.294561 -0.290829
1 11 -0.228621 -0.293939
2 11 -0.163302 -0.293939
0 12 -0.163924 -0.854433
1 12 -0.0855421 -0.858166
2 12 -0.00342757 -0.850701
0 13 -0.178854 -0.716331
1 13 -0.107937 -0.720064
2 13 -0.0295549 -0.716331
0 14 -0.197517 -0.824573
1 14 -0.119134 -0.824573
2 14 -0.0407523 -0.828306
0 15 -0.197517 -0.817108
1 15 -0.122867 -0.817108
2 15 -0.0407523 -0.813376
0 16 -0.581962 -0.794714
1 16 -0.499848 -0.798446
2 16 -0.414 -0.805911
0 17 -0.581962 -0.776051
1 17 -0.496115 -0.783516
2 17 -0.414 -0.787249
0 18 -0.148994 -0.742459
1 18 -0.0743447 -0.742459
2 18 0.00403741 -0.738726
0 19 0.0077699 -0.201249
1 19 0.0712221 -0.190052
2 19 0.134674 -0.175122
0 20 -0.186319 -0.839503
1 20 -0.111669 -0.843236
2 20 -0.0295549 -0.839503
0 21 -0.0258224 -0.171389
1 21 0.0338973 -0.160192
2 21 0.093617 -0.145262
