20
0 0 -0.105208 -0.883333
1 0 -0.117708 -0.89375
2 0 -0.134375 -0.88125
0 1 -0.115 -0.9025
1 1 -0.1275 -0.9125
2 1 -0.145 -0.90125
0 2 -0.4978 -0.2998
1 2 -0.5338 -0.2908
2 2 -0.57232 -0.26128
0 3 -0.7516 -0.60256
1 3 -0.77752 -0.6004
2 3 -0.80776 -0.57664
0 4 -0.14032 -0.90928
1 4 -0.15544 -0.92008
2 4 -0.17272 -0.90712
0 5 -0.59824 -0.352
1 5 -0.6328 -0.34552
2 5 -0.676 -0.31744
0 6 -0.13168 -0.892
1 6 -0.1468 -0.90064
2 6 -0.16408 -0.88984
0 7 -0.134272 -0.891136
1 7 -0.147232 -0.901504
2 7 -0.165376 -0.888544
0 8 -0.14464 -0.880768
1 8 -0.1576 -0.891136
2 8 -0.175744 -0.878176
0 9 -0.352 -0.74728
1 9 -0.367552 -0.751168
2 9 -0.388288 -0.735616
0 10 -0.337485 -0.744947
1 10 -0.353037 -0.751168
2 10 -0.374809 -0.732506
0 11 -0.353037 -0.748058
1 11 -0.367552 -0.751168
2 11 -0.387251 -0.735616
0 12 0.0824195 -0.30016
1 12 0.0824195 -0.30016
2 12 0.0761987 -0.278387
0 13 -0.433907 -0.315712
1 13 -0.461901 -0.309491
2 13 -0.496115 -0.281497
0 14 -0.353037 -0.748058
1 14 -0.365478 -0.753656
2 14 -0.387873 -0.734994
0 15 0.0824195 -0.302026
1 15 0.078687 -0.305759
2 15 0.0749546 -0.283364
0 16 -0.298294 -0.727529
1 16 -0.313223 -0.734994
2 16 -0.331886 -0.716331
0 17 -0.433907 -0.315712
1 17 -0.45879 -0.313223
2 17 -0.496115 -0.283364
0 18 -0.339351 -0.746191
1 18 -0.354281 -0.749924
2 18 -0.372943 -0.734994
0 19 -0.328153 -0.731261
1 19 -0.346816 -0.738726
2 19 -0.365478 -0.720064
