52
0 0 -0.1475 -0.94625
1 0 -0.13125 -0.95875
2 0 -0.11875 -0.96
0 1 -0.13625 -0.8175
1 1 -0.12125 -0.82625
2 1 -0.11 -0.82625
0 2 0.3125 -0.9085
1 2 0.335 -0.9145
2 2 0.353 -0.9145
0 3 0.029 -0.7705
1 3 0.0470001 -0.7765
2 3 0.0605 -0.7765
0 4 0.0830001 -0.6715
1 4 0.101 -0.676
2 4 0.1145 -0.6745
0 5 -0.1756 -0.7372
1 5 -0.161458 -0.744792
2 5 -0.151 -0.7435
0 6 -0.0699999 -0.922
1 6 -0.052 -0.931
2 6 -0.0415 -0.9325
0 7 -0.1375 -0.8185
1 7 -0.121 -0.826
2 7 -0.1105 -0.826
0 8 -0.151 -0.8185
1 8 -0.136 -0.8272
2 8 -0.1252 -0.8272
0 9 0.3122 -0.9082
1 9 0.3338 -0.9154
2 9 0.3518 -0.9154
0 10 0.314 -0.901
1 10 0.3374 -0.91
2 10 0.3536 -0.9082
0 11 -0.154 -0.8668
1 11 -0.1378 -0.874
2 11 -0.127 -0.8758
0 12 -0.1378 -0.82
1 12 -0.1216 -0.8272
2 12 -0.1108 -0.8272
0 13 -0.151 -0.8185
1 13 -0.136 -0.8272
2 13 -0.1252 -0.8308
0 14 -0.17488 -0.73648
1 14 -0.15976 -0.74296
2 14 -0.14896 -0.74296
0 15 0.3122 -0.9082
1 15 0.3338 -0.9154
2 15 0.35216 -0.91576
0 16 -0.1576 -0.72352
1 16 -0.14032 -0.73
2 16 -0.13168 -0.73
0 17 -0.15328 -0.86608
1 17 -0.13816 -0.87472
2 17 -0.12736 -0.87472
0 18 -0.165376 -0.606016
1 18 -0.152416 -0.6112
2 18 -0.14248 -0.60904
0 19 -0.1504 -0.82
1 19 -0.136 -0.83152
2 19 -0.1252 -0.83152
0 20 -0.13816 -0.82072
1 20 -0.12304 -0.83152
2 20 -0.11224 -0.83152
0 21 -0.0798399 -0.48808
1 21 -0.0647199 -0.49024
2 21 -0.0539199 -0.48808
0 22 -0.13816 -0.82072
1 22 -0.12304 -0.8272
2 22 -0.11224 -0.8272
0 23 -0.1504 -0.82
1 23 -0.136 -0.8272
2 23 -0.1252 -0.8272
0 24 0.0972801 -0.676
1 24 0.11672 -0.68032
2 24 0.12968 -0.67816
0 25 -0.0798399 -0.48808
1 25 -0.0642878 -0.491968
2 25 -0.0539198 -0.489376
0 26 0.31112 -0.90928
1 26 0.332288 -0.917056
2 26 0.350432 -0.917056
0 27 0.0834563 -0.676
1 27 0.1016 -0.681184
2 27 0.11456 -0.678592
0 28 -0.14464 -0.8704
1 28 -0.129088 -0.878176
2 28 -0.116128 -0.880768
0 29 -0.152416 -0.867808
1 29 -0.136864 -0.875584
2 29 -0.126496 -0.875584
0 30 -0.13816 -0.82072
1 30 -0.12304 -0.83152
2 30 -0.110944 -0.83152
0 31 -0.149824 -0.821152
1 31 -0.136 -0.8272
2 31 -0.123904 -0.828928
0 32 -0.166413 -0.604979
1 32 -0.152416 -0.6112
2 32 -0.142048 -0.608608
0 33 -0.0668798 -0.49456
1 33 -0.0544381 -0.499225
2 33 -0.0409598 -0.49456
0 34 -0.0699902 -0.601869
1 34 -0.0544381 -0.604979
2 34 -0.0419965 -0.604979
0 35 -0.165376 -0.606016
1 35 -0.150861 -0.6112
2 35 -0.141529 -0.6112
0 36 -0.0917629 -0.704512
1 36 -0.076211 -0.710733
2 36 -0.0637693 -0.710733
0 37 -0.157081 -0.704512
1 37 -0.141529 -0.710733
2 37 -0.132198 -0.710733
0 38 -0.150861 -0.710733
1 38 -0.135309 -0.716954
2 38 -0.125977 -0.716954
0 39 -0.157081 -0.723174
1 39 -0.141529 -0.729395
2 39 -0.132198 -0.729395
0 40 -0.139456 -0.821152
1 40 -0.122867 -0.828928
2 40 -0.113536 -0.828928
0 41 -0.0917629 -0.723174
1 41 -0.076211 -0.729395
2 41 -0.0637693 -0.729395
0 42 -0.234841 -0.0513278
1 42 -0.22551 -0.045107
2 42 -0.22551 -0.0326653
0 43 -0.294976 -0.44272
1 43 -0.290829 -0.443238
2 43 -0.290829 -0.437017
0 44 -0.076211 -0.489894
1 44 -0.060659 -0.489894
2 44 -0.0513278 -0.489894
0 45 -0.0699902 -0.496115
1 45 -0.0544381 -0.499225
2 45 -0.0419965 -0.496115
0 46 -0.234841 -0.060659
1 46 -0.228621 -0.0575485
2 46 -0.22551 -0.0419965
0 47 -0.232768 -0.0616958
1 47 -0.227376 -0.0594147
2 47 -0.223644 -0.0444848
0 48 -0.0706122 -0.600625
1 48 -0.0556823 -0.604357
2 48 -0.0444848 -0.604357
0 49 -0.156459 -0.723796
1 49 -0.141529 -0.731261
2 49 -0.130332 -0.731261
0 50 -0.163924 -0.608089
1 50 -0.152727 -0.611822
2 50 -0.141529 -0.611822
0 51 -0.231109 -0.0519498
1 51 -0.22551 -0.045107
2 51 -0.223644 -0.0332874
