27
0 0 -0.328 -0.0175
1 0 -0.30016 -0.0344798
2 0 -0.2975 -0.0512499
0 1 -0.31625 -0.88875
1 1 -0.27424 -0.91144
2 1 -0.253 -0.9334
0 2 -0.328 -0.0175
1 2 -0.30016 -0.0388861
2 2 -0.298 -0.0531999
0 3 -0.31625 -0.88875
1 3 -0.27424 -0.91144
2 3 -0.25264 -0.93304
0 4 -0.302752 -0.567136
1 4 -0.266464 -0.582688
2 4 -0.25048 -0.6004
0 5 -0.328 -0.0175
1 5 -0.30016 -0.0388861
2 5 -0.298 -0.0539199
0 6 -0.306381 -0.564544
1 6 -0.265945 -0.583206
2 6 -0.250912 -0.600832
0 7 -0.32824 -0.0193598
1 7 -0.30016 -0.0388861
2 7 -0.297568 -0.0565118
0 8 -0.216179 -0.573875
1 8 -0.181965 -0.589427
2 8 -0.162784 -0.606016
0 9 -0.307936 -0.813376
1 9 -0.271648 -0.83152
2 9 -0.245728 -0.852256
0 10 -0.30016 -0.664077
1 10 -0.262835 -0.679629
2 10 -0.244173 -0.698291
0 11 -0.316956 -0.682739
1 11 -0.278387 -0.698291
2 11 -0.262835 -0.720064
0 12 -0.325043 -0.0108926
1 12 -0.298294 -0.0295549
2 12 -0.297049 -0.045107
0 13 -0.328153 -0.0202237
1 13 -0.30016 -0.0388861
2 13 -0.297049 -0.0575485
0 14 -0.306381 -0.564544
1 14 -0.268434 -0.581962
2 14 -0.250393 -0.601869
0 15 -0.216179 -0.573875
1 15 -0.182587 -0.589427
2 15 -0.163302 -0.604979
0 16 -0.556768 -0.639712
1 16 -0.517888 -0.660448
2 16 -0.502336 -0.68585
0 17 -0.204982 -0.559567
1 17 -0.171389 -0.57823
2 17 -0.152727 -0.59316
0 18 -0.306381 -0.564544
1 18 -0.268434 -0.581962
2 18 -0.249771 -0.604357
0 19 -0.216179 -0.574497
1 19 -0.182587 -0.589427
2 19 -0.163924 -0.608089
0 20 -0.313223 -0.813376
1 20 -0.272166 -0.832038
2 20 -0.249771 -0.850701
0 21 -0.559567 -0.641682
1 21 -0.522242 -0.664077
2 21 -0.50358 -0.686472
0 22 -0.298294 -0.664077
1 22 -0.260969 -0.682739
2 22 -0.242306 -0.701402
0 23 -0.316956 -0.682739
1 23 -0.278387 -0.698291
2 23 -0.260969 -0.720064
0 24 -0.324421 -0.0108925
1 24 -0.298294 -0.0295549
2 24 -0.294561 -0.0444848
0 25 -0.328153 -0.0202237
1 25 -0.30016 -0.0357758
2 25 -0.298294 -0.0594147
0 26 -0.555835 -0.630484
1 26 -0.514777 -0.652879
2 26 -0.499848 -0.675274
