40
0 0 0.19375 -0.7925
1 0 0.19 -0.80125
2 0 0.17875 -0.81625
0 1 0.4085 -0.826
1 1 0.407 -0.8365
2 1 0.3995 -0.85
0 2 0.0905 -0.7795
1 2 0.0830001 -0.79
2 2 0.0725001 -0.8035
0 3 0.05875 -0.80375
1 3 0.0512001 -0.8146
2 3 0.0395 -0.829
0 4 0.1925 -0.7915
1 4 0.19 -0.80125
2 4 0.1775 -0.8155
0 5 -0.205 -0.78875
1 5 -0.217708 -0.801042
2 5 -0.232 -0.817
0 6 0.0638001 -0.8056
1 6 0.0566001 -0.8164
2 6 0.0458001 -0.8308
0 7 0.0908001 -0.7786
1 7 0.0836001 -0.7894
2 7 0.0728001 -0.8038
0 8 0.4238 -0.8578
1 8 0.422 -0.8668
2 8 0.4148 -0.883
0 9 0.059 -0.8035
1 9 0.0497601 -0.81424
2 9 0.0386001 -0.829
0 10 0.39752 -0.89632
1 10 0.39536 -0.90712
2 10 0.38888 -0.92224
0 11 0.43856 -0.79912
1 11 0.4364 -0.80776
2 11 0.42992 -0.82288
0 12 0.0648802 -0.8056
1 12 0.0584002 -0.8164
2 12 0.0476002 -0.83152
0 13 0.0713601 -0.79696
1 13 0.0653123 -0.808192
2 13 0.0540801 -0.82288
0 14 0.0704962 -0.797824
1 14 0.0653123 -0.808192
2 14 0.0523523 -0.823744
0 15 0.0544259 -0.800934
1 15 0.0497602 -0.813376
2 15 0.0393922 -0.826336
0 16 0.0601283 -0.639712
1 16 0.0544259 -0.648525
2 16 0.0419842 -0.660448
0 17 0.0637571 -0.804045
1 17 0.0575363 -0.815968
2 17 0.0471682 -0.828928
0 18 0.4256 -0.862624
1 18 0.4256 -0.872992
2 18 0.417824 -0.888544
0 19 0.1664 -0.774496
1 19 0.161216 -0.784864
2 19 0.150848 -0.800416
0 20 0.0912323 -0.777088
1 20 0.0834563 -0.790048
2 20 0.0730882 -0.803008
0 21 0.0562922 -0.798446
1 21 0.0513155 -0.810266
2 21 0.0388739 -0.825818
0 22 -0.231731 -0.418355
1 22 -0.247283 -0.421465
2 22 -0.265945 -0.427686
0 23 0.0601283 -0.639712
1 23 0.0525597 -0.649147
2 23 0.0419843 -0.660966
0 24 0.0674896 -0.649147
1 24 0.0575363 -0.655264
2 24 0.0482051 -0.667187
0 25 0.0917507 -0.776051
1 25 0.0824195 -0.788493
2 25 0.0730883 -0.804045
0 26 -0.206848 -0.79264
1 26 -0.219289 -0.804045
2 26 -0.234841 -0.819597
0 27 0.405901 -0.822707
1 27 0.402791 -0.832038
2 27 0.39657 -0.84759
0 28 0.0730883 -0.794714
1 28 0.0637571 -0.807155
2 28 0.0513155 -0.822707
0 29 0.191284 -0.791603
1 29 0.185063 -0.800934
2 29 0.175732 -0.816486
0 30 0.200615 -0.797824
1 30 0.194394 -0.807155
2 30 0.185063 -0.822707
0 31 0.0562922 -0.798446
1 31 0.0488272 -0.809643
2 31 0.0376298 -0.824573
0 32 0.198126 -0.798446
1 32 0.194394 -0.809643
2 32 0.183197 -0.824573
0 33 0.0601283 -0.639712
1 33 0.0544259 -0.648525
2 33 0.0450947 -0.664077
0 34 0.0898844 -0.764854
1 34 0.086152 -0.776051
2 34 0.0749546 -0.790981
0 35 0.164534 -0.776051
1 35 0.157069 -0.783516
2 35 0.149604 -0.798446
0 36 0.0917507 -0.776051
1 36 0.0824195 -0.788493
2 36 0.0749546 -0.802178
0 37 -0.238574 -0.798446
1 37 -0.253504 -0.809643
2 37 -0.268434 -0.824573
0 38 0.190661 -0.790981
1 38 0.186929 -0.802178
2 38 0.175732 -0.817108
0 39 -0.208714 -0.794714
1 39 -0.219911 -0.805911
2 39 -0.234841 -0.820841
