15
0 0 -0.558333 -0.251042
1 0 -0.5716 -0.262
2 0 -0.572917 -0.291667
0 1 -0.558333 -0.251042
1 1 -0.571875 -0.259375
2 1 -0.570833 -0.292708
0 2 -0.558333 -0.251042
1 2 -0.5725 -0.2605
2 2 -0.57125 -0.2925
0 3 -0.559 -0.2515
1 3 -0.5716 -0.262
2 3 -0.571 -0.2935
0 4 -0.559 -0.2515
1 4 -0.5716 -0.262
2 4 -0.5716 -0.2926
0 5 -0.74944 -0.59176
1 5 -0.7462 -0.6076
2 5 -0.73216 -0.65008
0 6 -0.263872 -0.761536
1 6 -0.256096 -0.774496
2 6 -0.237952 -0.815968
0 7 -0.723174 -0.278387
1 7 -0.735616 -0.290829
2 7 -0.735616 -0.328153
0 8 -0.265945 -0.76361
1 8 -0.256614 -0.776051
2 8 -0.237952 -0.816486
0 9 -0.558323 -0.253504
1 9 -0.570765 -0.262835
2 9 -0.567654 -0.297049
0 10 0.201859 -0.234841
1 10 0.209324 -0.238574
2 10 0.228608 -0.265945
0 11 -0.206848 -0.741837
1 11 -0.197517 -0.754278
2 11 -0.178854 -0.797824
0 12 -0.749924 -0.596892
1 12 -0.746191 -0.611822
2 12 -0.731261 -0.652879
0 13 -0.817108 -0.525975
1 13 -0.813376 -0.540905
2 13 -0.798446 -0.585695
0 14 0.201859 -0.234841
1 14 0.209324 -0.238574
2 14 0.227986 -0.268434
