14
0 0 -0.61 -0.2245
1 0 -0.6295 -0.2335
2 0 -0.6415 -0.265
0 1 0.215 -0.5545
1 1 0.2258 -0.5734
2 1 0.251 -0.6058
0 2 -0.6094 -0.2242
1 2 -0.631 -0.2332
2 2 -0.6418 -0.2656
0 3 0.17072 -0.36928
1 3 0.18152 -0.3844
2 3 0.20312 -0.41248
0 4 0.0497601 -0.80344
1 4 0.0497602 -0.834112
2 4 0.0778402 -0.87472
0 5 -0.60904 -0.22456
1 5 -0.63064 -0.2332
2 5 -0.64144 -0.2656
0 6 -0.608608 -0.224992
1 6 -0.629344 -0.23536
2 6 -0.642304 -0.266464
0 7 0.0497602 -0.803008
1 7 0.0575363 -0.832038
2 7 0.0793091 -0.872474
0 8 0.172621 -0.368589
1 8 0.181952 -0.384141
2 8 0.203725 -0.412134
0 9 0.231719 -0.804045
1 9 0.24416 -0.832038
2 9 0.272154 -0.872474
0 10 0.0525597 -0.802178
1 10 0.0562922 -0.832038
2 10 0.078687 -0.873096
0 11 0.0450947 -0.585695
1 11 0.0544259 -0.598758
2 11 0.0749546 -0.634217
0 12 0.086152 -0.768586
1 12 0.093617 -0.794714
2 12 0.116012 -0.835771
0 13 0.209324 -0.555835
1 13 0.220521 -0.574497
2 13 0.246649 -0.608089
