36
0 0 -0.307 -0.9136
1 0 -0.2404 -0.919
2 0 -0.195833 -0.921875
0 1 -0.3124 -0.9136
1 1 -0.240544 -0.919648
2 1 -0.1975 -0.92125
0 2 -0.2962 -0.7858
1 2 -0.2332 -0.7912
2 2 -0.187 -0.796
0 3 -0.33688 -0.0452799
1 3 -0.28936 -0.0495998
2 3 -0.2605 -0.0505
0 4 -0.2335 -0.889
1 4 -0.166 -0.892
2 4 -0.121 -0.898
0 5 -0.601 -0.5005
1 5 -0.5635 -0.484
2 5 -0.5464 -0.4726
0 6 -0.33472 -0.0409599
1 6 -0.2872 -0.0435518
2 6 -0.2584 -0.0459999
0 7 -0.31312 -0.577504
1 7 -0.250393 -0.586317
2 7 -0.2098 -0.586
0 8 -0.33472 -0.0409599
1 8 -0.2872 -0.0435518
2 8 -0.25912 -0.0452799
0 9 -0.33688 -0.0452799
1 9 -0.28936 -0.0495998
2 9 -0.26128 -0.0517598
0 10 -0.6004 -0.50104
1 10 -0.56152 -0.48376
2 10 -0.5464 -0.4708
0 11 -0.22456 -0.46648
1 11 -0.163 -0.469
2 11 -0.1252 -0.47296
0 12 -0.328672 -0.707104
1 12 -0.26128 -0.709696
2 12 -0.219808 -0.71488
0 13 0.130112 -0.891136
1 13 0.200615 -0.891136
2 13 0.249344 -0.893728
0 14 -0.337485 -0.0482173
1 14 -0.28936 -0.0495998
2 14 -0.26128 -0.0539198
0 15 -0.33472 -0.0409599
1 15 -0.2872 -0.0435518
2 15 -0.258688 -0.0461438
0 16 -0.2224 -0.46864
1 16 -0.162784 -0.471232
2 16 -0.123904 -0.473824
0 17 -0.6004 -0.50104
1 17 -0.56584 -0.48592
2 17 -0.5464 -0.473824
0 18 -0.328672 -0.0409598
1 18 -0.28072 -0.0431199
2 18 -0.253504 -0.0461438
0 19 -0.214624 -0.476416
1 19 -0.152416 -0.476416
2 19 -0.113536 -0.4816
0 20 -0.31312 -0.577504
1 20 -0.250393 -0.586317
2 20 -0.209958 -0.589427
0 21 0.129075 -0.891136
1 21 0.200615 -0.891136
2 21 0.247271 -0.894246
0 22 -0.337485 -0.0482173
1 22 -0.2872 -0.0513278
2 22 -0.259725 -0.0544381
0 23 -0.132198 -0.751168
1 23 -0.0668798 -0.754278
2 23 -0.0202237 -0.757389
0 24 -0.393472 -0.440128
1 24 -0.340595 -0.440128
2 24 -0.309491 -0.446349
0 25 0.0388739 -0.371699
1 25 0.101082 -0.371699
2 25 0.141517 -0.368589
0 26 -0.219911 -0.57823
1 26 -0.156459 -0.581962
2 26 -0.115402 -0.585695
0 27 -0.328153 -0.705134
1 27 -0.260969 -0.708866
2 27 -0.219911 -0.716331
0 28 -0.309491 -0.832038
1 28 -0.242306 -0.835771
2 28 -0.197517 -0.843236
0 29 -0.331886 -0.0407523
1 29 -0.283364 -0.0444848
2 29 -0.257236 -0.0444848
0 30 -0.216179 -0.481185
1 30 -0.152727 -0.481185
2 30 -0.115402 -0.484918
0 31 -0.600625 -0.507312
1 31 -0.567654 -0.486784
2 31 -0.54837 -0.477453
0 32 -0.333856 -0.0461438
1 32 -0.287096 -0.0556823
2 32 -0.260969 -0.0556823
0 33 -0.208714 -0.361746
1 33 -0.152727 -0.365478
2 33 -0.115402 -0.369211
0 34 -0.223644 -0.469988
1 34 -0.160192 -0.47372
2 34 -0.122867 -0.47372
0 35 -0.393472 -0.440128
1 35 -0.340595 -0.440128
2 35 -0.309491 -0.447593
