14
0 0 -0.57125 -0.2925
1 0 -0.55625 -0.31625
2 0 -0.57875 -0.325
0 1 -0.572917 -0.291667
1 1 -0.559 -0.319
2 1 -0.5815 -0.3265
0 2 -0.571 -0.2935
1 2 -0.559 -0.3178
2 2 -0.5806 -0.3268
0 3 -0.5716 -0.2926
1 3 -0.559 -0.3178
2 3 -0.58096 -0.32824
0 4 -0.59824 -0.35632
1 4 -0.586 -0.379
2 4 -0.60472 -0.39088
0 5 -0.73216 -0.65008
1 5 -0.70408 -0.68464
2 5 -0.7084 -0.70624
0 6 -0.59824 -0.354592
1 6 -0.58528 -0.37792
2 6 -0.603424 -0.39088
0 7 -0.46864 -0.318304
1 7 -0.453088 -0.341632
2 7 -0.471232 -0.349408
0 8 -0.237952 -0.815968
1 8 -0.20944 -0.852256
2 8 -0.204256 -0.8704
0 9 0.228608 -0.265945
1 9 0.259712 -0.287718
2 9 0.262823 -0.290829
0 10 -0.567654 -0.297049
1 10 -0.558323 -0.318822
2 10 -0.580096 -0.328153
0 11 -0.237952 -0.816486
1 11 -0.209958 -0.853811
2 11 -0.203737 -0.869363
0 12 -0.798446 -0.585695
1 12 -0.772319 -0.615554
2 12 -0.779784 -0.637949
0 13 0.228608 -0.265945
1 13 0.259712 -0.287718
2 13 0.261579 -0.290829
