34
0 0 -0.695 -0.35375
1 0 -0.7 -0.355
2 0 -0.6775 -0.35625
0 1 -0.478 -0.7588
1 1 -0.4798 -0.766
2 1 -0.4528 -0.7696
0 2 -0.6958 -0.3538
1 2 -0.7012 -0.3556
2 2 -0.6796 -0.3556
0 3 -0.4942 -0.7606
1 3 -0.496 -0.766
2 3 -0.469 -0.7714
0 4 -0.5176 -0.3214
1 4 -0.523 -0.3214
2 4 -0.4996 -0.3232
0 5 -0.6814 -0.2854
1 5 -0.6886 -0.2854
2 5 -0.6688 -0.2836
0 6 -0.51616 -0.3196
1 6 -0.52264 -0.32176
2 6 -0.49888 -0.32176
0 7 -0.0487357 -0.32608
1 7 -0.0487357 -0.331264
2 7 -0.0171998 -0.33472
0 8 -0.64792 -0.33904
1 8 -0.6544 -0.3412
2 8 -0.63064 -0.34336
0 9 -0.49456 -0.76024
1 9 -0.49672 -0.76672
2 9 -0.46864 -0.77104
0 10 -0.47296 -0.68896
1 10 -0.47512 -0.69544
2 10 -0.44704 -0.69976
0 11 -0.71704 -0.3304
1 11 -0.72352 -0.33256
2 11 -0.70192 -0.33256
0 12 -0.64792 -0.34768
1 12 -0.6544 -0.34768
2 12 -0.63064 -0.34984
0 13 -0.691552 -0.370144
1 13 -0.696736 -0.372736
2 13 -0.676 -0.372736
0 14 -0.691552 -0.362368
1 14 -0.699328 -0.362368
2 14 -0.676 -0.36496
0 15 -0.0513278 -0.325043
1 15 -0.0487357 -0.331264
2 15 -0.0202237 -0.333856
0 16 -0.473824 -0.68896
1 16 -0.476416 -0.696736
2 16 -0.447904 -0.70192
0 17 -0.49456 -0.758944
1 17 -0.497152 -0.76672
2 17 -0.46864 -0.771904
0 18 -0.681184 -0.2872
1 18 -0.686368 -0.2872
2 18 -0.668224 -0.284608
0 19 -0.0487357 -0.32608
1 19 -0.0487357 -0.331264
2 19 -0.0202237 -0.334374
0 20 -0.69207 -0.362368
1 20 -0.698291 -0.362368
2 20 -0.676518 -0.365478
0 21 -0.648525 -0.346816
1 21 -0.654746 -0.349926
2 21 -0.632973 -0.349926
0 22 -0.493005 -0.757389
1 22 -0.496115 -0.76672
2 22 -0.468121 -0.76983
0 23 -0.437017 -0.741837
1 23 -0.440128 -0.748058
2 23 -0.412134 -0.751168
0 24 -0.474342 -0.68896
1 24 -0.477453 -0.698291
2 24 -0.449459 -0.701402
0 25 0.339961 -0.0967396
1 25 0.351158 -0.0967396
2 25 0.38475 -0.0930071
0 26 -0.0519498 -0.328153
1 26 -0.0487357 -0.331264
2 26 -0.02209 -0.335618
0 27 -0.649147 -0.339351
1 27 -0.656612 -0.339351
2 27 -0.634217 -0.339351
0 28 -0.682739 -0.354281
1 28 -0.690204 -0.354281
2 28 -0.667809 -0.354281
0 29 -0.492383 -0.757389
1 29 -0.496115 -0.764854
2 29 -0.466255 -0.768586
0 30 -0.477453 -0.757389
1 30 -0.481185 -0.764854
2 30 -0.455058 -0.768586
0 31 -0.477453 -0.693937
1 31 -0.481185 -0.697669
2 31 -0.451325 -0.705134
0 32 -0.469988 -0.746191
1 32 -0.47372 -0.753656
2 32 -0.44386 -0.757389
0 33 -0.436395 -0.742459
1 33 -0.440128 -0.746191
2 33 -0.410268 -0.753656
