23
0 0 -0.523 -0.3214
1 0 -0.4996 -0.3232
2 0 -0.4996 -0.3268
0 1 -0.5266 -0.3268
1 1 -0.5032 -0.3268
2 1 -0.5014 -0.3322
0 2 -0.496 -0.766
1 2 -0.469 -0.7714
2 2 -0.4564 -0.7822
0 3 -0.5212 -0.3322
1 3 -0.4978 -0.334
2 3 -0.4978 -0.3376
0 4 -0.52264 -0.32176
1 4 -0.49888 -0.32176
2 4 -0.49888 -0.32608
0 5 -0.0487357 -0.331264
1 5 -0.0171998 -0.33472
2 5 -0.00639985 -0.33688
0 6 -0.49672 -0.76672
1 6 -0.46864 -0.77104
2 6 -0.45568 -0.78184
0 7 -0.68464 -0.2872
1 7 -0.66736 -0.28504
2 7 -0.66952 -0.28936
0 8 -0.47512 -0.69544
1 8 -0.44704 -0.69976
2 8 -0.43624 -0.71056
0 9 -0.704512 -0.354592
1 9 -0.683776 -0.354592
2 9 -0.683776 -0.362368
0 10 -0.0487357 -0.331264
1 10 -0.0202237 -0.333856
2 10 -0.00726376 -0.336448
0 11 -0.49672 -0.76672
1 11 -0.46864 -0.771904
2 11 -0.45568 -0.782272
0 12 -0.654746 -0.349926
1 12 -0.632973 -0.349926
2 12 -0.632973 -0.356147
0 13 -0.496115 -0.76672
1 13 -0.468121 -0.76983
2 13 -0.45568 -0.782272
0 14 -0.514777 -0.315712
1 14 -0.493005 -0.315712
2 14 -0.489894 -0.321933
0 15 -0.440128 -0.748058
1 15 -0.412134 -0.751168
2 15 -0.396582 -0.76361
0 16 -0.47372 -0.753656
1 16 -0.44386 -0.757389
2 16 -0.432663 -0.768586
0 17 -0.656612 -0.339351
1 17 -0.634217 -0.339351
2 17 -0.634217 -0.346816
0 18 -0.690204 -0.354281
1 18 -0.667809 -0.354281
2 18 -0.667809 -0.361746
0 19 -0.0482173 -0.328153
1 19 -0.02209 -0.335618
2 19 -0.00716 -0.335618
0 20 -0.496115 -0.764854
1 20 -0.466255 -0.768586
2 20 -0.455058 -0.779784
0 21 -0.481185 -0.764854
1 21 -0.455058 -0.768586
2 21 -0.44386 -0.779784
0 22 -0.440128 -0.746191
1 22 -0.410268 -0.753656
2 22 -0.399071 -0.761121
