10
0 0 -0.5185 -0.415
1 0 -0.511 -0.4255
2 0 -0.5305 -0.4165
0 1 -0.64 -0.32875
1 1 -0.637 -0.334
2 1 -0.667 -0.3205
0 2 -0.6418 -0.334
1 2 -0.6418 -0.3394
2 2 -0.6688 -0.3268
0 3 -0.50536 -0.352
1 3 -0.49456 -0.36064
2 3 -0.514 -0.34984
0 4 -0.52264 -0.41464
1 4 -0.51184 -0.42544
2 4 -0.53128 -0.4168
0 5 -0.524109 -0.415245
1 5 -0.514777 -0.424576
2 5 -0.53344 -0.415245
0 6 -0.502336 -0.353037
1 6 -0.493005 -0.362368
2 6 -0.511667 -0.349926
0 7 -0.639194 -0.328153
1 7 -0.636083 -0.334374
2 7 -0.664077 -0.321933
0 8 0.38475 -0.455058
1 8 0.425808 -0.47372
2 8 0.448203 -0.466255
0 9 -0.676518 -0.433907
1 9 -0.671542 -0.447593
2 9 -0.690204 -0.44386
