36
0 0 0.0625 -0.775
1 0 0.077 -0.7975
2 0 0.0912501 -0.83
0 1 -0.71704 -0.78184
1 1 -0.71056 -0.79912
2 1 -0.7066 -0.829
0 2 0.0951201 -0.72568
1 2 0.1124 -0.74944
2 2 0.1232 -0.77752
0 3 0.0627202 -0.7732
1 3 0.0778402 -0.79696
2 3 0.0908001 -0.8272
0 4 -0.44056 -0.2656
1 4 -0.43192 -0.28288
2 4 -0.4276 -0.30664
0 5 -0.71704 -0.78184
1 5 -0.7084 -0.80344
2 5 -0.70408 -0.83368
0 6 -0.35416 -0.82072
1 6 -0.34336 -0.84448
2 6 -0.33688 -0.87688
0 7 -0.74512 -0.77752
1 7 -0.7408 -0.79912
2 7 -0.73648 -0.82936
0 8 -0.7192 -0.77752
1 8 -0.71056 -0.79912
2 8 -0.70624 -0.82936
0 9 -0.57232 -0.28936
1 9 -0.56584 -0.30448
2 9 -0.56152 -0.3304
0 10 -0.72352 -0.77536
1 10 -0.712288 -0.800416
2 10 -0.712288 -0.828928
0 11 0.0704962 -0.854848
1 11 0.0834563 -0.878176
2 11 0.0964162 -0.90928
0 12 0.0964162 -0.852256
1 12 0.111968 -0.878176
2 12 0.12752 -0.90928
0 13 -0.71704 -0.78184
1 13 -0.709696 -0.8056
2 13 -0.704512 -0.834112
0 14 -0.745984 -0.777088
1 14 -0.7408 -0.800416
2 14 -0.735616 -0.83152
0 15 0.0627202 -0.774496
1 15 0.0761987 -0.797824
2 15 0.0886402 -0.828928
0 16 -0.7192 -0.77752
1 16 -0.712288 -0.800416
2 16 -0.707104 -0.828928
0 17 0.116634 -0.794714
1 17 0.132186 -0.819597
2 17 0.144628 -0.850701
0 18 -0.717472 -0.782272
1 18 -0.707622 -0.804045
2 18 -0.704512 -0.835149
0 19 -0.353037 -0.84759
1 19 -0.343705 -0.872474
2 19 -0.337485 -0.903578
0 20 0.110413 -0.726285
1 20 0.125965 -0.748058
2 20 0.138407 -0.776051
0 21 0.0637571 -0.772941
1 21 0.0761987 -0.797824
2 21 0.0886403 -0.828928
0 22 0.0886403 -0.772941
1 22 0.104192 -0.797824
2 22 0.116634 -0.828928
0 23 0.150848 -0.810266
1 23 0.169511 -0.835149
2 23 0.181952 -0.866253
0 24 0.0637571 -0.729395
1 24 0.0793091 -0.754278
2 24 0.0886403 -0.782272
0 25 0.0606467 -0.735616
1 25 0.0756803 -0.758944
2 25 0.0855298 -0.788493
0 26 0.138407 -0.723796
1 26 0.153337 -0.746191
2 26 0.168267 -0.776051
0 27 0.112279 -0.727529
1 27 0.127209 -0.749924
2 27 0.142139 -0.779784
0 28 0.101082 -0.820841
1 28 0.116012 -0.846968
2 28 0.130942 -0.876828
0 29 -0.720064 -0.779784
1 29 -0.720064 -0.798446
2 29 -0.716331 -0.828306
0 30 0.086152 -0.772319
1 30 0.104814 -0.798446
2 30 0.116012 -0.828306
0 31 0.0637571 -0.772319
1 31 0.078687 -0.798446
2 31 0.0898844 -0.828306
0 32 -0.720064 -0.779784
1 32 -0.708866 -0.805911
2 32 -0.705134 -0.835771
0 33 -0.746191 -0.779784
1 33 -0.738726 -0.802178
2 33 -0.734994 -0.832038
0 34 0.0637571 -0.731261
1 34 0.078687 -0.753656
2 34 0.0898844 -0.783516
0 35 0.144628 -0.726285
1 35 0.160802 -0.749924
2 35 0.175732 -0.779784
