9
0 0 -0.69375 -0.32125
1 0 -0.514583 -0.455208
2 0 -0.81625 -0.25125
0 1 0.2456 -0.5554
1 1 0.269 -0.5428
2 1 0.3104 -0.5302
0 2 0.1592 -0.8416
1 2 0.188 -0.83584
2 2 0.2258 -0.829
0 3 0.15992 -0.84232
1 3 0.188 -0.83584
2 3 0.22688 -0.82936
0 4 0.0912323 -0.582688
1 4 0.11456 -0.57232
2 4 0.150848 -0.561952
0 5 0.1664 -0.841888
1 5 0.191284 -0.838259
2 5 0.2312 -0.828928
0 6 0.175732 -0.558323
1 6 0.197504 -0.545881
2 6 0.234829 -0.53344
0 7 0.164534 -0.843236
1 7 0.191284 -0.838259
2 7 0.231719 -0.832038
0 8 0.175732 -0.559567
1 8 0.198126 -0.54837
2 8 0.239184 -0.537172
