20
0 0 -0.41032 -0.23752
1 0 -0.3574 -0.2422
2 0 -0.2656 -0.2368
0 1 -0.62632 -0.88984
1 1 -0.5536 -0.892
2 1 -0.45136 -0.8812
0 2 -0.64576 -0.86392
1 2 -0.57448 -0.86824
2 2 -0.47296 -0.85528
0 3 -0.41032 -0.23752
1 3 -0.35632 -0.24184
2 3 -0.2656 -0.23536
0 4 -0.604979 -0.888026
1 4 -0.538624 -0.893728
2 4 -0.437536 -0.880768
0 5 -0.626752 -0.888544
1 5 -0.554176 -0.891136
2 5 -0.453088 -0.878176
0 6 -0.645414 -0.863142
1 6 -0.574912 -0.867808
2 6 -0.471232 -0.854848
0 7 -0.622 -0.74728
1 7 -0.551584 -0.751168
2 7 -0.450496 -0.7408
0 8 -0.626752 -0.888026
1 8 -0.555213 -0.891136
2 8 -0.452569 -0.878694
0 9 -0.645414 -0.863142
1 9 -0.576985 -0.869363
2 9 -0.474342 -0.856922
0 10 -0.645414 -0.858166
1 10 -0.576985 -0.863142
2 10 -0.474342 -0.850701
0 11 -0.623641 -0.760499
1 11 -0.552102 -0.76361
2 11 -0.452569 -0.754278
0 12 -0.620531 -0.748058
1 12 -0.54837 -0.753656
2 12 -0.449459 -0.741837
0 13 -0.412134 -0.234841
1 13 -0.356147 -0.241062
2 13 -0.262835 -0.234841
0 14 -0.362368 -0.209958
1 14 -0.309491 -0.213069
2 14 -0.219289 -0.203737
0 15 -0.634217 -0.873096
1 15 -0.567032 -0.876828
2 15 -0.462523 -0.865631
0 16 -0.645414 -0.865631
1 16 -0.574497 -0.869363
2 16 -0.47372 -0.858166
0 17 -0.645414 -0.858166
1 17 -0.570765 -0.861898
2 17 -0.47372 -0.850701
0 18 -0.619287 -0.749924
1 18 -0.54837 -0.753656
2 18 -0.447593 -0.742459
0 19 -0.585695 -0.776051
1 19 -0.51851 -0.779784
2 19 -0.417733 -0.768586
