27
0 0 -0.521875 -0.267708
1 0 -0.51625 -0.27
2 0 -0.5375 -0.263542
0 1 -0.788542 -0.6
1 1 -0.759375 -0.605208
2 1 -0.755208 -0.608333
0 2 -0.5225 -0.26875
1 2 -0.51625 -0.27
2 2 -0.5375 -0.26375
0 3 -0.5215 -0.268
1 3 -0.5155 -0.2695
2 3 -0.5365 -0.265
0 4 -0.8695 -0.7945
1 4 -0.838 -0.8005
2 4 -0.8335 -0.8065
0 5 -0.7894 -0.5968
1 5 -0.7606 -0.604
2 5 -0.757 -0.6058
0 6 -0.7804 -0.5932
1 6 -0.7516 -0.6004
2 6 -0.748 -0.6022
0 7 -0.78832 -0.59824
1 7 -0.7606 -0.604
2 7 -0.75592 -0.60688
0 8 -0.8812 -0.51832
1 8 -0.85312 -0.52696
2 8 -0.85312 -0.52912
0 9 -0.7804 -0.5932
1 9 -0.7516 -0.6004
2 9 -0.74728 -0.60256
0 10 -0.52048 -0.26992
1 10 -0.51616 -0.26992
2 10 -0.5356 -0.2656
0 11 -0.2872 -0.6976
1 11 -0.25912 -0.69976
2 11 -0.24832 -0.6976
0 12 -0.87472 -0.53776
1 12 -0.8488 -0.5464
2 12 -0.84664 -0.54856
0 13 -0.3088 -0.7768
1 13 -0.27856 -0.77752
2 13 -0.26776 -0.77536
0 14 -0.567136 -0.336448
1 14 -0.55936 -0.341632
2 14 -0.57232 -0.3412
0 15 -0.62848 -0.25264
1 15 -0.621568 -0.258688
2 15 -0.63712 -0.25696
0 16 -0.3088 -0.77536
1 16 -0.279424 -0.777088
2 16 -0.266464 -0.774496
0 17 -0.78832 -0.59824
1 17 -0.761536 -0.603424
2 17 -0.756352 -0.606016
0 18 -0.77968 -0.595648
1 18 -0.751168 -0.600832
2 18 -0.745984 -0.603424
0 19 -0.62848 -0.25264
1 19 -0.621568 -0.258688
2 19 -0.634528 -0.258688
0 20 -0.287718 -0.698291
1 20 -0.259725 -0.701402
2 20 -0.250393 -0.698291
0 21 -0.626752 -0.253504
1 21 -0.617421 -0.259725
2 21 -0.636083 -0.256614
0 22 -0.779784 -0.596892
1 22 -0.749924 -0.604357
2 22 -0.746191 -0.604357
0 23 -0.302026 -0.776051
1 23 -0.279631 -0.776051
2 23 -0.268434 -0.776051
0 24 -0.805911 -0.779784
1 24 -0.776051 -0.787249
2 24 -0.768586 -0.790981
0 25 -0.832038 -0.772319
1 25 -0.802178 -0.779784
2 25 -0.794714 -0.783516
0 26 -0.866253 -0.797824
1 26 -0.838259 -0.804045
2 26 -0.832038 -0.809643
