38
0 0 0.2855 -0.1855
1 0 0.2975 -0.1825
2 0 0.32 -0.17625
0 1 -0.643 -0.3925
1 1 -0.6415 -0.4
2 1 -0.6355 -0.4045
0 2 -0.5125 -0.775
1 2 -0.502 -0.7855
2 2 -0.4855 -0.793
0 3 0.12104 -0.91576
1 3 0.1358 -0.9226
2 3 0.1574 -0.9298
0 4 -0.0798399 -0.3736
1 4 -0.0711999 -0.37792
2 4 -0.0531999 -0.379
0 5 -0.60472 -0.32176
1 5 -0.6076 -0.3268
2 5 -0.604 -0.3286
0 6 -0.4942 -0.7084
1 6 -0.4834 -0.7192
2 6 -0.4654 -0.7246
0 7 -0.532 -0.3538
1 7 -0.5284 -0.3628
2 7 -0.523 -0.3646
0 8 0.2852 -0.1864
1 8 0.2978 -0.1828
2 8 0.3212 -0.1774
0 9 -0.6652 -0.35416
1 9 -0.6652 -0.3628
2 9 -0.65872 -0.36712
0 10 -0.63928 -0.39952
1 10 -0.63928 -0.406
2 10 -0.6328 -0.41032
0 11 -0.0798399 -0.3736
1 11 -0.0711999 -0.37792
2 11 -0.0539199 -0.38008
0 12 -0.60256 -0.38656
1 12 -0.6004 -0.39304
2 12 -0.59392 -0.39736
0 13 -0.514 -0.77536
1 13 -0.5032 -0.784
2 13 -0.48376 -0.79264
0 14 -0.0798398 -0.372736
1 14 -0.0711999 -0.37792
2 14 -0.0539198 -0.380512
0 15 -0.603424 -0.37792
1 15 -0.600832 -0.385696
2 15 -0.593056 -0.388288
0 16 -0.514 -0.77536
1 16 -0.5032 -0.784
2 16 -0.484192 -0.79264
0 17 -0.458272 -0.758944
1 17 -0.447904 -0.769312
2 17 -0.42976 -0.774496
0 18 -0.603424 -0.385696
1 18 -0.600832 -0.393472
2 18 -0.593056 -0.398656
0 19 -0.629344 -0.39088
1 19 -0.629344 -0.398656
2 19 -0.621568 -0.401248
0 20 0.285632 -0.188704
1 20 0.29816 -0.18352
2 20 0.32192 -0.178336
0 21 -0.45879 -0.757389
1 21 -0.446349 -0.76672
2 21 -0.430797 -0.772941
0 22 -0.0855422 -0.371699
1 22 -0.0731005 -0.37792
2 22 -0.0575485 -0.37792
0 23 -0.511045 -0.776051
1 23 -0.502336 -0.785382
2 23 -0.486784 -0.791603
0 24 -0.496115 -0.710733
1 24 -0.483673 -0.720064
2 24 -0.468121 -0.726285
0 25 -0.499225 -0.772941
1 25 -0.489894 -0.782272
2 25 -0.471232 -0.788493
0 26 -0.629862 -0.390361
1 26 -0.629862 -0.396582
2 26 -0.620531 -0.402803
0 27 -0.505446 -0.710733
1 27 -0.496115 -0.720064
2 27 -0.480563 -0.726285
0 28 -0.611822 -0.414
1 28 -0.608089 -0.421465
2 28 -0.600625 -0.425198
0 29 -0.604357 -0.376676
1 29 -0.604357 -0.384141
2 29 -0.596892 -0.387873
0 30 -0.484918 -0.358013
1 30 -0.481185 -0.365478
2 30 -0.47372 -0.369211
0 31 -0.59316 -0.376676
1 31 -0.59316 -0.384141
2 31 -0.585695 -0.387873
0 32 -0.0855421 -0.372943
1 32 -0.0743447 -0.380408
2 32 -0.0556823 -0.380408
0 33 -0.511045 -0.776051
1 33 -0.502336 -0.785382
2 33 -0.481185 -0.790981
0 34 -0.45879 -0.757389
1 34 -0.447593 -0.768586
2 34 -0.42893 -0.772319
0 35 0.287706 -0.182587
1 35 0.298903 -0.175122
2 35 0.321298 -0.171389
0 36 -0.589427 -0.365478
1 36 -0.589427 -0.372943
2 36 -0.581962 -0.376676
0 37 0.287706 -0.190052
1 37 0.298903 -0.190052
2 37 0.325031 -0.182587
