35
0 0 -0.0175 -0.9
1 0 -0.01125 -0.9
2 0 -0.00499999 -0.9
0 1 -0.00749995 -0.88875
1 1 -0.00124995 -0.88875
2 1 0.00500005 -0.88875
0 2 -0.00699997 -0.889
1 2 -0.000999959 -0.889
2 2 0.00500005 -0.889
0 3 -0.0171998 -0.89632
1 3 -0.0117999 -0.8974
2 3 -0.00549997 -0.898
0 4 0.152 -0.88
1 4 0.1595 -0.88
2 4 0.1685 -0.8785
0 5 0.314 -0.916
1 5 0.3245 -0.9175
2 5 0.3365 -0.916
0 6 0.1178 -0.856
1 6 0.125 -0.856
2 6 0.134 -0.8542
0 7 -0.6112 -0.2926
1 7 -0.631 -0.2872
2 7 -0.6562 -0.28
0 8 -0.0225999 -0.8956
1 8 -0.0171998 -0.89416
2 8 -0.00999991 -0.8956
0 9 -0.00699997 -0.889
1 9 -0.000999959 -0.889
2 9 0.00620009 -0.8884
0 10 -0.014625 -0.679007
1 10 -0.00819988 -0.6724
2 10 -0.00279992 -0.6688
0 11 0.0195201 -0.86176
1 11 0.0260002 -0.86176
2 11 0.0324802 -0.86176
0 12 -0.0225999 -0.8956
1 12 -0.0171998 -0.89416
2 12 -0.0107199 -0.89416
0 13 0.5336 -0.88984
1 13 0.54872 -0.88984
2 13 0.56384 -0.88768
0 14 0.15128 -0.87904
1 14 0.15992 -0.87904
2 14 0.16856 -0.87688
0 15 -0.0150398 -0.678592
1 15 -0.00819988 -0.6724
2 15 -0.00207984 -0.66952
0 16 0.1448 -0.65224
1 16 0.15128 -0.65008
2 16 0.15992 -0.64576
0 17 0.456704 -0.862624
1 17 0.469664 -0.862624
2 17 0.485216 -0.860032
0 18 -0.60904 -0.29368
1 18 -0.63064 -0.2872
2 18 -0.655264 -0.282016
0 19 -0.385696 -0.875584
1 19 -0.380512 -0.875584
2 19 -0.37792 -0.875584
0 20 -0.0171998 -0.676
1 20 -0.00985578 -0.676
2 20 -0.00467173 -0.670816
0 21 0.474848 -0.885952
1 21 0.4904 -0.885952
2 21 0.50336 -0.88336
0 22 0.1448 -0.65224
1 22 0.150848 -0.65008
2 22 0.158624 -0.644896
0 23 -0.00639985 -0.88768
1 23 0.00051225 -0.888544
2 23 0.00569623 -0.888544
0 24 -0.0171134 -0.894246
1 24 -0.0108926 -0.894246
2 24 -0.00467173 -0.894246
0 25 -0.00778211 -0.888026
1 25 -0.00156136 -0.888026
2 25 0.00465946 -0.888026
0 26 -0.343705 -0.863142
1 26 -0.337485 -0.863142
2 26 -0.334374 -0.863142
0 27 0.0202115 -0.860032
1 27 0.0264323 -0.860032
2 27 0.032653 -0.860032
0 28 -0.0171134 -0.676518
1 28 -0.0108926 -0.676518
2 28 -0.00467173 -0.673408
0 29 0.150848 -0.878176
1 29 0.161216 -0.878176
2 29 0.1664 -0.875584
0 30 -0.346816 -0.876828
1 30 -0.343083 -0.876828
2 30 -0.339351 -0.876828
0 31 0.0189673 -0.861898
1 31 0.0264323 -0.861898
2 31 0.0338973 -0.861898
0 32 0.0189673 -0.843236
1 32 0.0264323 -0.843236
2 32 0.0338973 -0.839503
0 33 -0.014625 -0.679007
1 33 -0.0108925 -0.679007
2 33 -0.00342757 -0.675274
0 34 0.149604 -0.876828
1 34 0.157069 -0.876828
2 34 0.168267 -0.876828
