12
0 0 -0.9525 -0.16125
1 0 -0.936458 -0.163542
2 0 -0.911458 -0.176042
0 1 -0.95 -0.1625
1 1 -0.93375 -0.165
2 1 -0.908333 -0.179167
0 2 -0.9525 -0.16125
1 2 -0.93625 -0.16375
2 2 -0.91125 -0.17625
0 3 -0.95 -0.1625
1 3 -0.93375 -0.165
2 3 -0.90875 -0.17875
0 4 -0.95 -0.1625
1 4 -0.93375 -0.165
2 4 -0.9085 -0.1795
0 5 -0.9525 -0.16125
1 5 -0.9334 -0.1666
2 5 -0.9115 -0.1765
0 6 -0.9525 -0.16125
1 6 -0.936458 -0.163542
2 6 -0.9118 -0.1774
0 7 -0.84448 -0.7948
1 7 -0.72352 -0.79696
2 7 -0.60472 -0.80128
0 8 -0.64576 -0.37576
1 8 -0.63064 -0.3736
2 8 -0.60904 -0.38224
0 9 -0.847072 -0.797824
1 9 -0.722656 -0.797824
2 9 -0.606016 -0.803008
0 10 -0.84759 -0.797824
1 10 -0.726285 -0.800934
2 10 -0.60809 -0.804045
0 11 0.654733 -0.402803
1 11 0.743069 -0.387873
2 11 0.855043 -0.369211
