32
0 0 -0.3862 -0.694
1 0 -0.33125 -0.708333
2 0 -0.265625 -0.711458
0 1 -0.3934 -0.694
1 1 -0.33125 -0.708333
2 1 -0.26625 -0.71125
0 2 -0.29125 -0.875
1 2 -0.2335 -0.889
2 2 -0.166 -0.892
0 3 -0.3862 -0.694
1 3 -0.33125 -0.708333
2 3 -0.2665 -0.712
0 4 -0.2926 -0.874
1 4 -0.2332 -0.8884
2 4 -0.1648 -0.892
0 5 -0.3862 -0.694
1 5 -0.32824 -0.70624
2 5 -0.262 -0.7102
0 6 -0.3775 -0.0324999
1 6 -0.33688 -0.0452799
2 6 -0.2908 -0.0495999
0 7 -0.11656 -0.64144
1 7 -0.0625599 -0.65224
2 7 0.00224012 -0.65224
0 8 -0.625 -0.5155
1 8 -0.6004 -0.50104
2 8 -0.56152 -0.48376
0 9 -0.0108926 -0.365478
1 9 0.0376298 -0.372943
2 9 0.10376 -0.36496
0 10 -0.3772 -0.0333999
1 10 -0.33688 -0.0452799
2 10 -0.28936 -0.0495998
0 11 -0.36928 -0.0279999
1 11 -0.328672 -0.0409598
2 11 -0.28072 -0.0431199
0 12 -0.3675 -0.8975
1 12 -0.3124 -0.9136
2 12 -0.240544 -0.919648
0 13 -0.36928 -0.568
1 13 -0.31312 -0.58096
2 13 -0.24832 -0.58528
0 14 -0.0108926 -0.365478
1 14 0.0376298 -0.372943
2 14 0.1016 -0.367552
0 15 -0.37792 -0.0383678
1 15 -0.333856 -0.0461438
2 15 -0.2872 -0.0513278
0 16 -0.374809 -0.0264446
1 16 -0.33472 -0.0409599
2 16 -0.2872 -0.0435518
0 17 -0.36928 -0.0279999
1 17 -0.32608 -0.0409599
2 17 -0.279424 -0.0435518
0 18 0.0756803 -0.878176
1 18 0.129075 -0.891136
2 18 0.200615 -0.891136
0 19 -0.370144 -0.0279998
1 19 -0.328672 -0.0409598
2 19 -0.281497 -0.0419965
0 20 -0.37792 -0.0383678
1 20 -0.333856 -0.0461438
2 20 -0.287718 -0.0513278
0 21 -0.0108926 -0.365478
1 21 0.0393922 -0.372736
2 21 0.101082 -0.371699
0 22 -0.272166 -0.567032
1 22 -0.219911 -0.57823
2 22 -0.157081 -0.580096
0 23 -0.368589 -0.567654
1 23 -0.31312 -0.577504
2 23 -0.250393 -0.586317
0 24 -0.287718 -0.707622
1 24 -0.231731 -0.720064
2 24 -0.166413 -0.723174
0 25 -0.384141 -0.69207
1 25 -0.328153 -0.704512
2 25 -0.262835 -0.710733
0 26 -0.372943 -0.0258224
1 26 -0.331886 -0.0407523
2 26 -0.283364 -0.0444848
0 27 -0.37792 -0.0383678
1 27 -0.335618 -0.0519498
2 27 -0.287096 -0.0556823
0 28 -0.365478 -0.820841
1 28 -0.309491 -0.832038
2 28 -0.242306 -0.835771
0 29 -0.0108926 -0.365478
1 29 0.0388739 -0.371699
2 29 0.101082 -0.372943
0 30 -0.384141 -0.693937
1 30 -0.328153 -0.705134
2 30 -0.260969 -0.708866
0 31 -0.272166 -0.567032
1 31 -0.219911 -0.57823
2 31 -0.156459 -0.581962
