25
0 0 0.215 -0.5425
1 0 0.267708 -0.529167
2 0 0.38125 -0.51625
0 1 0.484375 -0.876042
1 1 0.56 -0.8675
2 1 0.7025 -0.8675
0 2 0.48375 -0.87625
1 2 0.5585 -0.868
2 2 0.701 -0.868
0 3 0.48375 -0.87625
1 3 0.5585 -0.868
2 3 0.698 -0.868
0 4 0.48125 -0.87
1 4 0.5498 -0.8596
2 4 0.6938 -0.8596
0 5 0.2315 -0.5425
1 5 0.281 -0.529
2 5 0.3986 -0.5158
0 6 0.47875 -0.87625
1 6 0.55304 -0.86824
2 6 0.6956 -0.8686
0 7 0.48375 -0.87625
1 7 0.557 -0.8686
2 7 0.701 -0.8686
0 8 0.4508 -0.5392
1 8 0.512 -0.5158
2 8 0.6416 -0.49672
0 9 0.0238401 -0.54856
1 9 0.0648802 -0.54208
2 9 0.17072 -0.53344
0 10 0.48375 -0.87625
1 10 0.557 -0.8686
2 10 0.69992 -0.8704
0 11 0.3896 -0.8902
1 11 0.4544 -0.883
2 11 0.58976 -0.88552
0 12 0.6596 -0.8614
1 12 0.74312 -0.8488
2 12 0.90944 -0.8488
0 13 0.0250001 -0.88
1 13 0.0808642 -0.88336
2 13 0.19232 -0.885952
0 14 0.38888 -0.88984
1 14 0.45368 -0.88336
2 14 0.586304 -0.885952
0 15 0.3284 -0.87688
1 15 0.39104 -0.8704
2 15 0.518912 -0.872992
0 16 0.0238403 -0.548992
1 16 0.0679043 -0.541216
2 16 0.171584 -0.53344
0 17 0.454112 -0.538624
1 17 0.51632 -0.515296
2 17 0.643328 -0.497152
0 18 0.4904 -0.878176
1 18 0.567642 -0.873096
2 18 0.70761 -0.869363
0 19 0.48176 -0.87904
1 19 0.55209 -0.872474
2 19 0.695168 -0.872474
0 20 0.389312 -0.891136
1 20 0.449447 -0.884915
2 20 0.589415 -0.884915
0 21 0.032653 -0.881805
1 21 0.0808642 -0.88336
2 21 0.194394 -0.888026
0 22 0.4904 -0.878176
1 22 0.567642 -0.873096
2 22 0.709476 -0.873096
0 23 0.256602 -0.872474
1 23 0.317566 -0.869363
2 23 0.440738 -0.869363
0 24 0.293927 -0.53344
1 24 0.347426 -0.51851
2 24 0.466865 -0.50358
