21
0 0 0.267708 -0.529167
1 0 0.38125 -0.51625
2 0 0.459375 -0.504167
0 1 0.31 -0.865
1 1 0.435 -0.865
2 1 0.5175 -0.8625
0 2 -0.50875 -0.425
1 2 -0.48875 -0.4025
2 2 -0.50625 -0.38875
0 3 0.31375 -0.865
1 3 0.43875 -0.865
2 3 0.5225 -0.86375
0 4 0.317 -0.865
1 4 0.44 -0.8668
2 4 0.5225 -0.8635
0 5 0.56 -0.8675
1 5 0.7025 -0.8675
2 5 0.8072 -0.8668
0 6 0.3176 -0.865
1 6 0.44 -0.8668
2 6 0.5246 -0.8632
0 7 0.55304 -0.86824
1 7 0.6956 -0.8686
2 7 0.7982 -0.865
0 8 0.55304 -0.86824
1 8 0.6956 -0.8686
2 8 0.79712 -0.86608
0 9 0.4544 -0.883
1 9 0.58976 -0.88552
2 9 0.67832 -0.88336
0 10 0.0648802 -0.54208
1 10 0.17072 -0.53344
2 10 0.23768 -0.52696
0 11 0.552608 -0.8704
1 11 0.6956 -0.8686
2 11 0.798848 -0.867808
0 12 0.39104 -0.8704
1 12 0.518912 -0.872992
2 12 0.60704 -0.8704
0 13 0.557 -0.8686
1 13 0.69992 -0.8704
2 13 0.804032 -0.867808
0 14 0.557 -0.8686
1 14 0.695168 -0.872474
2 14 0.800922 -0.869363
0 15 0.454112 -0.88336
1 15 0.586304 -0.885952
2 15 0.676506 -0.884915
0 16 0.552712 -0.873096
1 16 0.694546 -0.873096
2 16 0.799056 -0.869363
0 17 0.347426 -0.51851
1 17 0.466865 -0.50358
2 17 0.545247 -0.48865
0 18 0.3157 -0.866253
1 18 0.440738 -0.869363
2 18 0.522852 -0.865631
0 19 0.54898 -0.861898
1 19 0.694546 -0.861898
2 19 0.795323 -0.858166
0 20 0.209324 -0.525975
1 20 0.317566 -0.514777
2 20 0.392215 -0.50358
