52
0 0 -0.358 -0.589
1 0 -0.3685 -0.5935
2 0 -0.37 -0.589
0 1 -0.00999991 -0.9352
1 1 -0.0117999 -0.9406
2 1 -0.0135999 -0.9442
0 2 0.1394 -0.7138
1 2 0.1376 -0.7138
2 2 0.1412 -0.7156
0 3 0.242 -0.14032
1 3 0.236384 -0.134272
2 3 0.24416 -0.12736
0 4 0.14696 -0.84448
1 4 0.1448 -0.84664
2 4 0.14696 -0.85096
0 5 -0.25912 -0.83584
1 5 -0.26776 -0.84232
2 5 -0.26992 -0.84232
0 6 -0.2548 -0.82936
1 6 -0.26128 -0.83584
2 6 -0.2656 -0.83584
0 7 -0.1576 -0.8272
1 7 -0.16192 -0.83368
2 7 -0.16408 -0.83368
0 8 0.29168 -0.2008
1 8 0.28736 -0.19432
2 8 0.296 -0.18568
0 9 0.134 -0.82072
1 9 0.134 -0.82288
2 9 0.13616 -0.8272
0 10 0.161216 -0.865216
1 10 0.161216 -0.867808
2 10 0.163808 -0.8704
0 11 0.184544 -0.865216
1 11 0.184544 -0.867808
2 11 0.187136 -0.8704
0 12 0.150848 -0.849664
1 12 0.150848 -0.852256
2 12 0.15344 -0.854848
0 13 0.145664 -0.84448
1 13 0.145664 -0.847072
2 13 0.148256 -0.849664
0 14 -0.258688 -0.834112
1 14 -0.266464 -0.841888
2 14 -0.269056 -0.841888
0 15 -0.162784 -0.836704
1 15 -0.17056 -0.841888
2 15 -0.17056 -0.841888
0 16 -0.253504 -0.828928
1 16 -0.26128 -0.836704
2 16 -0.263872 -0.836704
0 17 -0.166413 -0.828928
1 17 -0.17056 -0.834112
2 17 -0.17056 -0.834112
0 18 0.135296 -0.821152
1 18 0.135296 -0.823744
2 18 0.135296 -0.826336
0 19 -0.256096 -0.803008
1 19 -0.263872 -0.808192
2 19 -0.266464 -0.808192
0 20 0.19016 -0.71488
1 20 0.189728 -0.71488
2 20 0.19232 -0.717472
0 21 0.14048 -0.71488
1 21 0.137888 -0.71488
2 21 0.143072 -0.717472
0 22 0.242 -0.14032
1 22 0.236384 -0.134272
2 22 0.24416 -0.126496
0 23 0.29168 -0.2008
1 23 0.288224 -0.193888
2 23 0.296 -0.186112
0 24 0.16018 -0.863142
1 24 0.16018 -0.866253
2 24 0.16329 -0.869363
0 25 0.24105 -0.138419
1 25 0.23794 -0.135309
2 25 0.24416 -0.125977
0 26 0.135296 -0.838259
1 26 0.135296 -0.84137
2 26 0.138407 -0.84448
0 27 0.181952 -0.863142
1 27 0.181952 -0.866253
2 27 0.185063 -0.872474
0 28 0.189728 -0.71488
1 28 0.188173 -0.716954
2 28 0.191284 -0.716954
0 29 -0.253504 -0.828928
1 29 -0.259725 -0.835149
2 29 -0.262835 -0.835149
0 30 0.153959 -0.816486
1 30 0.150848 -0.816486
2 30 0.153959 -0.819597
0 31 0.141517 -0.716954
1 31 0.138407 -0.716954
2 31 0.141517 -0.716954
0 32 0.141517 -0.732506
1 32 0.138407 -0.732506
2 32 0.141517 -0.735616
0 33 0.144628 -0.84448
1 33 0.144628 -0.84759
2 33 0.147738 -0.850701
0 34 -0.0150398 -0.2872
1 34 -0.0258224 -0.287096
2 34 -0.0202237 -0.281497
0 35 -0.259725 -0.835149
1 35 -0.265945 -0.84137
2 35 -0.269056 -0.84137
0 36 -0.163302 -0.835149
1 36 -0.169523 -0.84137
2 36 -0.172633 -0.84137
0 37 0.293927 -0.200627
1 37 0.288224 -0.193888
2 37 0.297037 -0.185075
0 38 0.179464 -0.861898
1 38 0.179464 -0.865631
2 38 0.183197 -0.869363
0 39 0.160802 -0.865631
1 39 0.160802 -0.865631
2 39 0.164534 -0.869363
0 40 0.138407 -0.839503
1 40 0.134674 -0.843236
2 40 0.138407 -0.846968
0 41 -0.260969 -0.835771
1 41 -0.268434 -0.843236
2 41 -0.272166 -0.839503
0 42 0.190661 -0.731261
1 42 0.190661 -0.731261
2 42 0.194394 -0.731261
0 43 -0.253504 -0.828306
1 43 -0.259725 -0.835149
2 43 -0.260969 -0.835771
0 44 0.134674 -0.824573
1 44 0.134674 -0.824573
2 44 0.138407 -0.828306
0 45 -0.249771 -0.809643
1 45 -0.260969 -0.817108
2 45 -0.260969 -0.817108
0 46 0.141517 -0.716954
1 46 0.138407 -0.716331
2 46 0.142139 -0.720064
0 47 -0.163924 -0.835771
1 47 -0.171389 -0.843236
2 47 -0.171389 -0.843236
0 48 0.149604 -0.850701
1 48 0.149604 -0.850701
2 48 0.153337 -0.854433
0 49 0.283973 -0.0930071
1 49 0.276509 -0.0855421
2 49 0.287706 -0.0780772
0 50 -0.156459 -0.828306
1 50 -0.163302 -0.832038
2 50 -0.163924 -0.835771
0 51 -0.0202237 -0.287718
1 51 -0.0258224 -0.287096
2 51 -0.02209 -0.283364
