65
0 0 -0.124 -0.8245
1 0 -0.115 -0.826
2 0 -0.108333 -0.827083
0 1 -0.112 -0.688
1 1 -0.1036 -0.6904
2 1 -0.0979167 -0.688542
0 2 -0.3525 -0.7925
1 2 -0.34625 -0.795
2 2 -0.34125 -0.795
0 3 -0.12375 -0.825
1 3 -0.1162 -0.8254
2 3 -0.10875 -0.82625
0 4 0.22125 -0.9175
1 4 0.2325 -0.91875
2 4 0.2425 -0.92
0 5 -0.112 -0.688
1 5 -0.1036 -0.6904
2 5 -0.0975 -0.68875
0 6 -0.0955 -0.8065
1 6 -0.088 -0.808
2 6 -0.0805 -0.808
0 7 -0.034 -0.808
1 7 -0.0264999 -0.8095
2 7 -0.019 -0.8095
0 8 -0.124 -0.8245
1 8 -0.115 -0.826
2 8 -0.109 -0.826
0 9 -0.016 -0.8245
1 9 -0.00549997 -0.8245
2 9 0.00200005 -0.8245
0 10 0.056 -0.841
1 10 0.065 -0.8425
2 10 0.0725001 -0.8425
0 11 -0.0963999 -0.9118
1 11 -0.088 -0.9145
2 11 -0.0805 -0.9145
0 12 -0.3826 -0.793
1 12 -0.3772 -0.7948
2 12 -0.37 -0.7948
0 13 -0.1234 -0.8236
1 13 -0.115 -0.826
2 13 -0.109 -0.8254
0 14 0.0530001 -0.8632
1 14 0.0620001 -0.865
2 14 0.0692001 -0.865
0 15 0.2204 -0.9082
1 15 0.2312 -0.9082
2 15 0.242 -0.91
0 16 -0.00855986 -0.82936
1 16 8.01722e-05 -0.83152
2 16 0.00800012 -0.8308
0 17 -0.0153999 -0.8218
1 17 -0.00639992 -0.8236
2 17 0.000800069 -0.8236
0 18 -0.110944 -0.68896
1 18 -0.1036 -0.6904
2 18 -0.0981999 -0.6886
0 19 -0.0963999 -0.9118
1 19 -0.0891999 -0.9154
2 19 -0.0819999 -0.9154
0 20 -0.11224 -0.82072
1 20 -0.1036 -0.82288
2 20 -0.0971199 -0.82288
0 21 -0.10576 -0.696736
1 21 -0.0979838 -0.696736
2 21 -0.0927999 -0.69544
0 22 -0.0949599 -0.7948
1 22 -0.0863199 -0.79696
2 22 -0.0798399 -0.7948
0 23 -0.38224 -0.79264
1 23 -0.37576 -0.7948
2 23 -0.36928 -0.7948
0 24 -0.11008 -0.68896
1 24 -0.1036 -0.69112
2 24 -0.0971199 -0.68896
0 25 -0.35416 -0.7948
1 25 -0.34768 -0.79696
2 25 -0.3412 -0.79696
0 26 -0.0344798 -0.80776
1 26 -0.0258399 -0.80992
2 26 -0.0193598 -0.80992
0 27 -0.0949599 -0.8056
1 27 -0.0863199 -0.80776
2 27 -0.0798399 -0.80776
0 28 -0.1234 -0.8236
1 28 -0.11656 -0.82504
2 28 -0.11008 -0.82504
0 29 -0.00639992 -0.6868
1 29 0.000800069 -0.6886
2 29 0.00656013 -0.6868
0 30 -0.0150399 -0.82288
1 30 -0.00639985 -0.82504
2 30 8.01722e-05 -0.82504
0 31 -0.1972 -0.1216
1 31 -0.1954 -0.118
2 31 -0.19216 -0.11224
0 32 -0.19648 -0.12088
1 32 -0.193784 -0.122867
2 32 -0.191296 -0.113536
0 33 0.1664 -0.834112
1 33 0.176768 -0.834112
2 33 0.184544 -0.834112
0 34 -0.123904 -0.821152
1 34 -0.116128 -0.823744
2 34 -0.110944 -0.823744
0 35 0.148256 -0.860032
1 35 0.158624 -0.862624
2 35 0.168992 -0.862624
0 36 -0.00726376 -0.68896
1 36 -0.00156136 -0.68896
2 36 0.00828826 -0.68896
0 37 -0.11008 -0.68896
1 37 -0.1036 -0.6904
2 37 -0.0953918 -0.691552
0 38 -0.0150398 -0.821152
1 38 -0.00726376 -0.823744
2 38 0.00051225 -0.823744
0 39 -0.10576 -0.696736
1 39 -0.0979837 -0.698291
2 39 -0.0927998 -0.696736
0 40 -0.0953918 -0.8056
1 40 -0.0876158 -0.808192
2 40 -0.0798398 -0.808192
0 41 -0.0357758 -0.808192
1 41 -0.0254078 -0.808192
2 41 -0.0202237 -0.808192
0 42 -0.354592 -0.795232
1 42 -0.346816 -0.797824
2 42 -0.341632 -0.797824
0 43 -0.383104 -0.79264
1 43 -0.375328 -0.795232
2 43 -0.370144 -0.795232
0 44 -0.19648 -0.121312
1 44 -0.193784 -0.122867
2 44 -0.191296 -0.113536
0 45 -0.123904 -0.821152
1 45 -0.116646 -0.822707
2 45 -0.113536 -0.822707
0 46 0.147738 -0.860032
1 46 0.157069 -0.863142
2 46 0.1664 -0.863142
0 47 -0.110944 -0.68896
1 47 -0.103168 -0.691552
2 47 -0.0948734 -0.69207
0 48 -0.0948734 -0.794714
1 48 -0.0855422 -0.797824
2 48 -0.0793214 -0.797824
0 49 -0.110425 -0.819597
1 49 -0.104205 -0.822707
2 49 -0.0979837 -0.822707
0 50 -0.0171134 -0.822707
1 50 -0.00778211 -0.822707
2 50 -0.00156136 -0.822707
0 51 -0.0357758 -0.807155
1 51 -0.0264446 -0.810266
2 51 -0.0202237 -0.810266
0 52 -0.0953918 -0.8056
1 52 -0.0855422 -0.807155
2 52 -0.0793214 -0.807155
0 53 -0.10576 -0.696736
1 53 -0.0979837 -0.698291
2 53 -0.0917629 -0.698291
0 54 -0.356147 -0.794714
1 54 -0.349926 -0.797824
2 54 -0.343705 -0.797824
0 55 -0.384141 -0.794714
1 55 -0.37792 -0.797824
2 55 -0.371699 -0.797824
0 56 -0.0108925 -0.690204
1 56 -0.00156136 -0.68896
2 56 0.00465946 -0.68896
0 57 -0.0930071 -0.798446
1 57 -0.0855421 -0.798446
2 57 -0.0780772 -0.798446
0 58 -0.380408 -0.794714
1 58 -0.376676 -0.798446
2 58 -0.365478 -0.798446
0 59 -0.111669 -0.820841
1 59 -0.104205 -0.822707
2 59 -0.0967396 -0.820841
0 60 -0.197517 -0.126599
1 60 -0.193784 -0.122867
2 60 -0.190052 -0.115402
0 61 -0.391606 -0.783516
1 61 -0.384141 -0.785382
2 61 -0.376676 -0.783516
0 62 -0.0108925 -0.690204
1 62 -0.00342757 -0.690204
2 62 0.00403741 -0.690204
0 63 -0.0171134 -0.698291
1 63 -0.00716 -0.701402
2 63 -0.00342757 -0.701402
0 64 -0.354281 -0.783516
1 64 -0.346816 -0.787249
2 64 -0.343083 -0.787249
