62
0 0 0.296875 -0.934375
1 0 0.310417 -0.9375
2 0 0.31875 -0.939583
0 1 -0.07375 -0.855
1 1 -0.0637499 -0.86
2 1 -0.0583333 -0.860417
0 2 -0.0449999 -0.83625
1 2 -0.035 -0.84
2 2 -0.03 -0.84
0 3 0.02125 -0.83625
1 3 0.0312501 -0.84
2 3 0.0362501 -0.84
0 4 -0.3125 -0.82625
1 4 -0.3025 -0.8325
2 4 -0.29875 -0.8325
0 5 -0.343 -0.8275
1 5 -0.334 -0.8335
2 5 -0.33 -0.8325
0 6 -0.0747999 -0.8542
1 6 -0.0637499 -0.86
2 6 -0.05875 -0.86
0 7 0.02 -0.8365
1 7 0.0305 -0.8395
2 7 0.035 -0.8395
0 8 0.218 -0.8905
1 8 0.23 -0.8935
2 8 0.2375 -0.895
0 9 -0.0745 -0.8545
1 9 -0.0637499 -0.86
2 9 -0.0594999 -0.859
0 10 0.296 -0.937
1 10 0.3086 -0.9388
2 10 0.3176 -0.9406
0 11 -0.0687499 -0.8575
1 11 -0.0585999 -0.8614
2 11 -0.0531999 -0.8614
0 12 0.2168 -0.8902
1 12 0.2294 -0.892
2 12 0.2366 -0.8938
0 13 -0.352 -0.5068
1 13 -0.3484 -0.5122
2 13 -0.3502 -0.505
0 14 -0.3376 -0.523
1 14 -0.3358 -0.5248
2 14 -0.334 -0.5212
0 15 0.1394 -0.8884
1 15 0.1538 -0.892
2 15 0.1592 -0.8938
0 16 -0.0616958 -0.712288
1 16 -0.0539199 -0.71488
2 16 -0.0495999 -0.7138
0 17 0.0404001 -0.8506
1 17 0.0512001 -0.856
2 17 0.0584001 -0.8542
0 18 0.0195201 -0.83584
1 18 0.0303202 -0.84016
2 18 0.0346401 -0.84016
0 19 -0.0452799 -0.83584
1 19 -0.0344798 -0.84016
2 19 -0.0301599 -0.84016
0 20 -0.0565118 -0.720064
1 20 -0.0495998 -0.72136
2 20 -0.0431199 -0.72136
0 21 0.0411201 -0.85096
1 21 0.0519201 -0.85528
2 21 0.0562401 -0.85528
0 22 -0.0625599 -0.71272
1 22 -0.0539198 -0.71488
2 22 -0.0495998 -0.71488
0 23 0.0454402 -0.7084
1 23 0.0575363 -0.712288
2 23 0.0627202 -0.71056
0 24 -0.0625599 -0.85096
1 24 -0.0517598 -0.85528
2 24 -0.0474399 -0.85528
0 25 -0.33688 -0.52048
1 25 -0.33472 -0.5248
2 25 -0.33472 -0.52048
0 26 -0.33688 -0.53344
1 26 -0.3322 -0.5356
2 26 -0.33472 -0.53128
0 27 -0.34336 -0.8272
1 27 -0.33472 -0.83368
2 27 -0.3304 -0.83368
0 28 -0.0565118 -0.720064
1 28 -0.0487357 -0.722656
2 28 -0.0435518 -0.722656
0 29 -0.0625599 -0.71272
1 29 -0.0539198 -0.71488
2 29 -0.0487357 -0.71488
0 30 -0.175744 -0.113536
1 30 -0.173152 -0.110944
2 30 -0.173152 -0.10576
0 31 0.0454402 -0.7084
1 31 0.0584002 -0.71272
2 31 0.0627202 -0.712288
0 32 -0.331264 -0.536032
1 32 -0.328672 -0.538624
2 32 -0.328672 -0.536032
0 33 0.0471682 -0.860032
1 33 0.0601283 -0.862624
2 33 0.0653123 -0.862624
0 34 -0.331264 -0.528256
1 34 -0.328672 -0.528256
2 34 -0.328672 -0.525664
0 35 -0.0746558 -0.852256
1 35 -0.0668798 -0.856922
2 35 -0.0591038 -0.85744
0 36 -0.0616958 -0.849664
1 36 -0.0513278 -0.854848
2 36 -0.0461438 -0.854848
0 37 0.0393922 -0.849664
1 37 0.0523523 -0.854848
2 37 0.0575363 -0.854848
0 38 0.0186562 -0.834112
1 38 0.0290243 -0.839296
2 38 0.0342082 -0.839296
0 39 -0.341632 -0.828928
1 39 -0.333856 -0.834112
2 39 -0.328672 -0.834112
0 40 -0.31312 -0.828928
1 40 -0.305344 -0.836704
2 40 -0.302752 -0.834112
0 41 -0.31312 -0.82288
1 41 -0.305344 -0.828928
2 41 -0.30016 -0.828928
0 42 -0.0435518 -0.823744
1 42 -0.0331838 -0.826336
2 42 -0.0279998 -0.826336
0 43 0.0376298 -0.720064
1 43 0.0482051 -0.723174
2 43 0.0513155 -0.720064
0 44 0.0450947 -0.710733
1 44 0.0544259 -0.713843
2 44 0.0606467 -0.713843
0 45 -0.060659 -0.713843
1 45 -0.0544381 -0.716954
2 45 -0.0482173 -0.716954
0 46 -0.340595 -0.828928
1 46 -0.334374 -0.835149
2 46 -0.328153 -0.835149
0 47 -0.0435518 -0.834112
1 47 -0.0326653 -0.838259
2 47 -0.0295549 -0.838259
0 48 0.0388739 -0.850701
1 48 0.0513155 -0.853811
2 48 0.0544259 -0.853811
0 49 -0.318822 -0.828928
1 49 -0.306381 -0.838259
2 49 -0.30327 -0.838259
0 50 -0.0746558 -0.852256
1 50 -0.0668798 -0.856922
2 50 -0.060659 -0.853811
0 51 -0.0594147 -0.716331
1 51 -0.0539198 -0.71488
2 51 -0.0482173 -0.716331
0 52 -0.0575485 -0.720064
1 52 -0.0519498 -0.720064
2 52 -0.0444848 -0.723796
0 53 -0.316956 -0.832038
1 53 -0.309491 -0.835771
2 53 -0.305759 -0.835771
0 54 -0.0594147 -0.850701
1 54 -0.0519498 -0.854433
2 54 -0.0482173 -0.854433
0 55 0.0376298 -0.850701
1 55 0.0488272 -0.854433
2 55 0.0562922 -0.854433
0 56 -0.343083 -0.832038
1 56 -0.331886 -0.835771
2 56 -0.328153 -0.835771
0 57 0.0189673 -0.835771
1 57 0.0264323 -0.839503
2 57 0.0338973 -0.839503
0 58 -0.175744 -0.113536
1 58 -0.171389 -0.115402
2 58 -0.171389 -0.107937
0 59 -0.354281 -0.817108
1 59 -0.343083 -0.824573
2 59 -0.339351 -0.824573
0 60 0.119744 -0.873096
1 60 0.130942 -0.876828
2 60 0.134674 -0.876828
0 61 0.0376298 -0.720064
1 61 0.0488272 -0.723796
2 61 0.0525597 -0.723796
