66
0 0 0.19375 -0.875
1 0 0.20625 -0.88375
2 0 0.2175 -0.89125
0 1 -0.0624999 -0.81875
1 1 -0.05375 -0.8275
2 1 -0.0449999 -0.83625
0 2 0.2675 -0.92625
1 2 0.28125 -0.935
2 2 0.29375 -0.94125
0 3 -0.08625 -0.84
1 3 -0.0775 -0.85
2 3 -0.0687499 -0.8575
0 4 -0.0805 -0.6955
1 4 -0.0711999 -0.7048
2 4 -0.0637499 -0.71
0 5 -0.358 -0.808
1 5 -0.349 -0.8185
2 5 -0.343 -0.8275
0 6 -0.091 -0.8365
1 6 -0.082 -0.847
2 6 -0.0745 -0.8545
0 7 -0.0865 -0.8395
1 7 -0.0775 -0.85
2 7 -0.0684999 -0.8575
0 8 -0.3355 -0.5155
1 8 -0.3325 -0.523
2 8 -0.331 -0.526
0 9 -0.3415 -0.514
1 9 -0.3385 -0.52
2 9 -0.337 -0.5245
0 10 0.206 -0.9055
1 10 0.2195 -0.916
2 10 0.23 -0.922
0 11 -0.0801999 -0.6958
1 11 -0.0711999 -0.7048
2 11 -0.0639999 -0.7105
0 12 0.2255 -0.853
1 12 0.2375 -0.8605
2 12 0.2495 -0.868
0 13 -0.3358 -0.5176
1 13 -0.3322 -0.523
2 13 -0.3304 -0.5266
0 14 0.269 -0.9262
1 14 0.2816 -0.9352
2 14 0.2942 -0.9424
0 15 -0.3574 -0.8074
1 15 -0.3502 -0.8182
2 15 -0.343 -0.8272
0 16 -0.3415 -0.514
1 16 -0.3412 -0.5176
2 16 -0.3376 -0.523
0 17 -0.3466 -0.505
1 17 -0.3448 -0.5104
2 17 -0.343 -0.514
0 18 0.0224001 -0.8344
1 18 0.0314001 -0.8434
2 18 0.0404001 -0.8506
0 19 -0.0801999 -0.8326
1 19 -0.0711999 -0.8416
2 19 -0.0621999 -0.8506
0 20 -0.0855999 -0.8398
1 20 -0.0765999 -0.8488
2 20 -0.0675999 -0.8578
0 21 0.2258 -0.8524
1 21 0.2384 -0.8632
2 21 0.2492 -0.8686
0 22 -0.181 -0.1054
1 22 -0.1774 -0.109
2 22 -0.1756 -0.1108
0 23 0.1178 -0.8722
1 23 0.1304 -0.8794
2 23 0.1394 -0.8884
0 24 -0.0927999 -0.83584
1 24 -0.0824318 -0.84448
2 24 -0.0733599 -0.85312
0 25 -0.0801999 -0.6958
1 25 -0.0694718 -0.707104
2 25 -0.0625599 -0.71272
0 26 -0.0855999 -0.8398
1 26 -0.0746558 -0.849664
2 26 -0.0668798 -0.85744
0 27 -0.35848 -0.80776
1 27 -0.34984 -0.81856
2 27 -0.34336 -0.8272
0 28 8.01722e-05 -0.81856
1 28 0.0108802 -0.82936
2 28 0.0195201 -0.83584
0 29 -0.0798398 -0.83152
1 29 -0.0690399 -0.84232
2 29 -0.0625599 -0.85096
0 30 -0.181 -0.1054
1 30 -0.178336 -0.113536
2 30 -0.17488 -0.11224
0 31 0.0290243 -0.696736
1 31 0.0368003 -0.704512
2 31 0.0454402 -0.7084
0 32 0.0216801 -0.83368
1 32 0.0303202 -0.84232
2 32 0.0411201 -0.85096
0 33 -0.0720638 -0.704512
1 33 -0.0642878 -0.712288
2 33 -0.0565118 -0.720064
0 34 0.200096 -0.901504
1 34 0.213056 -0.90928
2 34 0.223424 -0.917056
0 35 -0.180928 -0.108352
1 35 -0.178336 -0.113536
2 35 -0.175744 -0.113536
0 36 -0.0798399 -0.69544
1 36 -0.0699902 -0.707622
2 36 -0.0616958 -0.712288
0 37 -0.0850238 -0.839296
1 37 -0.0746558 -0.849664
2 37 -0.0668798 -0.85744
0 38 -0.0927998 -0.834112
1 38 -0.0824318 -0.84448
2 38 -0.0746558 -0.852256
0 39 -0.0798398 -0.83152
1 39 -0.0694718 -0.841888
2 39 -0.0616958 -0.849664
0 40 -0.357184 -0.808192
1 40 -0.349408 -0.81856
2 40 -0.341632 -0.828928
0 41 -0.328672 -0.808192
1 41 -0.321933 -0.822707
2 41 -0.31312 -0.828928
0 42 -0.0616958 -0.8056
1 42 -0.0513278 -0.815968
2 42 -0.0435518 -0.823744
0 43 -0.180928 -0.108352
1 43 -0.178854 -0.113536
2 43 -0.175744 -0.113536
0 44 0.0264323 -0.695181
1 44 0.0357635 -0.704512
2 44 0.0450947 -0.710733
0 45 -0.0850238 -0.839296
1 45 -0.0746558 -0.849664
2 45 -0.0668798 -0.856922
0 46 0.116634 -0.869363
1 46 0.129075 -0.878694
2 46 0.138407 -0.884915
0 47 -0.00156136 -0.807155
1 47 0.0077699 -0.816486
2 47 0.0171011 -0.822707
0 48 -0.0780772 -0.701402
1 48 -0.0699902 -0.707622
2 48 -0.060659 -0.713843
0 49 -0.0793214 -0.832038
1 49 -0.0699902 -0.84137
2 49 -0.060659 -0.850701
0 50 0.0202115 -0.835149
1 50 0.0295427 -0.84137
2 50 0.0388739 -0.850701
0 51 -0.0731005 -0.704512
1 51 -0.0637693 -0.713843
2 51 -0.0575485 -0.720064
0 52 -0.060659 -0.816486
1 52 -0.0513278 -0.828928
2 52 -0.045107 -0.835149
0 53 -0.356147 -0.807155
1 53 -0.349926 -0.819597
2 53 -0.340595 -0.828928
0 54 0.0202115 -0.704512
1 54 0.0264323 -0.716331
2 54 0.0388739 -0.720064
0 55 -0.365478 -0.794714
1 55 -0.359257 -0.807155
2 55 -0.353037 -0.816486
0 56 -0.0780772 -0.701402
1 56 -0.0694718 -0.707104
2 56 -0.0594147 -0.716331
0 57 -0.060659 -0.807155
1 57 -0.0519498 -0.817108
2 57 -0.0444848 -0.824573
0 58 -0.0818097 -0.835771
1 58 -0.0706122 -0.843236
2 58 -0.0594147 -0.850701
0 59 0.0189673 -0.832038
1 59 0.0301648 -0.843236
2 59 0.0376298 -0.850701
0 60 -0.356147 -0.807155
1 60 -0.349926 -0.819597
2 60 -0.343083 -0.832038
0 61 -0.331886 -0.813376
1 61 -0.324421 -0.820841
2 61 -0.316956 -0.832038
0 62 -0.182587 -0.100472
1 62 -0.178854 -0.104205
2 62 -0.175122 -0.104205
0 63 -0.178854 -0.111669
1 63 -0.178854 -0.115402
2 63 -0.175122 -0.115402
0 64 0.0226998 -0.697669
1 64 0.0338973 -0.705134
2 64 0.0413623 -0.712599
0 65 -0.328153 -0.798446
1 65 -0.320688 -0.809643
2 65 -0.313223 -0.817108
