51
0 0 -0.0175 -0.85375
1 0 -0.00849997 -0.8455
2 0 -0.00249996 -0.8375
0 1 -0.0225999 -0.8506
1 1 -0.013 -0.8425
2 1 -0.00624994 -0.835
0 2 -0.3125 -0.50375
1 2 -0.3125 -0.49125
2 2 -0.31375 -0.48
0 3 0.0975001 -0.8475
1 3 0.10625 -0.83875
2 3 0.11375 -0.83
0 4 -0.325 -0.48875
1 4 -0.325 -0.47625
2 4 -0.3275 -0.465
0 5 0.0737501 -0.83125
1 5 0.08375 -0.8225
2 5 0.0912501 -0.81375
0 6 -0.0225999 -0.8506
1 6 -0.013 -0.8425
2 6 -0.00699997 -0.835
0 7 -0.265 -0.823
1 7 -0.2575 -0.817
2 7 -0.2515 -0.811
0 8 -0.0125 -0.701042
1 8 -0.00423985 -0.69544
2 8 0.000500043 -0.6865
0 9 -0.0234999 -0.8515
1 9 -0.0135999 -0.8416
2 9 -0.00819988 -0.8344
0 10 -0.2656 -0.8236
1 10 -0.2566 -0.8182
2 10 -0.2512 -0.811
0 11 0.00800012 -0.8164
1 11 0.0170001 -0.8074
2 11 0.0224001 -0.8002
0 12 0.368 -0.9424
1 12 0.377 -0.9334
2 12 0.3878 -0.9244
0 13 -0.0128799 -0.70408
1 13 -0.00423985 -0.69544
2 13 0.000800069 -0.6868
0 14 0.3176 -0.865
1 14 0.3284 -0.856
2 14 0.3374 -0.847
0 15 0.00800006 -0.946
1 15 0.0170001 -0.9388
2 15 0.0242001 -0.9316
0 16 0.0962001 -0.847
1 16 0.1052 -0.838
2 16 0.1142 -0.8308
0 17 -0.0117999 -0.847
1 17 -0.00279992 -0.838
2 17 0.0026001 -0.8308
0 18 -0.0236799 -0.8488
1 18 -0.0150399 -0.84232
2 18 -0.00855986 -0.83368
0 19 -0.2656 -0.82504
1 19 -0.25696 -0.81856
2 19 -0.25264 -0.81208
0 20 0.0735202 -0.83152
1 20 0.0843202 -0.82288
2 20 0.0908001 -0.81424
0 21 0.3608 -0.92656
1 21 0.3716 -0.91576
2 21 0.3824 -0.90712
0 22 -0.0128799 -0.70408
1 22 -0.00423985 -0.69544
2 22 8.01722e-05 -0.6868
0 23 -0.0117999 -0.847
1 23 -0.00279992 -0.838
2 23 0.00440013 -0.82936
0 24 0.0972801 -0.84664
1 24 0.10592 -0.838
2 24 0.1124 -0.82936
0 25 0.10592 -0.85528
1 25 0.11456 -0.84448
2 25 0.1232 -0.83584
0 26 0.3176 -0.86608
1 26 0.3284 -0.85528
2 26 0.33704 -0.84664
0 27 -0.2656 -0.82504
1 27 -0.258688 -0.821152
2 27 -0.253504 -0.813376
0 28 0.202688 -0.88336
1 28 0.213056 -0.872992
2 28 0.220832 -0.865216
0 29 -0.00726376 -0.709696
1 29 0.00310421 -0.70192
2 29 0.00828826 -0.694144
0 30 -0.294976 -0.826336
1 30 -0.2872 -0.81856
2 30 -0.282016 -0.813376
0 31 -0.0264446 -0.84759
1 31 -0.0140029 -0.838259
2 31 -0.00726376 -0.83152
0 32 -0.0108925 -0.705134
1 32 -0.00467173 -0.694144
2 32 0.00051225 -0.686368
0 33 0.104192 -0.854848
1 33 0.11456 -0.84448
2 33 0.122336 -0.836704
0 34 -0.265945 -0.825818
1 34 -0.259725 -0.819597
2 34 -0.253504 -0.813376
0 35 0.0077699 -0.828928
1 35 0.0171011 -0.822707
2 35 0.0233219 -0.813376
0 36 0.0730883 -0.832038
1 36 0.0824195 -0.822707
2 36 0.0886403 -0.813376
0 37 -0.0108925 -0.705134
1 37 -0.00342757 -0.697669
2 37 0.00154908 -0.68896
0 38 0.0077699 -0.819597
1 38 0.0171011 -0.810266
2 38 0.0233219 -0.800934
0 39 -0.0264446 -0.84759
1 39 -0.0140029 -0.838259
2 39 -0.0108926 -0.832038
0 40 0.0948611 -0.84759
1 40 0.104192 -0.838259
2 40 0.110413 -0.828928
0 41 -0.0108925 -0.705134
1 41 -0.00342757 -0.697669
2 41 0.00403741 -0.690204
0 42 0.0077699 -0.820841
1 42 0.0171011 -0.810266
2 42 0.0226998 -0.802178
0 43 -0.294561 -0.828306
1 43 -0.287096 -0.820841
2 43 -0.279631 -0.813376
0 44 -0.268434 -0.828306
1 44 -0.260969 -0.820841
2 44 -0.253504 -0.817108
0 45 0.093617 -0.846968
1 45 0.104814 -0.839503
2 45 0.112279 -0.828306
0 46 -0.0108925 -0.846968
1 46 -0.00342757 -0.839503
2 46 0.00403741 -0.832038
0 47 0.093617 -0.712599
1 47 0.101082 -0.701402
2 47 0.108547 -0.693937
0 48 -0.710733 -0.371699
1 48 -0.738726 -0.340595
2 48 -0.761121 -0.320688
0 49 0.175732 -0.873096
1 49 0.186929 -0.861898
2 49 0.194394 -0.854433
0 50 -0.264701 -0.813376
1 50 -0.257236 -0.809643
2 50 -0.253504 -0.802178
