58
0 0 -0.19 -0.8695
1 0 -0.17625 -0.8825
2 0 -0.17 -0.89125
0 1 -0.51125 -0.75
1 1 -0.49875 -0.76
2 1 -0.49375 -0.76625
0 2 -0.635 -0.9025
1 2 -0.6225 -0.91375
2 2 -0.61875 -0.92
0 3 -0.53375 -0.7675
1 3 -0.5225 -0.7775
2 3 -0.5175 -0.78375
0 4 -0.0264999 -0.757
1 4 -0.0115 -0.769
2 4 -0.00399996 -0.778
0 5 -0.4555 -0.736
1 5 -0.4435 -0.7465
2 5 -0.4375 -0.7525
0 6 -0.016 -0.802
1 6 -0.000999959 -0.8155
2 6 0.00650005 -0.8245
0 7 -0.634 -0.9025
1 7 -0.622 -0.9145
2 7 -0.619 -0.919
0 8 -0.6346 -0.9028
1 8 -0.622 -0.9136
2 8 -0.6184 -0.919
0 9 -0.19 -0.86824
1 9 -0.1774 -0.883
2 9 -0.1702 -0.8902
0 10 -0.4546 -0.7372
1 10 -0.442 -0.7462
2 10 -0.4366 -0.7534
0 11 -0.058 -0.688
1 11 -0.0441999 -0.6994
2 11 -0.0369999 -0.7084
0 12 -0.5266 -0.2404
1 12 -0.5158 -0.244
2 12 -0.5122 -0.2458
0 13 -0.0344798 -0.6868
1 13 -0.0193598 -0.6976
2 13 -0.0107199 -0.70624
0 14 -0.0236799 -0.73
1 14 -0.00855986 -0.74296
2 14 -0.00207984 -0.7516
0 15 -0.0301599 -0.6652
1 15 -0.0150399 -0.676
2 15 -0.00639985 -0.68464
0 16 -0.35416 -0.75592
1 16 -0.34336 -0.76672
2 16 -0.33688 -0.7732
0 17 -0.0279999 -0.75808
1 17 -0.0128799 -0.77104
2 17 -0.00423985 -0.77968
0 18 -0.0150399 -0.64144
1 18 8.01722e-05 -0.65224
2 18 0.00872014 -0.66088
0 19 -0.6328 -0.9028
1 19 -0.622 -0.9136
2 19 -0.61768 -0.92008
0 20 0.0173601 -0.64144
1 20 0.0324802 -0.65224
2 20 0.0411201 -0.66088
0 21 -0.39088 -0.7084
1 21 -0.37792 -0.7192
2 21 -0.37144 -0.72568
0 22 -0.19 -0.86824
1 22 -0.17704 -0.88336
2 22 -0.17056 -0.888544
0 23 0.0238403 -0.720064
1 23 0.0393922 -0.730432
2 23 0.0471682 -0.7408
0 24 -0.538624 -0.243136
1 24 -0.528256 -0.24832
2 24 -0.523072 -0.24832
0 25 -0.00985578 -0.733024
1 25 0.00569623 -0.745984
2 25 0.0134722 -0.75376
0 26 -0.0565118 -0.686368
1 26 -0.0435518 -0.699328
2 26 -0.0357758 -0.707104
0 27 -0.0279998 -0.758944
1 27 -0.0124477 -0.771904
2 27 -0.00467173 -0.77968
0 28 -0.0150398 -0.803008
1 28 -0.00207977 -0.815968
2 28 0.00569623 -0.823744
0 29 -0.0124477 -0.642304
1 29 0.00051225 -0.652672
2 29 0.00828826 -0.660448
0 30 -0.45568 -0.761536
1 30 -0.44272 -0.771904
2 30 -0.437536 -0.777088
0 31 0.0134722 -0.639712
1 31 0.032653 -0.654746
2 31 0.0368003 -0.657856
0 32 -0.0357758 -0.68585
1 32 -0.0202237 -0.698291
2 32 -0.0108926 -0.704512
0 33 -0.191296 -0.866253
1 33 -0.178854 -0.881805
2 33 -0.172633 -0.891136
0 34 -0.45568 -0.760499
1 34 -0.443238 -0.76983
2 34 -0.437017 -0.776051
0 35 -0.0575485 -0.68585
1 35 -0.045107 -0.698291
2 35 -0.0357758 -0.707622
0 36 -0.00778211 -0.735616
1 36 0.0077699 -0.748058
2 36 0.0139907 -0.754278
0 37 -0.452569 -0.738726
1 37 -0.443238 -0.748058
2 37 -0.437017 -0.754278
0 38 -0.060659 -0.651635
1 38 -0.045107 -0.664077
2 38 -0.0388861 -0.670297
0 39 -0.0264446 -0.657856
1 39 -0.0140029 -0.667187
2 39 -0.00467173 -0.676518
0 40 -0.0295549 -0.760499
1 40 -0.0140029 -0.772941
2 40 -0.00778211 -0.782272
0 41 -0.0544381 -0.760499
1 41 -0.0388861 -0.772941
2 41 -0.0295549 -0.782272
0 42 -0.0233341 -0.729395
1 42 -0.00778211 -0.741837
2 42 -0.00156136 -0.751168
0 43 -0.0513278 -0.642304
1 43 -0.0357758 -0.654746
2 43 -0.0295549 -0.660966
0 44 0.0108803 -0.639194
1 44 0.0264323 -0.651635
2 44 0.0357635 -0.657856
0 45 -0.0295549 -0.670297
1 45 -0.0171134 -0.679629
2 45 -0.00778211 -0.68896
0 46 -0.0482173 -0.800934
1 46 -0.0357758 -0.813376
2 46 -0.0264446 -0.822707
0 47 0.0171011 -0.642304
1 47 0.032653 -0.654746
2 47 0.0419843 -0.660966
0 48 -0.02209 -0.731261
1 48 -0.00716 -0.742459
2 48 0.000304921 -0.749924
0 49 -0.0556823 -0.649147
1 49 -0.0444848 -0.660344
2 49 -0.0332874 -0.667809
0 50 -0.0108925 -0.645414
1 50 0.00403741 -0.656612
2 50 0.0115024 -0.664077
0 51 -0.0295549 -0.761121
1 51 -0.014625 -0.772319
2 51 -0.00716 -0.783516
0 52 -0.0519498 -0.761121
1 52 -0.0370199 -0.776051
2 52 -0.0295549 -0.783516
0 53 0.0301648 -0.790981
1 53 0.0450947 -0.805911
2 53 0.0525597 -0.813376
0 54 0.0152349 -0.645414
1 54 0.0264323 -0.652879
2 54 0.0338973 -0.660344
0 55 -0.0295549 -0.671542
1 55 -0.014625 -0.682739
2 55 -0.00716 -0.690204
0 56 0.0171011 -0.642304
1 56 0.032653 -0.654746
2 56 0.0413623 -0.664077
0 57 -0.0482173 -0.798446
1 57 -0.0332874 -0.813376
2 57 -0.0258224 -0.820841
