57
0 0 -0.340625 -0.739583
1 0 -0.334375 -0.745833
2 0 -0.328125 -0.757292
0 1 -0.175 -0.883333
1 1 -0.169792 -0.891667
2 1 -0.161458 -0.905208
0 2 -0.427083 -0.716667
1 2 -0.421875 -0.721875
2 2 -0.415625 -0.733333
0 3 -0.525 -0.764583
1 3 -0.519792 -0.769792
2 3 -0.514583 -0.782292
0 4 -0.17625 -0.8825
1 4 -0.17 -0.89125
2 4 -0.1625 -0.905
0 5 -0.34125 -0.74
1 5 -0.335 -0.74625
2 5 -0.32875 -0.75875
0 6 -0.5025 -0.7625
1 6 -0.4975 -0.7675
2 6 -0.4925 -0.78
0 7 -0.01125 -0.76875
1 7 -0.00399996 -0.778
2 7 0.00625006 -0.78875
0 8 -0.5225 -0.7775
1 8 -0.5175 -0.78375
2 8 -0.5125 -0.795
0 9 -0.6225 -0.91375
1 9 -0.619 -0.919
2 9 -0.6145 -0.934
0 10 -0.5245 -0.766
1 10 -0.52 -0.7705
2 10 -0.5155 -0.7825
0 11 -0.3415 -0.7405
1 11 -0.3355 -0.7465
2 11 -0.3295 -0.7585
0 12 -0.517 -0.7645
1 12 -0.5125 -0.7705
2 12 -0.5065 -0.7825
0 13 -0.44375 -0.7725
1 13 -0.43875 -0.77875
2 13 -0.433 -0.7915
0 14 -0.49875 -0.76
1 14 -0.4945 -0.766
2 14 -0.4885 -0.778
0 15 -0.0445 -0.7
1 15 -0.037 -0.7075
2 15 -0.0279999 -0.718
0 16 -0.1774 -0.883
1 16 -0.1702 -0.8902
2 16 -0.163 -0.9046
0 17 -0.0117999 -0.7696
1 17 -0.00459989 -0.7786
2 17 0.00620009 -0.7894
0 18 0.0134001 -0.8146
1 18 0.0206001 -0.8236
2 18 0.0314001 -0.8362
0 19 -0.00999991 -0.7426
1 19 -0.000999896 -0.7516
2 19 0.00800012 -0.7624
0 20 -0.622 -0.9145
1 20 -0.619 -0.919
2 20 -0.613 -0.9334
0 21 -0.0128799 -0.77104
1 21 -0.00423985 -0.77968
2 21 0.00440013 -0.79048
0 22 -0.0193598 -0.6976
1 22 -0.0107199 -0.70624
2 22 -0.00207984 -0.71704
0 23 -0.0128799 -0.6544
1 23 -0.00423985 -0.66088
2 23 0.00440013 -0.67168
0 24 8.01722e-05 -0.81424
1 24 0.00656013 -0.82504
2 24 0.0173601 -0.838
0 25 -0.0124477 -0.771904
1 25 -0.00467173 -0.77968
2 25 0.00569623 -0.790048
0 26 -0.17704 -0.88336
1 26 -0.17056 -0.888544
2 26 -0.162784 -0.904096
0 27 0.00051225 -0.652672
1 27 0.00828826 -0.660448
2 27 0.0186562 -0.670816
0 28 -0.0435518 -0.657856
1 28 -0.0357758 -0.664077
2 28 -0.0254078 -0.676
0 29 -0.44272 -0.771904
1 29 -0.437536 -0.777088
2 29 -0.432352 -0.790048
0 30 -0.00207977 -0.815968
1 30 0.00569623 -0.823744
2 30 0.0160643 -0.836704
0 31 0.0393922 -0.730432
1 31 0.0471682 -0.7408
2 31 0.0575363 -0.751168
0 32 -0.0461438 -0.66304
1 32 -0.0383678 -0.670816
2 32 -0.0279998 -0.681184
0 33 -0.0357758 -0.813376
1 33 -0.0279998 -0.821152
2 33 -0.0176318 -0.834112
0 34 -0.443238 -0.748058
1 34 -0.437017 -0.754278
2 34 -0.430797 -0.76672
0 35 -0.178854 -0.881805
1 35 -0.172633 -0.891136
2 35 -0.163302 -0.903578
0 36 0.0077699 -0.748058
1 36 0.0139907 -0.754278
2 36 0.0233219 -0.76672
0 37 0.00154908 -0.654746
1 37 0.0108803 -0.660966
2 37 0.0202115 -0.670297
0 38 -0.0419965 -0.657856
1 38 -0.0357758 -0.664077
2 38 -0.0264446 -0.676518
0 39 -0.0140029 -0.667187
1 39 -0.00467173 -0.676518
2 39 0.00465946 -0.68585
0 40 -0.443238 -0.76983
1 40 -0.437017 -0.776051
2 40 -0.430797 -0.788493
0 41 -0.0171134 -0.679629
1 41 -0.00778211 -0.68896
2 41 0.00154908 -0.698291
0 42 -0.0202237 -0.698291
1 42 -0.0108926 -0.704512
2 42 -0.00156136 -0.716954
0 43 -0.045107 -0.698291
1 43 -0.0357758 -0.707622
2 43 -0.0264446 -0.716954
0 44 0.0139907 -0.813376
1 44 0.0233219 -0.822707
2 44 0.032653 -0.835149
0 45 -0.0388861 -0.772941
1 45 -0.0295549 -0.782272
2 45 -0.0233341 -0.791603
0 46 -0.00778211 -0.741837
1 46 -0.00156136 -0.751168
2 46 0.0077699 -0.760499
0 47 0.0264322 -0.65008
1 47 0.0357635 -0.657856
2 47 0.0450947 -0.667187
0 48 -0.449459 -0.776051
1 48 -0.446349 -0.782272
2 48 -0.440128 -0.794714
0 49 -0.0357758 -0.813376
1 49 -0.0264446 -0.822707
2 49 -0.0171134 -0.835149
0 50 0.00403741 -0.656612
1 50 0.0115024 -0.664077
2 50 0.0189673 -0.671542
0 51 -0.0444848 -0.697669
1 51 -0.0370199 -0.708866
2 51 -0.0258224 -0.716331
0 52 0.0152349 -0.813376
1 52 0.0226998 -0.824573
2 52 0.0338973 -0.835771
0 53 -0.014625 -0.772319
1 53 -0.00716 -0.783516
2 53 0.00403741 -0.794714
0 54 -0.440128 -0.768586
1 54 -0.436395 -0.776051
2 54 -0.42893 -0.787249
0 55 0.0264323 -0.652879
1 55 0.0338973 -0.660344
2 55 0.0488272 -0.675274
0 56 -0.0332874 -0.813376
1 56 -0.0258224 -0.820841
2 56 -0.02209 -0.828306
