17
0 0 -0.653125 -0.261458
1 0 -0.675 -0.267708
2 0 -0.675 -0.259375
0 1 -0.6525 -0.26125
1 1 -0.675 -0.26875
2 1 -0.675 -0.26
0 2 -0.6526 -0.262
1 2 -0.6745 -0.2695
2 2 -0.6745 -0.2605
0 3 -0.6295 -0.7045
1 3 -0.622 -0.715
2 3 -0.5845 -0.703
0 4 -0.65224 -0.26344
1 4 -0.6742 -0.271
2 4 -0.6742 -0.262
0 5 -0.65224 -0.26344
1 5 -0.67384 -0.26992
2 5 -0.67384 -0.26128
0 6 -0.0819998 -0.8596
1 6 -0.0711999 -0.86392
2 6 -0.0323199 -0.8488
0 7 -0.8704 -0.90064
1 7 -0.85744 -0.91144
2 7 -0.81424 -0.9028
0 8 -0.502336 -0.289792
1 8 -0.517888 -0.294976
2 8 -0.512704 -0.284608
0 9 -0.489376 -0.30016
1 9 -0.50752 -0.305344
2 9 -0.499744 -0.294976
0 10 -0.65008 -0.263872
1 10 -0.673408 -0.271648
2 10 -0.673408 -0.26128
0 11 -0.651635 -0.262835
1 11 -0.673408 -0.272166
2 11 -0.673408 -0.262835
0 12 -0.0824317 -0.860032
1 12 -0.0699902 -0.863142
2 12 -0.0326653 -0.850701
0 13 -0.649147 -0.268434
1 13 -0.671542 -0.275899
2 13 -0.671542 -0.264701
0 14 -0.649147 -0.350548
1 14 -0.664077 -0.361746
2 14 -0.652879 -0.354281
0 15 -0.496115 -0.275899
1 15 -0.514777 -0.283364
2 15 -0.507312 -0.272166
0 16 -0.634217 -0.701402
1 16 -0.623019 -0.712599
2 16 -0.585695 -0.701402
