14
0 0 0.3875 -0.63375
1 0 0.395 -0.64625
2 0 0.395 -0.66
0 1 0.1376 -0.4042
1 1 0.14048 -0.41032
2 1 0.13616 -0.4168
0 2 0.0212482 -0.577504
1 2 0.0216801 -0.58528
2 2 0.0160643 -0.59824
0 3 0.168992 -0.758944
1 3 0.171584 -0.774496
2 3 0.1664 -0.790048
0 4 0.0238403 -0.758944
1 4 0.0212482 -0.771904
2 4 0.0134722 -0.787456
0 5 0.135296 -0.406432
1 5 0.14048 -0.411616
2 5 0.135296 -0.419392
0 6 0.368576 -0.626752
1 6 0.374797 -0.639194
2 6 0.374797 -0.651635
0 7 0.135296 -0.732506
1 7 0.138407 -0.744947
2 7 0.132186 -0.760499
0 8 0.0513155 -0.729395
1 8 0.0513155 -0.741837
2 8 0.0450947 -0.757389
0 9 0.125965 -0.405913
1 9 0.132186 -0.412134
2 9 0.125965 -0.421465
0 10 0.0202115 -0.576985
1 10 0.0202115 -0.586317
2 10 0.0139907 -0.595648
0 11 0.0226998 -0.57823
1 11 0.0202115 -0.586317
2 11 0.0152349 -0.596892
0 12 0.164534 -0.761121
1 12 0.168267 -0.776051
2 12 0.164534 -0.790981
0 13 0.0233219 -0.757389
1 13 0.0189673 -0.772319
2 13 0.0152349 -0.787249
