61
0 0 -0.342708 -0.511458
1 0 -0.340625 -0.516667
2 0 -0.338542 -0.517708
0 1 -0.3325 -0.52125
1 1 -0.33125 -0.525
2 1 -0.32875 -0.5275
0 2 0.0112501 -0.82875
1 2 0.02125 -0.83625
2 2 0.0312501 -0.84
0 3 -0.08125 -0.847917
1 3 -0.0745 -0.8545
2 3 -0.0637499 -0.86
0 4 -0.3425 -0.5125
1 4 -0.340625 -0.516667
2 4 -0.33875 -0.5175
0 5 -0.0765999 -0.8488
1 5 -0.0687499 -0.8575
2 5 -0.0594999 -0.862
0 6 -0.0715 -0.7045
1 6 -0.0639999 -0.712
2 6 -0.055 -0.715
0 7 -0.349 -0.8185
1 7 -0.343 -0.8275
2 7 -0.334 -0.8335
0 8 0.0110001 -0.829
1 8 0.02 -0.8365
2 8 0.0305 -0.8395
0 9 -0.3385 -0.52
1 9 -0.337 -0.5245
2 9 -0.3355 -0.526
0 10 -0.0819999 -0.847
1 10 -0.0733599 -0.85312
2 10 -0.0639999 -0.8596
0 11 -0.3448 -0.5104
1 11 -0.343 -0.514
2 11 -0.3412 -0.5158
0 12 -0.3412 -0.5176
1 12 -0.3376 -0.523
2 12 -0.3358 -0.5248
0 13 -0.3322 -0.523
1 13 -0.3304 -0.5266
2 13 -0.3286 -0.5284
0 14 -0.0765999 -0.8488
1 14 -0.0687499 -0.8575
2 14 -0.0585999 -0.8614
0 15 -0.0711999 -0.7048
1 15 -0.0639999 -0.712
2 15 -0.0549999 -0.7156
0 16 0.0314001 -0.8434
1 16 0.0404001 -0.8506
2 16 0.0512001 -0.856
0 17 0.1034 -0.8848
1 17 0.1142 -0.892
2 17 0.125 -0.8956
0 18 -0.0755199 -0.8488
1 18 -0.0668798 -0.85744
2 18 -0.0582399 -0.86176
0 19 0.0108802 -0.82936
1 19 0.0195201 -0.83584
2 19 0.0303202 -0.84016
0 20 -0.34984 -0.81856
1 20 -0.34336 -0.8272
2 20 -0.33472 -0.83368
0 21 0.23768 -0.86176
1 21 0.24848 -0.86824
2 21 0.26144 -0.8704
0 22 -0.0642878 -0.712288
1 22 -0.0565118 -0.720064
2 22 -0.0495998 -0.72136
0 23 -0.0711999 -0.70408
1 23 -0.0616958 -0.712288
2 23 -0.0539199 -0.71488
0 24 -0.0690399 -0.84232
1 24 -0.0625599 -0.85096
2 24 -0.0517598 -0.85528
0 25 0.213056 -0.90928
1 25 0.223424 -0.917056
2 25 0.236384 -0.919648
0 26 -0.0694718 -0.707104
1 26 -0.060659 -0.713843
2 26 -0.0539198 -0.71488
0 27 -0.0637693 -0.713843
1 27 -0.0565118 -0.720064
2 27 -0.0487357 -0.722656
0 28 -0.0513278 -0.815968
1 28 -0.0435518 -0.823744
2 28 -0.0331838 -0.826336
0 29 -0.349408 -0.81856
1 29 -0.341632 -0.828928
2 29 -0.333856 -0.834112
0 30 -0.320896 -0.821152
1 30 -0.31312 -0.828928
2 30 -0.305344 -0.836704
0 31 0.0108802 -0.828928
1 31 0.0186562 -0.834112
2 31 0.0290243 -0.839296
0 32 -0.0513278 -0.828928
1 32 -0.0435518 -0.834112
2 32 -0.0331838 -0.839296
0 33 -0.0699902 -0.84137
1 33 -0.0616958 -0.849664
2 33 -0.0513278 -0.854848
0 34 -0.0746558 -0.849664
1 34 -0.0668798 -0.85744
2 34 -0.0565118 -0.862624
0 35 0.0316163 -0.84448
1 35 0.0393922 -0.849664
2 35 0.0523523 -0.854848
0 36 -0.178336 -0.113536
1 36 -0.175744 -0.113536
2 36 -0.173152 -0.110944
0 37 0.0357635 -0.704512
1 37 0.0450947 -0.710733
2 37 0.0544259 -0.713843
0 38 -0.0699902 -0.707622
1 38 -0.060659 -0.713843
2 38 -0.0544381 -0.716954
0 39 -0.0637693 -0.713843
1 39 -0.0575485 -0.720064
2 39 -0.0482173 -0.723174
0 40 -0.178854 -0.113536
1 40 -0.175744 -0.113536
2 40 -0.172633 -0.110425
0 41 0.272154 -0.875584
1 41 0.284595 -0.881805
2 41 0.297037 -0.884915
0 42 -0.349926 -0.819597
1 42 -0.340595 -0.828928
2 42 -0.334374 -0.835149
0 43 -0.0824318 -0.84448
1 43 -0.0746558 -0.852256
2 43 -0.0668798 -0.856922
0 44 -0.0699902 -0.84137
1 44 -0.060659 -0.850701
2 44 -0.0513278 -0.853811
0 45 0.0295427 -0.84137
1 45 0.0388739 -0.850701
2 45 0.0513155 -0.853811
0 46 -0.321933 -0.822707
1 46 -0.318822 -0.828928
2 46 -0.306381 -0.838259
0 47 -0.0513278 -0.828928
1 47 -0.0435518 -0.834112
2 47 -0.0326653 -0.838259
0 48 -0.178854 -0.104205
1 48 -0.175122 -0.104205
2 48 -0.175744 -0.104205
0 49 0.0264323 -0.716331
1 49 0.0388739 -0.720064
2 49 0.0482051 -0.723174
0 50 -0.0699902 -0.707622
1 50 -0.060659 -0.713843
2 50 -0.0519498 -0.720064
0 51 0.0077699 -0.817108
1 51 0.0152349 -0.824573
2 51 0.0264323 -0.828306
0 52 -0.0519498 -0.817108
1 52 -0.0444848 -0.824573
2 52 -0.0332874 -0.828306
0 53 -0.0706122 -0.843236
1 53 -0.060659 -0.850701
2 53 -0.0519498 -0.854433
0 54 0.0301648 -0.843236
1 54 0.0376298 -0.850701
2 54 0.0488272 -0.854433
0 55 0.0077699 -0.828306
1 55 0.0189673 -0.835771
2 55 0.0264323 -0.839503
0 56 -0.324421 -0.820841
1 56 -0.316956 -0.832038
2 56 -0.309491 -0.835771
0 57 -0.178854 -0.104205
1 57 -0.175122 -0.104205
2 57 -0.175122 -0.104205
0 58 -0.358013 -0.809643
1 58 -0.354281 -0.817108
2 58 -0.343083 -0.824573
0 59 -0.1774 -0.109
1 59 -0.175744 -0.113536
2 59 -0.171389 -0.115402
0 60 -0.320688 -0.809643
1 60 -0.313223 -0.817108
2 60 -0.305759 -0.824573
