33
0 0 -0.646 -0.8965
1 0 -0.59 -0.91
2 0 -0.523958 -0.916667
0 1 -0.646 -0.8965
1 1 -0.59 -0.91
2 1 -0.526042 -0.915625
0 2 -0.64625 -0.90125
1 2 -0.5905 -0.916
2 2 -0.52375 -0.92125
0 3 -0.646 -0.8965
1 3 -0.592708 -0.909375
2 3 -0.52625 -0.915
0 4 -0.748 -0.901
1 4 -0.6976 -0.91576
2 4 -0.6415 -0.9175
0 5 -0.646 -0.8965
1 5 -0.59 -0.91
2 5 -0.526 -0.9145
0 6 -0.5125 -0.844
1 6 -0.45568 -0.85744
2 6 -0.3985 -0.8635
0 7 -0.52264 -0.63928
1 7 -0.471232 -0.652672
2 7 -0.4075 -0.661
0 8 -0.748 -0.901
1 8 -0.6976 -0.91576
2 8 -0.6418 -0.9172
0 9 -0.512704 -0.847072
1 9 -0.45568 -0.85744
2 9 -0.3988 -0.8632
0 10 -0.523 -0.64
1 10 -0.46864 -0.65224
2 10 -0.4096 -0.6598
0 11 -0.64576 -0.90064
1 11 -0.59392 -0.91576
2 11 -0.52912 -0.92008
0 12 -0.5125 -0.844
1 12 -0.45568 -0.85744
2 12 -0.3952 -0.86608
0 13 -0.52264 -0.63928
1 13 -0.46864 -0.65224
2 13 -0.40816 -0.65872
0 14 -0.50104 -0.76888
1 14 -0.44704 -0.78184
2 14 -0.38656 -0.78832
0 15 -0.748576 -0.904096
1 15 -0.70192 -0.914464
2 15 -0.639712 -0.919648
0 16 -0.5125 -0.844
1 16 -0.447593 -0.861898
2 16 -0.393472 -0.867808
0 17 -0.50968 -0.76672
1 17 -0.447904 -0.782272
2 17 -0.393472 -0.787456
0 18 -0.508557 -0.639194
1 18 -0.450496 -0.652672
2 18 -0.393472 -0.657856
0 19 -0.52264 -0.63928
1 19 -0.46864 -0.65224
2 19 -0.409024 -0.657856
0 20 -0.514777 -0.84759
1 20 -0.45568 -0.85744
2 20 -0.396582 -0.866253
0 21 -0.505446 -0.76983
1 21 -0.446349 -0.782272
2 21 -0.387251 -0.788493
0 22 -0.493005 -0.617421
1 22 -0.437017 -0.629862
2 22 -0.374809 -0.636083
0 23 -0.508557 -0.639194
1 23 -0.451325 -0.652879
2 23 -0.393472 -0.657856
0 24 -0.421465 -0.648525
1 24 -0.368589 -0.660966
2 24 -0.306381 -0.667187
0 25 -0.511045 -0.850701
1 25 -0.45568 -0.85744
2 25 -0.395338 -0.869363
0 26 -0.0706122 -0.835771
1 26 -0.0183575 -0.846968
2 26 0.0413623 -0.854433
0 27 -0.406536 -0.537172
1 27 -0.358013 -0.552102
2 27 -0.294561 -0.555835
0 28 -0.492383 -0.623019
1 28 -0.436395 -0.634217
2 28 -0.376676 -0.641682
0 29 -0.511045 -0.641682
1 29 -0.451325 -0.652879
2 29 -0.395338 -0.660344
0 30 -0.421465 -0.649147
1 30 -0.369211 -0.660344
2 30 -0.309491 -0.667809
0 31 -0.50358 -0.768586
1 31 -0.447593 -0.783516
2 31 -0.387873 -0.787249
0 32 -0.417733 -0.813376
1 32 -0.361746 -0.824573
2 32 -0.302026 -0.832038
