31
0 0 0.0760417 -0.728125
1 0 0.090625 -0.733333
2 0 0.107292 -0.7375
0 1 0.358333 -0.909375
1 1 0.383333 -0.919792
2 1 0.405208 -0.926042
0 2 -0.0264999 -0.7765
1 2 -0.013 -0.781
2 2 0.00200005 -0.787
0 3 0.2465 -0.8065
1 3 0.266 -0.814
2 3 0.2855 -0.8185
0 4 0.0746001 -0.73
1 4 0.0890001 -0.7336
2 4 0.1052 -0.739
0 5 -0.0264446 -0.60809
1 5 -0.0108925 -0.611822
2 5 0.000800069 -0.613
0 6 -0.0279999 -0.77536
1 6 -0.0135999 -0.7804
2 6 0.00224012 -0.78616
0 7 8.01722e-05 -0.74944
1 7 0.0130402 -0.75376
2 7 0.0281602 -0.76024
0 8 -0.0258224 -0.611822
1 8 -0.0150398 -0.6112
2 8 8.01722e-05 -0.61336
0 9 0.0821602 -0.45136
1 9 0.0972801 -0.45136
2 9 0.1124 -0.45136
0 10 0.10808 -0.77536
1 10 0.1232 -0.78184
2 10 0.14048 -0.78616
0 11 0.0108802 -0.87688
1 11 0.0238403 -0.885952
2 11 0.0411201 -0.892
0 12 -0.0279998 -0.774496
1 12 -0.0135999 -0.7804
2 12 0.00051225 -0.784864
0 13 0.298592 -0.660448
1 13 0.319328 -0.66304
2 13 0.340064 -0.665632
0 14 -0.00467173 -0.75376
1 14 0.00828826 -0.758944
2 14 0.0238403 -0.764128
0 15 0.00051225 -0.748576
1 15 0.0134722 -0.75376
2 15 0.0290243 -0.758944
0 16 0.0730882 -0.745984
1 16 0.0886402 -0.751168
2 16 0.104192 -0.756352
0 17 -0.0264446 -0.60809
1 17 -0.0140029 -0.6112
2 17 0.00051225 -0.613792
0 18 0.0264322 -0.878176
1 18 0.0419842 -0.88336
2 18 0.0575363 -0.891136
0 19 0.00154908 -0.748058
1 19 0.0139907 -0.754278
2 19 0.0295427 -0.757389
0 20 0.00154908 -0.735616
1 20 0.0139907 -0.741837
2 20 0.0295427 -0.744947
0 21 -0.00467173 -0.754278
1 21 0.0077699 -0.760499
2 21 0.0233219 -0.76361
0 22 -0.0264446 -0.60809
1 22 -0.0140029 -0.6112
2 22 0.00154908 -0.61431
0 23 0.0730883 -0.452569
1 23 0.0855298 -0.452569
2 23 0.104192 -0.452569
0 24 -0.0264446 -0.772941
1 24 -0.0140029 -0.779162
2 24 0.00154908 -0.782272
0 25 0.0824195 -0.452569
1 25 0.0948611 -0.452569
2 25 0.110413 -0.452569
0 26 -0.424576 -0.393472
1 26 -0.424576 -0.390361
2 26 -0.424576 -0.393472
0 27 -0.00467173 -0.729395
1 27 0.0077699 -0.735616
2 27 0.0233219 -0.738726
0 28 -0.00467173 -0.754278
1 28 0.0077699 -0.761121
2 28 0.0226998 -0.764854
0 29 -0.0258224 -0.611822
1 29 -0.0108925 -0.611822
2 29 0.00403741 -0.615554
0 30 0.0979715 -0.592537
1 30 0.112279 -0.596892
2 30 0.127209 -0.596892
