45
0 0 0.465 -0.88
1 0 0.46875 -0.88375
2 0 0.46875 -0.87125
0 1 0.5325 -0.87625
1 1 0.5375 -0.88125
2 1 0.53875 -0.86875
0 2 0.029 -0.8935
1 2 0.026 -0.8965
2 2 0.023 -0.8785
0 3 0.437 -0.91
1 3 0.4415 -0.916
2 3 0.4415 -0.9025
0 4 0.29 -0.922
1 4 0.2915 -0.9265
2 4 0.29 -0.9115
0 5 0.521 -0.883
1 5 0.5255 -0.8875
2 5 0.527 -0.8755
0 6 -0.3085 -0.886
1 6 -0.31375 -0.88625
2 6 -0.3205 -0.8665
0 7 0.536 -0.8695
1 7 0.5405 -0.874
2 7 0.542 -0.8605
0 8 0.5525 -0.886
1 8 0.5555 -0.8905
2 8 0.5585 -0.8785
0 9 0.5372 -0.8704
1 9 0.5408 -0.874
2 9 0.5426 -0.8614
0 10 0.0346401 -0.89416
1 10 0.0324802 -0.89848
2 10 0.0278001 -0.8812
0 11 -0.4366 -0.3826
1 11 -0.4528 -0.3772
2 11 -0.4654 -0.3484
0 12 -0.5878 -0.3916
1 12 -0.6058 -0.3862
2 12 -0.6256 -0.3538
0 13 0.5228 -0.8776
1 13 0.5264 -0.8812
2 13 0.5282 -0.8686
0 14 -0.3088 -0.8866
1 14 -0.3145 -0.886
2 14 -0.3196 -0.8668
0 15 0.5516 -0.8848
1 15 0.557 -0.8902
2 15 0.5588 -0.8776
0 16 0.152 -0.856
1 16 0.152 -0.8596
2 16 0.1502 -0.8416
0 17 0.3302 -0.9064
1 17 0.332 -0.91
2 17 0.3302 -0.8956
0 18 0.0281602 -0.892
1 18 0.026 -0.8965
2 18 0.0224001 -0.8776
0 19 -0.58744 -0.39088
1 19 -0.60688 -0.38656
2 19 -0.62416 -0.35632
0 20 0.28952 -0.9244
1 20 0.29168 -0.92872
2 20 0.28952 -0.9136
0 21 -0.5572 -0.4276
1 21 -0.57448 -0.42328
2 21 -0.59176 -0.39304
0 22 0.3284 -0.91576
1 22 0.3302 -0.919
2 22 0.3284 -0.90496
0 23 0.0281602 -0.892
1 23 0.0260002 -0.89632
2 23 0.0216801 -0.87688
0 24 0.0350001 -0.8974
1 24 0.0324802 -0.89848
2 24 0.0281602 -0.8812
0 25 0.47096 -0.87688
1 25 0.47528 -0.87904
2 25 0.47528 -0.86608
0 26 -0.3088 -0.8866
1 26 -0.31312 -0.88768
2 26 -0.3196 -0.86824
0 27 0.0419842 -0.885952
1 27 0.0411201 -0.88984
2 27 0.0346401 -0.87256
0 28 0.327104 -0.917056
1 28 0.329696 -0.919648
2 28 0.327104 -0.906688
0 29 -0.548992 -0.434944
1 29 -0.564544 -0.432352
2 29 -0.580096 -0.40384
0 30 -0.307936 -0.885952
1 30 -0.31312 -0.888544
2 30 -0.318304 -0.867808
0 31 0.469664 -0.878176
1 31 0.474848 -0.880768
2 31 0.474848 -0.867808
0 32 0.474848 -0.88336
1 32 0.480032 -0.885952
2 32 0.480032 -0.872992
0 33 0.0264323 -0.891136
1 33 0.0233219 -0.894246
2 33 0.0202115 -0.875584
0 34 -0.309491 -0.888026
1 34 -0.312601 -0.891136
2 34 -0.318822 -0.869363
0 35 0.0264323 -0.701402
1 35 0.0264323 -0.708866
2 35 0.0233219 -0.68585
0 36 -0.271648 -0.88336
1 36 -0.278387 -0.884915
2 36 -0.281497 -0.866253
0 37 0.0264323 -0.701402
1 37 0.0264323 -0.701402
2 37 0.0233219 -0.679629
0 38 -0.525975 -0.45879
1 38 -0.540905 -0.455058
2 38 -0.555835 -0.42893
0 39 -0.585695 -0.395338
1 39 -0.604357 -0.387873
2 39 -0.623019 -0.358013
0 40 0.194394 -0.880561
1 40 0.194394 -0.884293
2 40 0.190661 -0.869363
0 41 0.0301648 -0.701402
1 41 0.0264323 -0.701402
2 41 0.0264323 -0.682739
0 42 0.0637571 -0.846968
1 42 0.0637571 -0.846968
2 42 0.0600246 -0.828306
0 43 0.0637571 -0.861898
1 43 0.0637571 -0.865631
2 43 0.0600246 -0.846968
0 44 0.149604 -0.858166
1 44 0.149604 -0.858166
2 44 0.145872 -0.843236
