9
0 0 -0.487 -0.352
1 0 -0.5065 -0.361
2 0 -0.5065 -0.3685
0 1 -0.487 -0.352
1 1 -0.5068 -0.361
2 1 -0.5068 -0.3682
0 2 -0.3844 -0.7012
1 2 -0.3682 -0.712
2 2 -0.3394 -0.7174
0 3 -0.607 -0.442
1 3 -0.622 -0.4546
2 3 -0.6184 -0.4654
0 4 -0.7624 -0.5896
1 4 -0.75592 -0.60472
2 4 -0.72784 -0.61336
0 5 -0.90496 -0.55288
1 5 -0.89848 -0.57016
2 5 -0.87256 -0.58096
0 6 -0.48808 -0.352
1 6 -0.50752 -0.36064
2 6 -0.50752 -0.36928
0 7 -0.717472 -0.608608
1 7 -0.71056 -0.622
2 7 -0.681184 -0.631936
0 8 -0.821152 -0.556768
1 8 -0.815968 -0.57232
2 8 -0.787456 -0.582688
