38
0 0 -0.680208 -0.266667
1 0 -0.69375 -0.2625
2 0 -0.708333 -0.260417
0 1 -0.68 -0.2675
1 1 -0.69375 -0.2625
2 1 -0.70875 -0.26125
0 2 -0.335 -0.86375
1 2 -0.331 -0.865
2 2 -0.325 -0.87625
0 3 0.173 -0.874
1 3 0.1865 -0.88
2 3 0.2 -0.895
0 4 -0.5965 -0.346
1 4 -0.607 -0.343
2 4 -0.619 -0.343
0 5 -0.5986 -0.3448
1 5 -0.607 -0.343
2 5 -0.6184 -0.343
0 6 -0.6796 -0.2674
1 6 -0.694 -0.262
2 6 -0.7084 -0.262
0 7 -0.00639985 -0.88768
1 7 0.000800069 -0.8938
2 7 0.00980008 -0.9082
0 8 0.1898 -0.8812
1 8 0.20096 -0.88768
2 8 0.2168 -0.901
0 9 0.0346401 -0.83152
1 9 0.0432802 -0.83584
2 9 0.0540801 -0.8488
0 10 0.0346401 -0.85528
1 10 0.0432802 -0.8596
2 10 0.0540801 -0.87472
0 11 -0.33688 -0.86392
1 11 -0.33256 -0.86608
2 11 -0.32608 -0.87688
0 12 -0.6004 -0.34336
1 12 -0.60904 -0.3412
2 12 -0.61984 -0.3412
0 13 0.00800012 -0.883
1 13 0.0152002 -0.88768
2 13 0.0260002 -0.90064
0 14 0.1736 -0.874
1 14 0.1862 -0.8794
2 14 0.1988 -0.892
0 15 0.16424 -0.63712
1 15 0.17504 -0.63712
2 15 0.19016 -0.64576
0 16 -0.00207977 -0.66304
1 16 0.00440013 -0.66304
2 16 0.0152002 -0.67168
0 17 0.298592 -0.891136
1 17 0.314144 -0.898912
2 17 0.332288 -0.914464
0 18 -0.00639985 -0.88768
1 18 8.01722e-05 -0.89416
2 18 0.0108802 -0.906688
0 19 -0.678592 -0.269056
1 19 -0.691552 -0.263872
2 19 -0.707104 -0.26128
0 20 -0.333856 -0.85744
1 20 -0.328672 -0.860032
2 20 -0.323488 -0.8704
0 21 -0.867808 -0.284608
1 21 -0.880768 -0.282016
2 21 -0.901504 -0.279424
0 22 -0.885952 -0.2872
1 22 -0.898912 -0.284608
2 22 -0.919648 -0.284608
0 23 0.16424 -0.63712
1 23 0.174176 -0.63712
2 23 0.189728 -0.644896
0 24 -0.37792 -0.86824
1 24 -0.372736 -0.8704
2 24 -0.367552 -0.880768
0 25 -0.00207977 -0.66304
1 25 0.00569623 -0.66304
2 25 0.0160643 -0.670816
0 26 -0.00156136 -0.664077
1 26 0.00440013 -0.66304
2 26 0.0171011 -0.673408
0 27 -0.37792 -0.869363
1 27 -0.371699 -0.872474
2 27 -0.368589 -0.881805
0 28 -0.334374 -0.856922
1 28 -0.331264 -0.860032
2 28 -0.325043 -0.869363
0 29 -0.676518 -0.269056
1 29 -0.69207 -0.262835
2 29 -0.704512 -0.262835
0 30 0.514765 -0.878694
1 30 0.536538 -0.888026
2 30 0.558311 -0.903578
0 31 -0.6004 -0.34336
1 31 -0.60904 -0.3412
2 31 -0.639194 -0.334374
0 32 0.524096 -0.875584
1 32 0.54898 -0.884915
2 32 0.570752 -0.900467
0 33 0.163808 -0.63712
1 33 0.174176 -0.63712
2 33 0.188173 -0.645414
0 34 -0.339351 -0.869363
1 34 -0.335618 -0.869363
2 34 -0.328153 -0.880561
0 35 -0.376676 -0.873096
1 35 -0.372943 -0.873096
2 35 -0.365478 -0.884293
0 36 -0.00156136 -0.664077
1 36 0.00465946 -0.664077
2 36 0.0189673 -0.675274
0 37 0.0376298 -0.835771
1 37 0.0450947 -0.839503
2 37 0.0562922 -0.850701
