25
0 0 0.31875 -0.89125
1 0 0.34375 -0.8925
2 0 0.3675 -0.9025
0 1 -0.0415 -0.7675
1 1 -0.0261999 -0.775
2 1 -0.013 -0.781
0 2 0.01 -0.86625
1 2 0.0275 -0.8755
2 2 0.0425001 -0.883
0 3 -0.04125 -0.7675
1 3 -0.0261999 -0.775
2 3 -0.0135999 -0.7804
0 4 0.00950006 -0.8665
1 4 0.0278001 -0.8758
2 4 0.0422001 -0.883
0 5 0.287 -0.757
1 5 0.3086 -0.7552
2 5 0.3302 -0.7624
0 6 0.29384 -0.66952
1 6 0.31112 -0.6652
2 6 0.33272 -0.66952
0 7 0.0886402 -0.77104
1 7 0.10808 -0.77536
2 7 0.1232 -0.78184
0 8 0.00980008 -0.8668
1 8 0.0281602 -0.87688
2 8 0.0432802 -0.88336
0 9 0.0864802 -0.59176
1 9 0.0994401 -0.59392
2 9 0.11456 -0.59608
0 10 -0.0202237 -0.748576
1 10 -0.00467173 -0.75376
2 10 0.00828826 -0.758944
0 11 0.0575363 -0.7408
1 11 0.0730882 -0.745984
2 11 0.0886402 -0.751168
0 12 0.00872014 -0.86608
1 12 0.0264322 -0.878176
2 12 0.0419842 -0.88336
0 13 0.280448 -0.66304
1 13 0.298592 -0.660448
2 13 0.319328 -0.66304
0 14 -0.0366398 -0.60256
1 14 -0.0264446 -0.60809
2 14 -0.0150398 -0.6112
0 15 0.00828826 -0.867808
1 15 0.0264322 -0.878176
2 15 0.0388739 -0.888026
0 16 -0.0202237 -0.748058
1 16 -0.00467173 -0.754278
2 16 0.0077699 -0.760499
0 17 -0.0150398 -0.7408
1 17 0.00154908 -0.748058
2 17 0.0139907 -0.754278
0 18 -0.0357758 -0.603424
1 18 -0.0264446 -0.60809
2 18 -0.0140029 -0.6112
0 19 -0.0202237 -0.723174
1 19 -0.00467173 -0.729395
2 19 0.0077699 -0.735616
0 20 -0.0419965 -0.76672
1 20 -0.0264446 -0.772941
2 20 -0.0140029 -0.779162
0 21 -0.00778211 -0.869363
1 21 0.0108802 -0.878176
2 21 0.0233219 -0.884915
0 22 -0.0332874 -0.608089
1 22 -0.0264446 -0.60809
2 22 -0.0108925 -0.611822
0 23 -0.0407523 -0.764854
1 23 -0.0258224 -0.772319
2 23 -0.0108925 -0.776051
0 24 0.0824195 -0.59316
1 24 0.0979715 -0.592537
2 24 0.112279 -0.596892
