30
0 0 -0.157 -0.919
1 0 -0.127 -0.9355
2 0 -0.1105 -0.9505
0 1 -0.217 -0.109
1 1 -0.2008 -0.12088
2 1 -0.199 -0.1252
0 2 -0.16192 -0.66088
1 2 -0.1378 -0.6742
2 2 -0.1234 -0.685
0 3 -0.16624 -0.6544
1 3 -0.14032 -0.66952
2 3 -0.1252 -0.6796
0 4 -0.41032 -0.74728
1 4 -0.38224 -0.76456
2 4 -0.3736 -0.77968
0 5 -0.17056 -0.77968
1 5 -0.14464 -0.79696
2 5 -0.12952 -0.80992
0 6 -0.163924 -0.660344
1 6 -0.139456 -0.670816
2 6 -0.12736 -0.68248
0 7 -0.217216 -0.110944
1 7 -0.2008 -0.12088
2 7 -0.19864 -0.1252
0 8 -0.163924 -0.660344
1 8 -0.139456 -0.670816
2 8 -0.126496 -0.683776
0 9 -0.434944 -0.743392
1 9 -0.409024 -0.761536
2 9 -0.396064 -0.77968
0 10 -0.217216 -0.110944
1 10 -0.200627 -0.122867
2 10 -0.199072 -0.126496
0 11 -0.17056 -0.77968
1 11 -0.14464 -0.797824
2 11 -0.129088 -0.810784
0 12 -0.0798398 -0.784864
1 12 -0.0513278 -0.800416
2 12 -0.0357758 -0.813376
0 13 -0.175744 -0.784864
1 13 -0.150861 -0.797824
2 13 -0.136864 -0.813376
0 14 -0.163924 -0.660344
1 14 -0.137797 -0.675274
2 14 -0.125977 -0.682739
0 15 -0.434944 -0.743392
1 15 -0.406536 -0.764854
2 15 -0.396582 -0.779162
0 16 -0.412134 -0.748058
1 16 -0.384141 -0.76672
2 16 -0.371699 -0.782272
0 17 -0.0979837 -0.76672
1 17 -0.0699902 -0.785382
2 17 -0.0544381 -0.797824
0 18 -0.172633 -0.782272
1 18 -0.14464 -0.797824
2 18 -0.129088 -0.810266
0 19 -0.076211 -0.667187
1 19 -0.0461438 -0.678592
2 19 -0.0326653 -0.69207
0 20 -0.216179 -0.115402
1 20 -0.200627 -0.122867
2 20 -0.197517 -0.125977
0 21 -0.0108925 -0.813376
1 21 0.0189673 -0.828306
2 21 0.0338973 -0.839503
0 22 -0.216179 -0.115402
1 22 -0.200627 -0.122867
2 22 -0.197517 -0.130332
0 23 -0.175122 -0.783516
1 23 -0.145262 -0.798446
2 23 -0.134064 -0.813376
0 24 -0.414 -0.749924
1 24 -0.384141 -0.764854
2 24 -0.372943 -0.783516
0 25 -0.433907 -0.744947
1 25 -0.406536 -0.764854
2 25 -0.395338 -0.779784
0 26 -0.410268 -0.738726
1 26 -0.380408 -0.753656
2 26 -0.369211 -0.772319
0 27 -0.213069 -0.101094
1 27 -0.201249 -0.115402
2 27 -0.197517 -0.119134
0 28 -0.163302 -0.657856
1 28 -0.137797 -0.675274
2 28 -0.122867 -0.686472
0 29 -0.0743447 -0.667809
1 29 -0.0482173 -0.682739
2 29 -0.0332874 -0.693937
