46
0 0 -0.198958 -0.730208
1 0 -0.15 -0.947917
2 0 -0.133333 -0.958333
0 1 -0.1675 -0.934
1 1 -0.1475 -0.94625
2 1 -0.13125 -0.95875
0 2 -0.1864 -0.595
1 2 -0.166 -0.604
2 2 -0.1525 -0.61
0 3 -0.195 -0.72625
1 3 -0.17625 -0.73625
2 3 -0.16125 -0.74375
0 4 -0.091 -0.9085
1 4 -0.0699999 -0.922
2 4 -0.052 -0.931
0 5 0.2855 -0.898
1 5 0.3125 -0.9085
2 5 0.335 -0.9145
0 6 -0.1864 -0.595
1 6 -0.166 -0.604
2 6 -0.1525 -0.61
0 7 -0.1585 -0.8065
1 7 -0.1375 -0.8185
2 7 -0.121 -0.826
0 8 -0.1945 -0.7255
1 8 -0.1756 -0.7372
2 8 -0.1594 -0.7444
0 9 -0.2008 -0.7264
1 9 -0.181 -0.7372
2 9 -0.1666 -0.7444
0 10 -0.1738 -0.8524
1 10 -0.154 -0.8668
2 10 -0.1378 -0.874
0 11 0.0566001 -0.6598
1 11 0.0800001 -0.667
2 11 0.0980001 -0.6724
0 12 -0.172 -0.8056
1 12 -0.1504 -0.82
2 12 -0.136 -0.8272
0 13 -0.1585 -0.8065
1 13 -0.1378 -0.82
2 13 -0.1216 -0.8272
0 14 -0.1864 -0.595
1 14 -0.165376 -0.606016
2 14 -0.15328 -0.6112
0 15 -0.0992798 -0.47944
1 15 -0.0798399 -0.48808
2 15 -0.0647199 -0.49024
0 16 0.0627202 -0.67816
1 16 0.0864802 -0.6868
2 16 0.10376 -0.69112
0 17 -0.172 -0.8056
1 17 -0.1504 -0.82
2 17 -0.136 -0.83152
0 18 -0.1594 -0.8074
1 18 -0.13816 -0.82072
2 18 -0.12304 -0.83152
0 19 -0.17272 -0.8056
1 19 -0.15112 -0.81856
2 19 -0.136 -0.8272
0 20 -0.15976 -0.80776
1 20 -0.1378 -0.82
2 20 -0.12304 -0.8272
0 21 -0.19432 -0.72568
1 21 -0.17488 -0.73648
2 21 -0.15976 -0.74296
0 22 0.28736 -0.892
1 22 0.31328 -0.9028
2 22 0.337472 -0.90928
0 23 -0.17056 -0.699328
1 23 -0.149824 -0.709696
2 23 -0.134272 -0.71488
0 24 -0.0876158 -0.593056
1 24 -0.0699902 -0.601869
2 24 -0.0539198 -0.606016
0 25 -0.160192 -0.808192
1 25 -0.139456 -0.821152
2 25 -0.123904 -0.828928
0 26 -0.18568 -0.59608
1 26 -0.165376 -0.606016
2 26 -0.152416 -0.6112
0 27 -0.173152 -0.854848
1 27 -0.152416 -0.867808
2 27 -0.136864 -0.875584
0 28 -0.243136 -0.0591038
1 28 -0.232768 -0.0616958
2 28 -0.227584 -0.0565118
0 29 -0.185075 -0.595648
1 29 -0.166413 -0.604979
2 29 -0.150861 -0.6112
0 30 -0.0886525 -0.592537
1 30 -0.0699902 -0.601869
2 30 -0.0544381 -0.604979
0 31 -0.243136 -0.0591038
1 31 -0.232768 -0.0616958
2 31 -0.228621 -0.0575485
0 32 -0.0948734 -0.480563
1 32 -0.076211 -0.489894
2 32 -0.060659 -0.489894
0 33 -0.0948734 -0.735616
1 33 -0.0731005 -0.748058
2 33 -0.0575485 -0.754278
0 34 -0.242306 -0.0482173
1 34 -0.231109 -0.0519498
2 34 -0.22551 -0.045107
0 35 -0.0886525 -0.489894
1 35 -0.0699902 -0.496115
2 35 -0.0544381 -0.499225
0 36 -0.23536 -0.0495998
1 36 -0.22551 -0.0513278
2 36 -0.219289 -0.0482173
0 37 -0.548992 -0.468121
1 37 -0.5572 -0.46
2 37 -0.576985 -0.452569
0 38 -0.167657 -0.854433
1 38 -0.145262 -0.869363
2 38 -0.130332 -0.876828
0 39 -0.0892746 -0.59316
1 39 -0.0706122 -0.600625
2 39 -0.0556823 -0.604357
0 40 -0.193784 -0.723796
1 40 -0.171389 -0.734994
2 40 -0.160192 -0.742459
0 41 -0.185075 -0.595648
1 41 -0.166413 -0.604979
2 41 -0.152727 -0.611822
0 42 -0.243136 -0.0591038
1 42 -0.234841 -0.0631472
2 42 -0.227376 -0.0594147
0 43 0.0600246 -0.667809
1 43 0.0824195 -0.679007
2 43 0.101082 -0.682739
0 44 -0.175744 -0.713843
1 44 -0.156459 -0.723796
2 44 -0.141529 -0.731261
0 45 0.169511 -0.368589
1 45 0.190661 -0.376676
2 45 0.209324 -0.376676
