8
0 0 -0.76361 -0.860032
1 0 -0.667187 -0.872474
2 0 -0.604979 -0.888026
0 1 -0.76361 -0.741837
1 1 -0.670297 -0.754278
2 1 -0.617421 -0.772941
0 2 -0.517888 -0.206848
1 2 -0.446349 -0.22551
2 2 -0.412134 -0.234841
0 3 -0.76672 -0.713843
1 3 -0.667809 -0.731261
2 3 -0.620531 -0.748058
0 4 -0.776051 -0.856922
1 4 -0.676518 -0.872474
2 4 -0.626752 -0.888026
0 5 -0.720064 -0.723796
1 5 -0.630484 -0.738726
2 5 -0.574497 -0.753656
0 6 -0.761121 -0.716331
1 6 -0.667809 -0.731261
2 6 -0.619287 -0.749924
0 7 -0.787249 -0.843236
1 7 -0.690204 -0.854433
2 7 -0.634217 -0.873096
