12
0 0 -0.509375 -0.426042
1 0 -0.53125 -0.41625
2 0 -0.545833 -0.425
0 1 0.46625 -0.94125
1 1 0.49 -0.94375
2 1 0.536 -0.94
0 2 -0.511 -0.4255
1 2 -0.5305 -0.4165
2 2 -0.547 -0.424
0 3 0.404 -0.7015
1 3 0.425 -0.7015
2 3 0.4655 -0.691
0 4 -0.6814 -0.415
1 4 -0.7012 -0.4096
2 4 -0.7192 -0.4222
0 5 -0.6418 -0.3394
1 5 -0.6688 -0.3268
2 5 -0.7012 -0.3358
0 6 0.485216 -0.704512
1 6 0.508544 -0.70192
2 6 0.550016 -0.68896
0 7 0.41264 -0.476416
1 7 0.430784 -0.471232
2 7 0.467072 -0.453088
0 8 0.485216 -0.704512
1 8 0.505434 -0.701402
2 8 0.54898 -0.68896
0 9 0.275264 -0.741837
1 9 0.293927 -0.738726
2 9 0.331252 -0.732506
0 10 0.276509 -0.742459
1 10 0.295171 -0.738726
2 10 0.332496 -0.734994
0 11 -0.634217 -0.335618
1 11 -0.664077 -0.320688
2 11 -0.693937 -0.328153
