47
0 0 0.0739583 -0.841667
1 0 0.0645833 -0.84375
2 0 0.0625 -0.81875
0 1 0.0635 -0.847
1 1 0.0530001 -0.8485
2 1 0.05125 -0.825
0 2 0.0648802 -0.68896
1 2 0.0562401 -0.69112
2 2 0.0530001 -0.6655
0 3 0.0635 -0.847
1 3 0.0530001 -0.8485
2 3 0.0500001 -0.8245
0 4 -0.28875 -0.48625
1 4 -0.30625 -0.48625
2 4 -0.3175 -0.4585
0 5 0.074 -0.841
1 5 0.0635 -0.8425
2 5 0.062 -0.8185
0 6 0.4076 -0.901
1 6 0.4004 -0.901
2 6 0.4004 -0.8776
0 7 0.1898 -0.8362
1 7 0.1808 -0.838
2 7 0.179 -0.8128
0 8 -0.289 -0.487
1 8 -0.3088 -0.48592
2 8 -0.316 -0.46
0 9 0.3932 -0.8704
1 9 0.386 -0.8722
2 9 0.386 -0.847
0 10 0.4868 -0.9244
1 10 0.4796 -0.9262
2 10 0.4796 -0.9028
0 11 -0.298 -0.4816
1 11 -0.316 -0.4798
2 11 -0.3268 -0.4528
0 12 0.0656001 -0.6886
1 12 0.0562401 -0.69112
2 12 0.0530001 -0.6652
0 13 0.0674001 -0.8488
1 13 0.0575 -0.85
2 13 0.0562401 -0.82504
0 14 -0.19216 -0.83368
1 14 -0.20296 -0.83584
2 14 -0.20728 -0.81208
0 15 0.48608 -0.9244
1 15 0.4796 -0.92656
2 15 0.4796 -0.9028
0 16 0.0605602 -0.84664
1 16 0.0519201 -0.8488
2 16 0.0497601 -0.82288
0 17 0.0668674 -0.68896
1 17 0.0575363 -0.691552
2 17 0.0540801 -0.6652
0 18 0.0756802 -0.84016
1 18 0.0648802 -0.84232
2 18 0.0627202 -0.81856
0 19 0.163808 -0.821152
1 19 0.156032 -0.821152
2 19 0.15344 -0.797824
0 20 -0.289792 -0.486784
1 20 -0.307936 -0.486784
2 20 -0.318304 -0.458272
0 21 -0.191296 -0.476416
1 21 -0.20944 -0.476416
2 21 -0.217216 -0.447904
0 22 0.0761987 -0.838259
1 22 0.0653123 -0.841888
2 22 0.0627202 -0.81856
0 23 0.487808 -0.917056
1 23 0.480032 -0.919648
2 23 0.480032 -0.89632
0 24 0.200096 -0.84448
1 24 0.19016 -0.84448
2 24 0.189728 -0.821152
0 25 0.0668674 -0.68896
1 25 0.0575363 -0.691552
2 25 0.0549442 -0.665632
0 26 -0.19216 -0.83368
1 26 -0.204256 -0.836704
2 26 -0.206848 -0.813376
0 27 -0.323488 -0.440128
1 27 -0.344224 -0.437536
2 27 -0.354592 -0.409024
0 28 0.0601283 -0.84448
1 28 0.0513155 -0.84448
2 28 0.0497602 -0.821152
0 29 0.188173 -0.835149
1 29 0.178842 -0.838259
2 29 0.178842 -0.813376
0 30 -0.22551 -0.838259
1 30 -0.23536 -0.839296
2 30 -0.241062 -0.816486
0 31 -0.191296 -0.834112
1 31 -0.204256 -0.836704
2 31 -0.209958 -0.813376
0 32 0.0761987 -0.838259
1 32 0.0668674 -0.84137
2 32 0.0637571 -0.816486
0 33 0.0948611 -0.822707
1 33 0.0855298 -0.822707
2 33 0.0824195 -0.800934
0 34 0.0674896 -0.690204
1 34 0.0575363 -0.69207
2 34 0.0544259 -0.667187
0 35 0.0730883 -0.698291
1 35 0.0637571 -0.701402
2 35 0.0606467 -0.673408
0 36 0.0938243 -0.808192
1 36 0.0855298 -0.810266
2 36 0.0824195 -0.785382
0 37 0.0575363 -0.84448
1 37 0.0513155 -0.84448
2 37 0.0482051 -0.819597
0 38 0.093617 -0.824573
1 38 0.086152 -0.824573
2 38 0.0824195 -0.802178
0 39 0.164534 -0.820841
1 39 0.153337 -0.820841
2 39 0.153337 -0.794714
0 40 0.093617 -0.809643
1 40 0.086152 -0.813376
2 40 0.0824195 -0.787249
0 41 0.186929 -0.835771
1 41 0.179464 -0.835771
2 41 0.179464 -0.813376
0 42 0.0674896 -0.690204
1 42 0.0575363 -0.69207
2 42 0.0562922 -0.667809
0 43 0.0749546 -0.839503
1 43 0.0637571 -0.843236
2 43 0.0637571 -0.817108
0 44 0.0712221 -0.701402
1 44 0.0637571 -0.701402
2 44 0.0600246 -0.675274
0 45 -0.223644 -0.839503
1 45 -0.234841 -0.839503
2 45 -0.238574 -0.817108
0 46 -0.234841 -0.824573
1 46 -0.246039 -0.824573
2 46 -0.249771 -0.802178
