37
0 0 -0.4855 -0.793
1 0 -0.478 -0.7915
2 0 -0.478 -0.766
0 1 -0.9208 -0.6148
1 1 -0.9154 -0.6148
2 1 -0.9262 -0.5878
0 2 -0.4708 -0.7912
1 2 -0.4618 -0.7894
2 2 -0.4618 -0.7642
0 3 -0.48376 -0.79264
1 3 -0.478 -0.7912
2 3 -0.478 -0.766
0 4 -0.5932 -0.3898
1 4 -0.5968 -0.3862
2 4 -0.6112 -0.3556
0 5 -0.47944 -0.72568
1 5 -0.4708 -0.72352
2 5 -0.4726 -0.6958
0 6 0.3212 -0.1774
1 6 0.3338 -0.163
2 6 0.3392 -0.127
0 7 -0.6328 -0.41032
1 7 -0.63712 -0.406
2 7 -0.6544 -0.37576
0 8 -0.6544 -0.38224
1 8 -0.65872 -0.37792
2 8 -0.676 -0.34552
0 9 -0.92224 -0.61552
1 9 -0.91576 -0.61552
2 9 -0.92656 -0.5896
0 10 -0.47944 -0.72568
1 10 -0.4708 -0.72352
2 10 -0.4708 -0.6976
0 11 -0.4708 -0.79048
1 11 -0.46216 -0.78832
2 11 -0.46216 -0.7624
0 12 -0.484192 -0.79264
1 12 -0.47728 -0.79048
2 12 -0.47728 -0.76456
0 13 0.32192 -0.178336
1 13 0.33272 -0.16408
2 13 0.3392 -0.12736
0 14 -0.593056 -0.388288
1 14 -0.595648 -0.385696
2 14 -0.6112 -0.354592
0 15 -0.631936 -0.411616
1 15 -0.63712 -0.406432
2 15 -0.655264 -0.375328
0 16 -0.42976 -0.774496
1 16 -0.419392 -0.774496
2 16 -0.419392 -0.748576
0 17 -0.484192 -0.79264
1 17 -0.476416 -0.790048
2 17 -0.476416 -0.764128
0 18 -0.47944 -0.72568
1 18 -0.471232 -0.725248
2 18 -0.471232 -0.696736
0 19 -0.0539198 -0.380512
1 19 -0.0461438 -0.372736
2 19 -0.0409598 -0.341632
0 20 -0.592537 -0.387251
1 20 -0.598758 -0.384141
2 20 -0.61431 -0.349926
0 21 -0.468121 -0.726285
1 21 -0.45879 -0.723174
2 21 -0.45879 -0.698291
0 22 -0.648525 -0.390361
1 22 -0.651635 -0.387251
2 22 -0.670297 -0.356147
0 23 -0.484192 -0.79264
1 23 -0.474342 -0.791603
2 23 -0.471232 -0.76361
0 24 -0.486784 -0.791603
1 24 -0.474342 -0.791603
2 24 -0.477453 -0.76361
0 25 -0.461901 -0.776051
1 25 -0.452569 -0.776051
2 25 -0.452569 -0.751168
0 26 -0.471232 -0.788493
1 26 -0.461901 -0.788493
2 26 -0.461901 -0.76361
0 27 -0.430797 -0.772941
1 27 -0.421465 -0.772941
2 27 -0.421465 -0.748058
0 28 -0.595648 -0.396582
1 28 -0.598758 -0.393472
2 28 -0.61431 -0.362368
0 29 -0.580096 -0.374809
1 29 -0.583206 -0.371699
2 29 -0.598758 -0.340595
0 30 -0.585695 -0.387873
1 30 -0.589427 -0.384141
2 30 -0.604357 -0.350548
0 31 -0.47372 -0.727529
1 31 -0.469988 -0.727529
2 31 -0.466255 -0.701402
0 32 -0.596892 -0.387873
1 32 -0.596892 -0.384141
2 32 -0.615554 -0.350548
0 33 -0.486784 -0.791603
1 33 -0.47372 -0.790981
2 33 -0.477453 -0.764854
0 34 -0.42893 -0.772319
1 34 -0.421465 -0.772319
2 34 -0.421465 -0.746191
0 35 0.321298 -0.171389
1 35 0.332496 -0.156459
2 35 0.339961 -0.119134
0 36 -0.693937 -0.320688
1 36 -0.701402 -0.316956
2 36 -0.720064 -0.283364
