41
0 0 -0.2665 -0.8365
1 0 -0.28 -0.853
2 0 -0.283 -0.865
0 1 0.1358 -0.847
1 1 0.1304 -0.8578
2 1 0.1304 -0.8686
0 2 0.1412 -0.7156
1 2 0.134 -0.72568
2 2 0.134 -0.7336
0 3 0.18584 -0.8704
1 3 0.18152 -0.8812
2 3 0.18368 -0.89416
0 4 -0.271 -0.8416
1 4 -0.28288 -0.85744
2 4 -0.2872 -0.8704
0 5 0.13616 -0.84664
1 5 0.13184 -0.85744
2 5 0.13184 -0.86824
0 6 0.14048 -0.71488
1 6 0.134 -0.72568
2 6 0.134 -0.73432
0 7 0.1556 -0.82072
1 7 0.15128 -0.83152
2 7 0.15128 -0.84232
0 8 0.18584 -0.7408
1 8 0.17936 -0.74944
2 8 0.17936 -0.75808
0 9 0.29384 -0.1144
1 9 0.277856 -0.121312
2 9 0.28088 -0.12088
0 10 0.28736 -0.0733599
1 10 0.2744 -0.0755199
2 10 0.2744 -0.0776799
0 11 0.187136 -0.8704
1 11 0.181952 -0.880768
2 11 0.184544 -0.893728
0 12 -0.269056 -0.841888
1 12 -0.282016 -0.85744
2 12 -0.2872 -0.8704
0 13 0.135296 -0.826336
1 13 0.130112 -0.836704
2 13 0.130112 -0.847072
0 14 0.156032 -0.821152
1 14 0.150848 -0.83152
2 14 0.150848 -0.841888
0 15 0.288224 -0.0746558
1 15 0.275264 -0.0772478
2 15 0.275264 -0.0798398
0 16 0.148256 -0.7408
1 16 0.143072 -0.748576
2 16 0.143072 -0.758944
0 17 0.143072 -0.717472
1 17 0.135296 -0.725248
2 17 0.135296 -0.735616
0 18 0.19232 -0.717472
1 18 0.187136 -0.725248
2 18 0.187136 -0.733024
0 19 0.163808 -0.8704
1 19 0.158624 -0.88336
2 19 0.158624 -0.893728
0 20 0.185063 -0.872474
1 20 0.181952 -0.881805
2 20 0.181952 -0.894246
0 21 0.138407 -0.84448
1 21 0.132186 -0.856922
2 21 0.132186 -0.866253
0 22 -0.263872 -0.836704
1 22 -0.278387 -0.850701
2 22 -0.281497 -0.863142
0 23 -0.172633 -0.832038
1 23 -0.181965 -0.84759
2 23 -0.188185 -0.860032
0 24 0.141517 -0.716954
1 24 0.135296 -0.726285
2 24 0.135296 -0.735616
0 25 -0.02209 -0.283364
1 25 -0.0326653 -0.287718
2 25 -0.0357758 -0.293939
0 26 0.16329 -0.869363
1 26 0.157069 -0.881805
2 26 0.157069 -0.894246
0 27 0.147738 -0.850701
1 27 0.141517 -0.863142
2 27 0.141517 -0.872474
0 28 0.297037 -0.185075
1 28 0.284595 -0.188185
2 28 0.284595 -0.188185
0 29 0.24416 -0.125977
1 29 0.233792 -0.13168
2 29 0.231719 -0.135309
0 30 0.334362 -0.181965
1 30 0.31881 -0.181965
2 30 0.32192 -0.185075
0 31 -0.269056 -0.84137
1 31 -0.283364 -0.858166
2 31 -0.287096 -0.869363
0 32 0.138407 -0.846968
1 32 0.130942 -0.858166
2 32 0.130942 -0.869363
0 33 -0.260969 -0.835771
1 33 -0.275899 -0.850701
2 33 -0.279631 -0.861898
0 34 0.138407 -0.828306
1 34 0.130942 -0.839503
2 34 0.130942 -0.850701
0 35 -0.260969 -0.817108
1 35 -0.275899 -0.832038
2 35 -0.279631 -0.843236
0 36 0.153337 -0.820841
1 36 0.149604 -0.832038
2 36 0.149604 -0.843236
0 37 0.149604 -0.742459
1 37 0.142139 -0.749924
2 37 0.142139 -0.761121
0 38 0.141517 -0.735616
1 38 0.135296 -0.741837
2 38 0.134674 -0.753656
0 39 0.142139 -0.720064
1 39 0.134674 -0.727529
2 39 0.134674 -0.742459
0 40 0.153337 -0.854433
1 40 0.149604 -0.865631
2 40 0.145872 -0.876828
