52
0 0 0.5 -0.925
1 0 0.50375 -0.90875
2 0 0.5125 -0.91625
0 1 0.02125 -0.8525
1 1 0.0187501 -0.8375
2 1 0.0175001 -0.8425
0 2 0.4925 -0.905
1 2 0.49625 -0.8875
2 2 0.50375 -0.89375
0 3 0.26 -0.88
1 3 0.2615 -0.8635
2 3 0.2645 -0.8695
0 4 -0.4975 -0.391
1 4 -0.52 -0.3745
2 4 -0.535 -0.373
0 5 0.02 -0.853
1 5 0.0170001 -0.838
2 5 0.0170001 -0.8425
0 6 -0.26 -0.84125
1 6 -0.265 -0.829
2 6 -0.268 -0.832
0 7 -0.298 -0.8455
1 7 -0.301 -0.8335
2 7 -0.3055 -0.8365
0 8 0.425 -0.9175
1 8 0.428 -0.901
2 8 0.434 -0.907
0 9 0.164 -0.8365
1 9 0.164 -0.8215
2 9 0.164 -0.8245
0 10 -0.298 -0.8455
1 10 -0.3016 -0.8326
2 10 -0.3052 -0.8362
0 11 0.02 -0.853
1 11 0.0170001 -0.838
2 11 0.0170001 -0.8416
0 12 0.0530001 -0.8254
1 12 0.0530001 -0.811
2 12 0.0512001 -0.8146
0 13 0.1358 -0.82
1 13 0.134 -0.8038
2 13 0.134 -0.8074
0 14 0.395 -0.8686
1 14 0.3968 -0.8524
2 14 0.4022 -0.8578
0 15 0.404 -0.8992
1 15 0.4058 -0.883
2 15 0.4112 -0.8884
0 16 0.4148 -0.9082
1 16 0.4166 -0.892
2 16 0.422 -0.8974
0 17 0.4166 -0.9118
1 17 0.4202 -0.8956
2 17 0.4256 -0.9028
0 18 0.0195201 -0.67384
1 18 0.0170001 -0.658
2 18 0.0152001 -0.6598
0 19 0.4148 -0.90712
1 19 0.41696 -0.892
2 19 0.42344 -0.89848
0 20 0.0540801 -0.80776
1 20 0.0519201 -0.79264
2 20 0.0497601 -0.79696
0 21 0.39536 -0.86824
1 21 0.39536 -0.85096
2 21 0.40184 -0.85744
0 22 0.0212482 -0.849664
1 22 0.0170001 -0.838
2 22 0.0173601 -0.84016
0 23 0.0202115 -0.676518
1 23 0.0173601 -0.65872
2 23 0.0152002 -0.66088
0 24 0.0324802 -0.84664
1 24 0.0316163 -0.83152
2 24 0.0303202 -0.83584
0 25 0.26144 -0.85096
1 25 0.26144 -0.83368
2 25 0.2636 -0.838
0 26 0.4256 -0.838
1 26 0.42776 -0.82288
2 26 0.43424 -0.8272
0 27 0.0264322 -0.852256
1 27 0.0233219 -0.838259
2 27 0.0238403 -0.841888
0 28 0.50336 -0.919648
1 28 0.505952 -0.901504
2 28 0.513728 -0.90928
0 29 0.0195201 -0.67384
1 29 0.0173601 -0.65872
2 29 0.0160643 -0.660448
0 30 0.259712 -0.880768
1 30 0.259712 -0.865216
2 30 0.262304 -0.8704
0 31 0.4256 -0.914464
1 31 0.428192 -0.898912
2 31 0.433376 -0.904096
0 32 -0.26128 -0.84448
1 32 -0.266464 -0.83152
2 32 -0.269056 -0.834112
0 33 0.0342082 -0.84448
1 33 0.032653 -0.828928
2 33 0.0316163 -0.834112
0 34 0.0264323 -0.682739
1 34 0.0238403 -0.665632
2 34 0.0233219 -0.667187
0 35 0.0544259 -0.822707
1 35 0.0513155 -0.810266
2 35 0.0513155 -0.813376
0 36 -0.496115 -0.393472
1 36 -0.520998 -0.374809
2 36 -0.53344 -0.374809
0 37 0.0202115 -0.676518
1 37 0.0189673 -0.660344
2 37 0.0171011 -0.660966
0 38 0.032653 -0.84448
1 38 0.032653 -0.828928
2 38 0.0295427 -0.835149
0 39 0.0189673 -0.846968
1 39 0.0139907 -0.835149
2 39 0.0171011 -0.838259
0 40 -0.297049 -0.84759
1 40 -0.30016 -0.835149
2 40 -0.306381 -0.838259
0 41 0.0264323 -0.850701
1 41 0.0233219 -0.838259
2 41 0.0233219 -0.84137
0 42 0.0189673 -0.846968
1 42 0.0139907 -0.835149
2 42 0.0115024 -0.839503
0 43 0.0226998 -0.679007
1 43 0.0189673 -0.660344
2 43 0.0189673 -0.664077
0 44 0.0562922 -0.809643
1 44 0.0525597 -0.794714
2 44 0.0525597 -0.798446
0 45 0.171999 -0.843236
1 45 0.171999 -0.828306
2 45 0.171999 -0.832038
0 46 0.134674 -0.817108
1 46 0.130942 -0.802178
2 46 0.130942 -0.805911
0 47 0.0525597 -0.824573
1 47 0.0525597 -0.809643
2 47 0.0525597 -0.813376
0 48 0.0264323 -0.853811
1 48 0.0233219 -0.838259
2 48 0.0226998 -0.843236
0 49 0.0338973 -0.843236
1 49 0.0338973 -0.828306
2 49 0.0301648 -0.835771
0 50 -0.297049 -0.84759
1 50 -0.302026 -0.835771
2 50 -0.305759 -0.839503
0 51 0.160802 -0.835771
1 51 0.160802 -0.820841
2 51 0.160802 -0.824573
