31
0 0 0.4565 -0.91
1 0 0.4685 -0.922
2 0 0.449 -0.9295
0 1 0.0300001 -0.86625
1 1 0.032 -0.8755
2 1 0.00800006 -0.8845
0 2 0.4562 -0.91
1 2 0.4688 -0.9226
2 2 0.449 -0.9298
0 3 -0.4834 -0.316
1 3 -0.4942 -0.3106
2 3 -0.5446 -0.3034
0 4 0.0296001 -0.865
1 4 0.0314001 -0.8758
2 4 0.00800012 -0.8848
0 5 0.1925 -0.853
1 5 0.2 -0.8605
2 5 0.1754 -0.8686
0 6 -0.4834 -0.316
1 6 -0.49456 -0.31096
2 6 -0.54424 -0.30448
0 7 -0.28072 -0.84448
1 7 -0.28072 -0.85312
2 7 -0.31096 -0.86176
0 8 0.029 -0.8665
1 8 0.0314001 -0.8758
2 8 0.00656013 -0.88336
0 9 0.15992 -0.82936
1 9 0.1664 -0.84016
2 9 0.1448 -0.84664
0 10 0.0324802 -0.66088
1 10 0.0368001 -0.66736
2 10 0.0130402 -0.67168
0 11 0.19232 -0.85096
1 11 0.1988 -0.8596
2 11 0.1772 -0.86824
0 12 0.461888 -0.891136
1 12 0.472256 -0.904096
2 12 0.454112 -0.90928
0 13 0.498176 -0.860032
1 13 0.511136 -0.8704
2 13 0.492992 -0.875584
0 14 0.0296001 -0.865
1 14 0.0314001 -0.8758
2 14 0.00569623 -0.88336
0 15 -0.48376 -0.31528
1 15 -0.49456 -0.31096
2 15 -0.543808 -0.305344
0 16 0.0342082 -0.66304
1 16 0.0368001 -0.66736
2 16 0.0134722 -0.670816
0 17 0.30464 -0.86824
1 17 0.316736 -0.880768
2 17 0.296 -0.888544
0 18 0.482624 -0.836704
1 18 0.492992 -0.847072
2 18 0.474848 -0.852256
0 19 0.0342082 -0.66304
1 19 0.0357635 -0.667187
2 19 0.0139907 -0.673408
0 20 0.0264323 -0.863142
1 20 0.0295427 -0.872474
2 20 0.0077699 -0.881805
0 21 -0.318822 -0.850701
1 21 -0.318822 -0.856922
2 21 -0.349926 -0.869363
0 22 0.0450947 -0.856922
1 22 0.0482051 -0.866253
2 22 0.0233219 -0.875584
0 23 0.0264323 -0.861898
1 23 0.0264323 -0.873096
2 23 0.0077699 -0.880561
0 24 0.0450947 -0.858166
1 24 0.0488272 -0.865631
2 24 0.0226998 -0.876828
0 25 -0.481185 -0.320688
1 25 -0.492383 -0.313223
2 25 -0.537172 -0.309491
0 26 0.0264323 -0.863142
1 26 0.0264323 -0.873096
2 26 0.000304921 -0.884293
0 27 0.0338973 -0.664077
1 27 0.0357635 -0.667187
2 27 0.0152349 -0.675274
0 28 0.0674896 -0.835771
1 28 0.0712221 -0.843236
2 28 0.0488272 -0.850701
0 29 0.157069 -0.828306
1 29 0.164534 -0.839503
2 29 0.142139 -0.846968
0 30 0.0674896 -0.817108
1 30 0.0712221 -0.824573
2 30 0.0488272 -0.832038
