52
0 0 -0.141529 -0.6112
1 0 -0.13125 -0.6025
2 0 -0.11625 -0.60375
0 1 0.353 -0.9145
1 1 0.37125 -0.91625
2 1 0.3995 -0.916
0 2 -0.151 -0.7435
1 2 -0.1396 -0.739
2 2 -0.124 -0.7435
0 3 -0.1105 -0.826
1 3 -0.0999999 -0.8245
2 3 -0.082 -0.8305
0 4 -0.043 -0.751
1 4 -0.0309999 -0.748
2 4 -0.013 -0.751
0 5 0.122 -0.673
1 5 0.1385 -0.6715
2 5 0.158 -0.67
0 6 0.3518 -0.9154
1 6 0.3698 -0.9172
2 6 0.3986 -0.9172
0 7 -0.151 -0.7435
1 7 -0.1396 -0.739
2 7 -0.1234 -0.7444
0 8 0.0584001 -0.7588
1 8 0.0728001 -0.757
2 8 0.0926001 -0.7588
0 9 -0.127 -0.8758
1 9 -0.1162 -0.874
2 9 -0.0999999 -0.8812
0 10 0.3536 -0.9082
1 10 0.3725 -0.9115
2 10 0.4004 -0.91
0 11 -0.1108 -0.8272
1 11 -0.0999999 -0.8236
2 11 -0.0819999 -0.8308
0 12 -0.1252 -0.8272
1 12 -0.1144 -0.82936
2 12 -0.0981999 -0.829
0 13 -0.14896 -0.74296
1 13 -0.13816 -0.73864
2 13 -0.12304 -0.74296
0 14 0.35216 -0.91576
1 14 0.36944 -0.91792
2 14 0.39752 -0.91792
0 15 -0.12736 -0.87472
1 15 -0.11656 -0.87472
2 15 -0.0992798 -0.8812
0 16 -0.142048 -0.608608
1 16 -0.1306 -0.604
2 16 -0.11656 -0.60472
0 17 -0.22551 -0.0419965
1 17 -0.214624 -0.0279998
2 17 -0.2116 -0.0193598
0 18 -0.0539199 -0.48808
1 18 -0.0409599 -0.48376
2 18 -0.0279999 -0.4816
0 19 0.13184 -0.68896
1 19 0.14696 -0.6868
2 19 0.1664 -0.6868
0 20 -0.11224 -0.8272
1 20 -0.10144 -0.82504
2 20 -0.0841599 -0.83152
0 21 -0.1252 -0.8272
1 21 -0.1144 -0.82504
2 21 -0.0971199 -0.82936
0 22 0.350432 -0.917056
1 22 0.368576 -0.919648
2 22 0.397088 -0.919648
0 23 -0.22551 -0.0419965
1 23 -0.216179 -0.0264446
2 23 -0.212032 -0.0202237
0 24 0.130112 -0.68896
1 24 0.145664 -0.686368
2 24 0.1664 -0.686368
0 25 -0.116128 -0.875584
1 25 -0.10576 -0.875584
2 25 -0.0876158 -0.88336
0 26 -0.126496 -0.875584
1 26 -0.116128 -0.872992
2 26 -0.0979838 -0.880768
0 27 -0.1252 -0.83152
1 27 -0.1144 -0.82936
2 27 -0.0979838 -0.83152
0 28 -0.11224 -0.8272
1 28 -0.100576 -0.826336
2 28 -0.0850238 -0.83152
0 29 -0.142048 -0.608608
1 29 -0.12952 -0.60472
2 29 -0.116128 -0.606016
0 30 -0.0539198 -0.489376
1 30 -0.0409598 -0.484192
2 30 -0.0254078 -0.4816
0 31 -0.0409599 -0.60472
1 31 -0.0279998 -0.600832
2 31 -0.0124477 -0.600832
0 32 -0.132198 -0.710733
1 32 -0.119757 -0.707622
2 32 -0.104205 -0.710733
0 33 -0.0637693 -0.729395
1 33 -0.0513278 -0.726285
2 33 -0.0357758 -0.729395
0 34 -0.132198 -0.729395
1 34 -0.119757 -0.726285
2 34 -0.104205 -0.729395
0 35 -0.14775 -0.741837
1 35 -0.138419 -0.738726
2 35 -0.122867 -0.741837
0 36 -0.142048 -0.608608
1 36 -0.130332 -0.608089
2 36 -0.116646 -0.604979
0 37 -0.0419965 -0.604979
1 37 -0.0295549 -0.598758
2 37 -0.0140029 -0.598758
0 38 -0.0513278 -0.489894
1 38 -0.0388861 -0.483673
2 38 -0.0233341 -0.483673
0 39 -0.113536 -0.828928
1 39 -0.101094 -0.825818
2 39 -0.0855422 -0.832038
0 40 -0.0419965 -0.496115
1 40 -0.0295549 -0.489894
2 40 -0.0140029 -0.486784
0 41 -0.125977 -0.832038
1 41 -0.1144 -0.82936
2 41 -0.0979837 -0.832038
0 42 -0.223644 -0.0444848
1 42 -0.214624 -0.0279998
2 42 -0.209958 -0.0202237
0 43 0.134674 -0.869363
1 43 0.149604 -0.869363
2 43 0.171999 -0.873096
0 44 -0.122867 -0.720064
1 44 -0.111669 -0.716331
2 44 -0.0967396 -0.720064
0 45 -0.130332 -0.731261
1 45 -0.119134 -0.727529
2 45 -0.104205 -0.731261
0 46 -0.148994 -0.742459
1 46 -0.137797 -0.738726
2 46 -0.122867 -0.742459
0 47 -0.141529 -0.611822
1 47 -0.130332 -0.608089
2 47 -0.115402 -0.608089
0 48 -0.0444848 -0.757389
1 48 -0.0332874 -0.753656
2 48 -0.014625 -0.757389
0 49 -0.0444848 -0.604357
1 49 -0.0295549 -0.600625
2 49 -0.014625 -0.600625
0 50 -0.22551 -0.0419965
1 50 -0.216179 -0.0264446
2 50 -0.212446 -0.0258224
0 51 -0.219289 -0.0295549
1 51 -0.212446 -0.0183575
2 51 -0.208714 -0.0108925
