37
0 0 0.0170001 -0.658
1 0 0.0160643 -0.660448
2 0 0.0197917 -0.667708
0 1 0.0187501 -0.8375
1 1 0.0175001 -0.8425
2 1 0.0225 -0.85625
0 2 0.16375 -0.82125
1 2 0.165 -0.825
2 2 0.17375 -0.84
0 3 0.0170001 -0.838
1 3 0.0170001 -0.8425
2 3 0.0215 -0.856
0 4 -0.52 -0.3745
1 4 -0.535 -0.373
2 4 -0.544 -0.376
0 5 0.164 -0.8215
1 5 0.164 -0.8245
2 5 0.173 -0.8395
0 6 -0.3016 -0.8326
1 6 -0.3052 -0.8362
2 6 -0.307 -0.8488
0 7 -0.5212 -0.3736
1 7 -0.5356 -0.3736
2 7 -0.5446 -0.3754
0 8 0.0530001 -0.811
1 8 0.0512001 -0.8146
2 8 0.0566001 -0.8272
0 9 0.476 -0.8308
1 9 0.4814 -0.8344
2 9 0.4976 -0.8488
0 10 -0.2656 -0.82936
1 10 -0.26776 -0.83368
2 10 -0.26992 -0.84448
0 11 0.0173601 -0.838
1 11 0.0160643 -0.841888
2 11 0.0216801 -0.85528
0 12 0.39536 -0.85096
1 12 0.40184 -0.85744
2 12 0.4148 -0.87256
0 13 0.26144 -0.83368
1 13 0.2636 -0.838
2 13 0.2744 -0.85312
0 14 -0.266464 -0.83152
1 14 -0.269056 -0.834112
2 14 -0.269056 -0.847072
0 15 -0.30016 -0.834112
1 15 -0.305344 -0.839296
2 15 -0.305344 -0.849664
0 16 0.0170001 -0.658
1 16 0.0160643 -0.660448
2 16 0.0212482 -0.668224
0 17 0.0233219 -0.838259
1 17 0.0238403 -0.841888
2 17 0.0264322 -0.85744
0 18 0.0173601 -0.838
1 18 0.0160643 -0.841888
2 18 0.0212482 -0.854848
0 19 -0.520998 -0.374809
1 19 -0.53344 -0.374809
2 19 -0.542771 -0.37792
0 20 0.0233219 -0.667187
1 20 0.0233219 -0.667187
2 20 0.0264323 -0.676518
0 21 -0.30016 -0.835149
1 21 -0.306381 -0.838259
2 21 -0.306381 -0.850701
0 22 0.0233219 -0.838259
1 22 0.0233219 -0.84137
2 22 0.0264323 -0.856922
0 23 0.0139907 -0.835149
1 23 0.0171011 -0.838259
2 23 0.0202115 -0.853811
0 24 0.032653 -0.828928
1 24 0.0295427 -0.835149
2 24 0.0357635 -0.84759
0 25 0.0525597 -0.809643
1 25 0.0525597 -0.813376
2 25 0.0562922 -0.828306
0 26 0.0226998 -0.667809
1 26 0.0233219 -0.667187
2 26 0.0264323 -0.679007
0 27 0.130942 -0.802178
1 27 0.130942 -0.805911
2 27 0.138407 -0.820841
0 28 0.0233219 -0.838259
1 28 0.0226998 -0.843236
2 28 0.0264323 -0.858166
0 29 0.0173601 -0.65872
1 29 0.0171011 -0.660966
2 29 0.0226998 -0.671542
0 30 -0.302026 -0.835771
1 30 -0.305759 -0.839503
2 30 -0.305759 -0.850701
0 31 0.0338973 -0.828306
1 31 0.0301648 -0.835771
2 31 0.0376298 -0.846968
0 32 0.0152349 -0.832038
1 32 0.0171011 -0.838259
2 32 0.0189673 -0.850701
0 33 0.160802 -0.820841
1 33 0.160802 -0.824573
2 33 0.168267 -0.839503
0 34 0.171999 -0.828306
1 34 0.171999 -0.832038
2 34 0.179464 -0.846968
0 35 0.437005 -0.813376
1 35 0.44447 -0.820841
2 35 0.4594 -0.832038
0 36 0.261579 -0.839503
1 36 0.265311 -0.843236
2 36 0.272776 -0.858166
