52
0 0 0.430208 -0.913542
1 0 0.430208 -0.9
2 0 0.436458 -0.889583
0 1 0.3305 -0.9085
1 1 0.329 -0.8935
2 1 0.335 -0.885
0 2 0.0324802 -0.89848
1 2 0.0278001 -0.8812
2 2 0.026 -0.8665
0 3 -0.31375 -0.88625
1 3 -0.3205 -0.8665
2 3 -0.322 -0.847
0 4 -0.274 -0.883
1 4 -0.27875 -0.86125
2 4 -0.2815 -0.844
0 5 0.026 -0.8965
1 5 0.023 -0.8785
2 5 0.023 -0.8635
0 6 0.1835 -0.8785
1 6 0.182 -0.862
2 6 0.1835 -0.85
0 7 0.4415 -0.916
1 7 0.4415 -0.9025
2 7 0.4475 -0.8905
0 8 -0.4492 -0.3772
1 8 -0.4654 -0.3484
2 8 -0.4744 -0.3214
0 9 -0.6058 -0.3862
1 9 -0.6256 -0.3538
2 9 -0.6364 -0.3286
0 10 0.476 -0.8794
1 10 0.476 -0.8668
2 10 0.4832 -0.856
0 11 0.1844 -0.8776
1 11 0.1808 -0.8632
2 11 0.1844 -0.8488
0 12 0.0395 -0.8905
1 12 0.0350001 -0.8722
2 12 0.0350001 -0.8578
0 13 0.5264 -0.8812
1 13 0.5282 -0.8686
2 13 0.5372 -0.8596
0 14 -0.5515 -0.4465
1 14 -0.568 -0.4204
2 14 -0.5788 -0.3952
0 15 0.4652 -0.8848
1 15 0.4652 -0.8704
2 15 0.4724 -0.8614
0 16 0.0620001 -0.8668
1 16 0.0584001 -0.847
2 16 0.0584001 -0.8326
0 17 0.0260002 -0.89632
1 17 0.0224001 -0.8776
2 17 0.0224001 -0.8632
0 18 0.0324802 -0.89848
1 18 0.0281602 -0.8812
2 18 0.0260001 -0.8668
0 19 0.1718 -0.676
1 19 0.1718 -0.658
2 19 0.1754 -0.6418
0 20 0.4364 -0.9154
1 20 0.4346 -0.901
2 20 0.4418 -0.8902
0 21 0.15128 -0.8596
1 21 0.14912 -0.84232
2 21 0.15128 -0.82936
0 22 -0.4492 -0.37792
1 22 -0.46432 -0.34984
2 22 -0.47512 -0.32392
0 23 0.0627202 -0.86608
1 23 0.0584002 -0.84664
2 23 0.0605602 -0.83368
0 24 -0.31312 -0.88768
1 24 -0.3196 -0.86824
2 24 -0.32176 -0.8488
0 25 -0.57448 -0.42328
1 25 -0.59176 -0.39304
2 25 -0.60256 -0.36928
0 26 0.44072 -0.9136
1 26 0.44072 -0.90064
2 26 0.4472 -0.88984
0 27 0.0260002 -0.89632
1 27 0.0224001 -0.8776
2 27 0.0216801 -0.86176
0 28 0.0324802 -0.89848
1 28 0.0278001 -0.8812
2 28 0.0260002 -0.86608
0 29 0.43424 -0.9136
1 29 0.43424 -0.90064
2 29 0.44072 -0.88984
0 30 -0.450496 -0.37792
1 30 -0.463456 -0.349408
2 30 -0.473824 -0.323488
0 31 0.487808 -0.8704
1 31 0.487808 -0.85744
2 31 0.495584 -0.847072
0 32 -0.31312 -0.888544
1 32 -0.318304 -0.867808
2 32 -0.320896 -0.849664
0 33 0.0260002 -0.69976
1 33 0.0233219 -0.679629
2 33 0.0264322 -0.66304
0 34 0.0419842 -0.888544
1 34 0.0357635 -0.872474
2 34 0.0368003 -0.85744
0 35 0.480032 -0.885952
1 35 0.480032 -0.872992
2 35 0.487808 -0.862624
0 36 0.181952 -0.878176
1 36 0.181952 -0.860032
2 36 0.181952 -0.849664
0 37 0.46448 -0.88336
1 37 0.46448 -0.8704
2 37 0.472256 -0.860032
0 38 -0.604979 -0.387251
1 38 -0.623641 -0.356147
2 38 -0.636083 -0.331264
0 39 -0.278387 -0.884915
1 39 -0.281497 -0.866253
2 39 -0.284608 -0.84759
0 40 0.0264323 -0.698291
1 40 0.0233219 -0.68585
2 40 0.0264323 -0.664077
0 41 0.032653 -0.897357
1 41 0.0264323 -0.876828
2 41 0.0264323 -0.863142
0 42 -0.312601 -0.891136
1 42 -0.318822 -0.869363
2 42 -0.321933 -0.850701
0 43 0.0233219 -0.894246
1 43 0.0202115 -0.875584
2 43 0.0202115 -0.860032
0 44 0.0419842 -0.888544
1 44 0.0357635 -0.872474
2 44 0.0357635 -0.856922
0 45 -0.573875 -0.424576
1 45 -0.589427 -0.396582
2 45 -0.598758 -0.371699
0 46 0.0637571 -0.846968
1 46 0.0600246 -0.828306
2 46 0.0600246 -0.813376
0 47 0.149604 -0.858166
1 47 0.145872 -0.843236
2 47 0.149604 -0.828306
0 48 0.0637571 -0.865631
1 48 0.0600246 -0.846968
2 48 0.0600246 -0.832038
0 49 -0.604357 -0.387873
1 49 -0.623019 -0.358013
2 49 -0.634217 -0.331886
0 50 0.0264323 -0.698291
1 50 0.0264323 -0.682739
2 50 0.0264323 -0.664077
0 51 0.179464 -0.876828
1 51 0.179464 -0.861898
2 51 0.179464 -0.846968
