10
0 0 0.43125 -0.47
1 0 0.4655 -0.4525
2 0 0.491 -0.427
0 1 -0.667 -0.3205
1 1 -0.6994 -0.3268
2 1 -0.7495 -0.3235
0 2 0.45152 -0.46432
1 2 0.48824 -0.44488
2 2 0.51416 -0.41896
0 3 0.449447 -0.465011
1 3 0.486772 -0.446349
2 3 0.511655 -0.418355
0 4 -0.68896 -0.427686
1 4 -0.704512 -0.440128
2 4 -0.741837 -0.443238
0 5 0.293927 -0.738726
1 5 0.331252 -0.732506
2 5 0.356135 -0.716954
0 6 0.449447 -0.465011
1 6 0.485527 -0.447593
2 6 0.511655 -0.421465
0 7 -0.701402 -0.410268
1 7 -0.716331 -0.425198
2 7 -0.757389 -0.425198
0 8 -0.697669 -0.399071
1 8 -0.716331 -0.414
2 8 -0.753656 -0.414
0 9 -0.690204 -0.44386
1 9 -0.704512 -0.45879
2 9 -0.742459 -0.462523
