20
0 0 -0.58096 -0.85312
1 0 -0.5788 -0.86824
2 0 -0.5716 -0.8722
0 1 0.00980008 -0.8038
1 1 0.0186562 -0.813376
2 1 0.0260001 -0.8146
0 2 0.152 -0.4024
1 2 0.1592 -0.4024
2 2 0.1664 -0.3934
0 3 -0.58096 -0.85312
1 3 -0.5788 -0.86824
2 3 -0.57232 -0.87256
0 4 0.00828826 -0.8056
1 4 0.0186562 -0.813376
2 4 0.0260002 -0.81424
0 5 0.15128 -0.40168
1 5 0.15992 -0.40384
2 5 0.1664 -0.3952
0 6 0.150848 -0.774496
1 6 0.161216 -0.782272
2 6 0.168992 -0.782272
0 7 0.00828826 -0.8056
1 7 0.0152002 -0.8164
2 7 0.0238403 -0.815968
0 8 0.0160643 -0.803008
1 8 0.0264323 -0.810266
2 8 0.0316163 -0.813376
0 9 0.0419843 -0.779162
1 9 0.0513155 -0.788493
2 9 0.0575363 -0.788493
0 10 0.0160643 -0.803008
1 10 0.0264323 -0.810266
2 10 0.032653 -0.810266
0 11 0.00465946 -0.804045
1 11 0.0139907 -0.813376
2 11 0.0233219 -0.813376
0 12 -0.576985 -0.284608
1 12 -0.595648 -0.287718
2 12 -0.623641 -0.287718
0 13 0.181952 -0.807155
1 13 0.194394 -0.813376
2 13 0.203725 -0.813376
0 14 0.0450947 -0.779784
1 14 0.0525597 -0.787249
2 14 0.0600246 -0.787249
0 15 0.0525597 -0.772319
1 15 0.0600246 -0.779784
2 15 0.0674896 -0.779784
0 16 0.138407 -0.768586
1 16 0.149604 -0.776051
2 16 0.157069 -0.776051
0 17 0.0413623 -0.749924
1 17 0.0525597 -0.757389
2 17 0.0562922 -0.757389
0 18 0.183197 -0.809643
1 18 0.194394 -0.817108
2 18 0.201859 -0.817108
0 19 0.0189673 -0.596892
1 19 0.0264323 -0.600625
2 19 0.0301648 -0.604357
