29
0 0 -0.551042 -0.305208
1 0 -0.55625 -0.308333
2 0 -0.548958 -0.3125
0 1 -0.51 -0.26625
1 1 -0.5225 -0.26875
2 1 -0.51625 -0.27
0 2 -0.670833 -0.282292
1 2 -0.68125 -0.284375
2 2 -0.6775 -0.29
0 3 -0.619 -0.25
1 3 -0.631 -0.2515
2 3 -0.622 -0.2575
0 4 -0.511 -0.2665
1 4 -0.5215 -0.268
2 4 -0.5155 -0.2695
0 5 -0.793 -0.5932
1 5 -0.7885 -0.598
2 5 -0.7606 -0.604
0 6 -0.5122 -0.2674
1 6 -0.5212 -0.2692
2 6 -0.5176 -0.271
0 7 -0.784 -0.5896
1 7 -0.77968 -0.59392
2 7 -0.7516 -0.6004
0 8 -0.51184 -0.26776
1 8 -0.52048 -0.26992
2 8 -0.51616 -0.26992
0 9 -0.31312 -0.76888
1 9 -0.3088 -0.77536
2 9 -0.27856 -0.77752
0 10 -0.29368 -0.69328
1 10 -0.2872 -0.6976
2 10 -0.25912 -0.69976
0 11 -0.510112 -0.269056
1 11 -0.52048 -0.271648
2 11 -0.515296 -0.271648
0 12 -0.618976 -0.250912
1 12 -0.629344 -0.253504
2 12 -0.621568 -0.258688
0 13 0.15344 -0.279424
1 13 0.161216 -0.279424
2 13 0.189728 -0.271648
0 14 -0.31312 -0.769312
1 14 -0.305344 -0.777088
2 14 -0.279424 -0.777088
0 15 -0.253504 -0.748576
1 15 -0.24832 -0.75376
2 15 -0.219808 -0.756352
0 16 -0.511667 -0.269056
1 16 -0.520998 -0.269056
2 16 -0.514777 -0.272166
0 17 -0.617421 -0.250393
1 17 -0.626752 -0.253504
2 17 -0.617421 -0.259725
0 18 -0.794714 -0.589427
1 18 -0.791603 -0.595648
2 18 -0.76361 -0.601869
0 19 0.150848 -0.278387
1 19 0.161216 -0.279424
2 19 0.188173 -0.272166
0 20 -0.312601 -0.76983
1 20 -0.302026 -0.776051
2 20 -0.278387 -0.776051
0 21 -0.838259 -0.76672
1 21 -0.832038 -0.772941
2 21 -0.804045 -0.779162
0 22 -0.872474 -0.791603
1 22 -0.866253 -0.797824
2 22 -0.838259 -0.804045
0 23 -0.293939 -0.695181
1 23 -0.287718 -0.698291
2 23 -0.259725 -0.701402
0 24 -0.860032 -0.545881
1 24 -0.856922 -0.552102
2 24 -0.828928 -0.558323
0 25 0.150848 -0.278387
1 25 0.157069 -0.279631
2 25 0.186929 -0.272166
0 26 -0.843236 -0.522242
1 26 -0.839503 -0.525975
2 26 -0.813376 -0.53344
0 27 -0.835771 -0.768586
1 27 -0.832038 -0.772319
2 27 -0.802178 -0.779784
0 28 -0.783516 -0.59316
1 28 -0.779784 -0.596892
2 28 -0.749924 -0.604357
