48
0 0 0.10375 -0.81375
1 0 0.12 -0.815
2 0 0.14 -0.81875
0 1 -0.242708 -0.811458
1 1 -0.229167 -0.813542
2 1 -0.21125 -0.82125
0 2 0.00375004 -0.835
1 2 0.0170001 -0.8365
2 2 0.04 -0.8425
0 3 -0.30875 -0.485
1 3 -0.30125 -0.4825
2 3 -0.29125 -0.48375
0 4 -0.33875 -0.43875
1 4 -0.3325 -0.435
2 4 -0.32375 -0.435
0 5 0.12625 -0.82875
1 5 0.1425 -0.8325
2 5 0.165 -0.835
0 6 -0.3175 -0.4795
1 6 -0.31 -0.4765
2 6 -0.2995 -0.478
0 7 0.0335 -0.814
1 7 0.0470001 -0.8155
2 7 0.068 -0.82
0 8 -0.274 -0.8125
1 8 -0.262 -0.814
2 8 -0.244 -0.8215
0 9 -0.319 -0.469
1 9 -0.3145 -0.466
2 9 -0.3025 -0.4675
0 10 -0.3178 -0.4798
1 10 -0.3106 -0.4762
2 10 -0.2998 -0.478
0 11 -0.3106 -0.4852
1 11 -0.3034 -0.4816
2 11 -0.2926 -0.4834
0 12 -0.3232 -0.478
1 12 -0.316 -0.4744
2 12 -0.3052 -0.4762
0 13 0.0108802 -0.68464
1 13 0.0242001 -0.685
2 13 0.0440001 -0.6868
0 14 0.1268 -0.829
1 14 0.1412 -0.8326
2 14 0.1646 -0.8344
0 15 -0.3142 -0.4708
1 15 -0.307 -0.4672
2 15 -0.298 -0.469
0 16 0.0332001 -0.7984
1 16 0.0476001 -0.8002
2 16 0.0674001 -0.8038
0 17 0.1034 -0.8128
1 17 0.1178 -0.8146
2 17 0.1412 -0.8182
0 18 0.40616 -0.91576
1 18 0.42776 -0.91792
2 18 0.45584 -0.92008
0 19 0.0108802 -0.686368
1 19 0.0242001 -0.685
2 19 0.0432802 -0.6868
0 20 0.0108802 -0.836704
1 20 0.0238403 -0.839296
2 20 0.0454402 -0.84232
0 21 0.00224012 -0.83368
1 21 0.0152002 -0.83584
2 21 0.0368001 -0.84016
0 22 -0.244 -0.81424
1 22 -0.230176 -0.815968
2 22 -0.212032 -0.823744
0 23 -0.27424 -0.815968
1 23 -0.258688 -0.815968
2 23 -0.243136 -0.823744
0 24 0.0342082 -0.800416
1 24 0.0497602 -0.803008
2 24 0.0704962 -0.8056
0 25 0.0160643 -0.828928
1 25 0.0290243 -0.83152
2 25 0.0497602 -0.836704
0 26 0.0108802 -0.68464
1 26 0.0264323 -0.68585
2 26 0.0445763 -0.686368
0 27 0.00310421 -0.83152
1 27 0.0152002 -0.83584
2 27 0.0368003 -0.839296
0 28 -0.149824 -0.0357758
1 28 -0.141529 -0.0295549
2 28 -0.13168 -0.0279998
0 29 0.032653 -0.800934
1 29 0.0482051 -0.804045
2 29 0.0699778 -0.807155
0 30 0.101082 -0.800934
1 30 0.116634 -0.800934
2 30 0.138407 -0.804045
0 31 0.101082 -0.813376
1 31 0.116634 -0.813376
2 31 0.138407 -0.816486
0 32 0.032653 -0.813376
1 32 0.0482051 -0.813376
2 32 0.0699778 -0.819597
0 33 0.0152349 -0.828306
1 33 0.0295427 -0.832038
2 33 0.0513155 -0.835149
0 34 0.402791 -0.856922
1 34 0.424564 -0.860032
2 34 0.452557 -0.860032
0 35 -0.272166 -0.813376
1 35 -0.259725 -0.816486
2 35 -0.241062 -0.822707
0 36 0.0108803 -0.68585
1 36 0.0264323 -0.690204
2 36 0.0450947 -0.68896
0 37 0.125965 -0.828928
1 37 0.138407 -0.832038
2 37 0.16329 -0.832038
0 38 -0.149824 -0.0357758
1 38 -0.141529 -0.0295549
2 38 -0.132198 -0.0295549
0 39 0.119744 -0.690204
1 39 0.130942 -0.690204
2 39 0.153959 -0.68896
0 40 0.0108803 -0.68585
1 40 0.0264323 -0.690204
2 40 0.0450947 -0.690204
0 41 0.101082 -0.802178
1 41 0.116012 -0.802178
2 41 0.138407 -0.805911
0 42 -0.246039 -0.817108
1 42 -0.234841 -0.817108
2 42 -0.216179 -0.824573
0 43 -0.272166 -0.817108
1 43 -0.257236 -0.817108
2 43 -0.238574 -0.824573
0 44 0.0152349 -0.828306
1 44 0.0301648 -0.832038
2 44 0.0525597 -0.835771
0 45 0.123477 -0.828306
1 45 0.138407 -0.828306
2 45 0.160802 -0.832038
0 46 0.119744 -0.690204
1 46 0.130942 -0.690204
2 46 0.153337 -0.690204
0 47 0.123477 -0.682739
1 47 0.138407 -0.682739
2 47 0.160802 -0.682739
