18
0 0 -0.67384 -0.25696
1 0 -0.6832 -0.2404
2 0 -0.6742 -0.2512
0 1 -0.67384 -0.25696
1 1 -0.6832 -0.2404
2 1 -0.6778 -0.2494
0 2 -0.67384 -0.25696
1 2 -0.6832 -0.2404
2 2 -0.676 -0.25048
0 3 -0.568 -0.27856
1 3 -0.57448 -0.26128
2 3 -0.57232 -0.26776
0 4 -0.568 -0.27856
1 4 -0.57448 -0.26128
2 4 -0.57232 -0.269056
0 5 -0.567136 -0.279424
1 5 -0.574912 -0.26128
2 5 -0.564544 -0.271648
0 6 -0.631936 -0.32608
1 6 -0.639712 -0.307936
2 6 -0.631936 -0.318304
0 7 -0.424576 -0.758944
1 7 -0.415245 -0.741837
2 7 -0.399693 -0.751168
0 8 -0.486784 -0.284608
1 8 -0.489894 -0.265945
2 8 -0.483673 -0.275277
0 9 -0.670297 -0.331264
1 9 -0.679629 -0.315712
2 9 -0.673408 -0.325043
0 10 -0.632973 -0.325043
1 10 -0.639194 -0.309491
2 10 -0.632973 -0.318822
0 11 -0.707622 -0.318822
1 11 -0.716954 -0.30327
2 11 -0.710733 -0.312601
0 12 -0.634217 -0.316956
1 12 -0.641682 -0.298294
2 12 -0.634217 -0.309491
0 13 -0.365478 -0.738726
1 13 -0.358013 -0.723796
2 13 -0.346816 -0.727529
0 14 -0.705134 -0.320688
1 14 -0.716331 -0.302026
2 14 -0.708866 -0.313223
0 15 -0.682739 -0.343083
1 15 -0.686472 -0.328153
2 15 -0.682739 -0.339351
0 16 -0.634217 -0.328153
1 16 -0.641682 -0.309491
2 16 -0.634217 -0.320688
0 17 -0.399071 -0.746191
1 17 -0.391606 -0.727529
2 17 -0.380408 -0.738726
