47
0 0 0.105 -0.8575
1 0 0.10375 -0.86875
2 0 0.10375 -0.885
0 1 -0.585 -0.30625
1 1 -0.59125 -0.305
2 1 -0.5975 -0.305
0 2 0.1055 -0.856
1 2 0.10375 -0.86875
2 2 0.104 -0.8845
0 3 -0.586 -0.307
1 3 -0.592 -0.3055
2 3 -0.598 -0.3055
0 4 -0.5665 -0.3445
1 4 -0.5725 -0.3445
2 4 -0.5785 -0.3445
0 5 -0.8635 -0.52
1 5 -0.874 -0.5185
2 5 -0.8845 -0.5185
0 6 -0.7048 -0.8614
1 6 -0.7156 -0.865
2 6 -0.7282 -0.8722
0 7 -0.5338 -0.3322
1 7 -0.5392 -0.3322
2 7 -0.5446 -0.3322
0 8 -0.707104 -0.862624
1 8 -0.717472 -0.867808
2 8 -0.72784 -0.87256
0 9 -0.42544 -0.3196
1 9 -0.42976 -0.32176
2 9 -0.43192 -0.32392
0 10 0.13832 -0.83368
1 10 0.13832 -0.84664
2 10 0.13832 -0.86176
0 11 -0.75376 -0.85744
1 11 -0.76456 -0.86176
2 11 -0.77752 -0.86824
0 12 -0.7084 -0.85744
1 12 -0.720064 -0.862624
2 12 -0.733024 -0.8704
0 13 0.106784 -0.85744
1 13 0.104192 -0.867808
2 13 0.104192 -0.88336
0 14 0.106784 -0.808192
1 14 0.106784 -0.81856
2 14 0.106784 -0.834112
0 15 0.137888 -0.834112
1 15 0.137888 -0.847072
2 15 0.137888 -0.860032
0 16 0.14048 -0.8056
1 16 0.14048 -0.815968
2 16 0.143072 -0.83152
0 17 -0.71488 -0.854848
1 17 -0.725248 -0.860032
2 17 -0.738208 -0.865216
0 18 0.1016 -0.813376
1 18 0.1016 -0.826336
2 18 0.1016 -0.841888
0 19 0.191284 -0.804045
1 19 0.191284 -0.816486
2 19 0.194394 -0.832038
0 20 0.185063 -0.800934
1 20 0.185063 -0.813376
2 20 0.188173 -0.828928
0 21 0.104814 -0.809643
1 21 0.104814 -0.820841
2 21 0.104192 -0.835149
0 22 0.101082 -0.813376
1 22 0.101082 -0.825818
2 22 0.101082 -0.84137
0 23 0.107303 -0.856922
1 23 0.104192 -0.869363
2 23 0.104192 -0.884915
0 24 0.132186 -0.853811
1 24 0.132186 -0.866253
2 24 0.132186 -0.881805
0 25 -0.424576 -0.321933
1 25 -0.427686 -0.321933
2 25 -0.430797 -0.325043
0 26 0.138407 -0.835149
1 26 0.138407 -0.84759
2 26 0.138407 -0.863142
0 27 -0.707622 -0.863142
1 27 -0.716954 -0.869363
2 27 -0.729395 -0.875584
0 28 -0.437017 -0.343705
1 28 -0.440128 -0.346816
2 28 -0.443238 -0.346816
0 29 -0.738726 -0.860032
1 29 -0.751168 -0.863142
2 29 -0.76361 -0.869363
0 30 -0.709696 -0.85744
1 30 -0.720064 -0.863142
2 30 -0.732506 -0.869363
0 31 -0.446349 -0.346816
1 31 -0.449459 -0.346816
2 31 -0.452569 -0.349926
0 32 0.186929 -0.802178
1 32 0.183197 -0.813376
2 32 0.186929 -0.828306
0 33 0.108547 -0.854433
1 33 0.104814 -0.869363
2 33 0.104814 -0.884293
0 34 -0.708866 -0.865631
1 34 -0.716331 -0.869363
2 34 -0.731261 -0.876828
0 35 -0.757389 -0.861898
1 35 -0.768586 -0.865631
2 35 -0.783516 -0.873096
0 36 0.194394 -0.805911
1 36 0.191284 -0.816486
2 36 0.194394 -0.832038
0 37 0.157069 -0.805911
1 37 0.157069 -0.817108
2 37 0.157069 -0.832038
0 38 -0.779784 -0.861898
1 38 -0.790981 -0.865631
2 38 -0.805911 -0.869363
0 39 -0.738726 -0.861898
1 39 -0.749924 -0.865631
2 39 -0.761121 -0.869363
0 40 -0.425198 -0.320688
1 40 -0.427686 -0.321933
2 40 -0.42893 -0.324421
0 41 0.112279 -0.805911
1 41 0.112279 -0.817108
2 41 0.112279 -0.832038
0 42 0.104814 -0.809643
1 42 0.104814 -0.820841
2 42 0.104814 -0.835771
0 43 0.142139 -0.824573
1 43 0.142139 -0.835771
2 43 0.142139 -0.850701
0 44 0.101082 -0.817108
1 44 0.101082 -0.828306
2 44 0.101082 -0.843236
0 45 0.198126 -0.813376
1 45 0.198126 -0.828306
2 45 0.198126 -0.843236
0 46 -0.436395 -0.346816
1 46 -0.440128 -0.346816
2 46 -0.44386 -0.350548
