26
0 0 -0.5665 -0.2995
1 0 -0.5665 -0.277
2 0 -0.574 -0.2605
0 1 -0.5662 -0.2998
1 1 -0.568 -0.27856
2 1 -0.57448 -0.26128
0 2 -0.42112 -0.78184
1 2 -0.40816 -0.75808
2 2 -0.40168 -0.7408
0 3 -0.43624 -0.784
1 3 -0.42544 -0.76024
2 3 -0.4168 -0.74296
0 4 -0.678592 -0.367552
1 4 -0.681184 -0.341632
2 4 -0.68896 -0.32608
0 5 -0.70192 -0.3412
1 5 -0.707104 -0.318304
2 5 -0.71488 -0.302752
0 6 -0.631936 -0.336448
1 6 -0.631936 -0.315712
2 6 -0.63712 -0.30016
0 7 -0.567136 -0.31312
1 7 -0.567136 -0.289792
2 7 -0.574912 -0.271648
0 8 -0.427168 -0.712288
1 8 -0.4168 -0.68896
2 8 -0.409024 -0.670816
0 9 -0.37792 -0.761536
1 9 -0.36496 -0.7408
2 9 -0.357184 -0.722656
0 10 -0.434944 -0.782272
1 10 -0.424576 -0.758944
2 10 -0.4168 -0.743392
0 11 -0.68896 -0.353037
1 11 -0.68896 -0.334374
2 11 -0.698291 -0.315712
0 12 -0.564544 -0.306381
1 12 -0.564544 -0.281497
2 12 -0.573875 -0.262835
0 13 -0.437017 -0.785382
1 13 -0.424576 -0.758944
2 13 -0.415245 -0.741837
0 14 0.0202115 -0.321933
1 14 0.0357635 -0.297049
2 14 0.0388739 -0.275277
0 15 -0.427686 -0.713843
1 15 -0.418355 -0.68896
2 15 -0.409024 -0.673408
0 16 -0.701402 -0.343083
1 16 -0.705134 -0.320688
2 16 -0.716331 -0.302026
0 17 -0.690204 -0.358013
1 17 -0.690204 -0.335618
2 17 -0.697669 -0.320688
0 18 -0.499848 -0.309491
1 18 -0.496115 -0.290829
2 18 -0.499848 -0.272166
0 19 0.0189673 -0.324421
1 19 0.0357635 -0.297049
2 19 0.0376298 -0.275899
0 20 -0.432663 -0.779784
1 20 -0.421465 -0.761121
2 20 -0.410268 -0.742459
0 21 -0.432663 -0.779784
1 21 -0.421465 -0.761121
2 21 -0.417733 -0.742459
0 22 -0.421465 -0.779784
1 22 -0.410268 -0.757389
2 22 -0.402803 -0.742459
0 23 -0.410268 -0.768586
1 23 -0.399071 -0.746191
2 23 -0.391606 -0.727529
0 24 -0.37792 -0.760499
1 24 -0.365478 -0.738726
2 24 -0.358013 -0.723796
0 25 -0.611822 -0.335618
1 25 -0.611822 -0.313223
2 25 -0.615554 -0.298294
