48
0 0 -0.3275 -0.465
1 0 -0.32625 -0.46
2 0 -0.31875 -0.460417
0 1 0.0912501 -0.81375
1 1 0.10375 -0.81375
2 1 0.12 -0.815
0 2 -0.31375 -0.48
1 2 -0.3125 -0.475
2 2 -0.30625 -0.47125
0 3 -0.00249996 -0.8375
1 3 0.00950006 -0.838
2 3 0.023 -0.8395
0 4 -0.283 -0.811
1 4 -0.274 -0.8125
2 4 -0.262 -0.814
0 5 -0.325 -0.481
1 5 -0.3235 -0.4765
2 5 -0.316 -0.4735
0 6 -0.316 -0.475
1 6 -0.3145 -0.4705
2 6 -0.307 -0.4675
0 7 -0.00699997 -0.835
1 7 0.00375004 -0.835
2 7 0.0170001 -0.8365
0 8 0.314 -0.898
1 8 0.3305 -0.898
2 8 0.35 -0.8995
0 9 0.0242001 -0.9316
1 9 0.0386001 -0.9316
2 9 0.0530001 -0.9352
0 10 0.0224001 -0.8002
1 10 0.0332001 -0.7984
2 10 0.0476001 -0.8002
0 11 -0.00249996 -0.8375
1 11 0.00950006 -0.838
2 11 0.0224001 -0.8398
0 12 -0.00624994 -0.835
1 12 0.0026001 -0.8344
2 12 0.0170001 -0.8362
0 13 0.000800069 -0.6868
1 13 0.0108802 -0.68464
2 13 0.0242001 -0.685
0 14 -0.3124 -0.4888
1 14 -0.3106 -0.4852
2 14 -0.3034 -0.4816
0 15 -0.325 -0.4816
1 15 -0.3232 -0.478
2 15 -0.316 -0.4744
0 16 0.1142 -0.8308
1 16 0.1268 -0.829
2 16 0.1412 -0.8326
0 17 -0.28288 -0.81424
1 17 -0.27424 -0.81424
2 17 -0.26128 -0.8164
0 18 -0.00855986 -0.83368
1 18 0.00224012 -0.83368
2 18 0.0152002 -0.83584
0 19 0.38672 -0.8596
1 19 0.404 -0.85744
2 19 0.4256 -0.8596
0 20 0.30248 -0.86824
1 20 0.3176 -0.86608
2 20 0.33704 -0.86824
0 21 0.1124 -0.82936
1 21 0.12536 -0.82936
2 21 0.14048 -0.83152
0 22 0.38672 -0.917056
1 22 0.404864 -0.914464
2 22 0.4256 -0.919648
0 23 0.00154908 -0.68896
1 23 0.0108802 -0.68464
2 23 0.0264322 -0.686368
0 24 -0.149824 -0.0409598
1 24 -0.149824 -0.0357758
2 24 -0.142048 -0.0305918
0 25 0.0238403 -0.800416
1 25 0.0342082 -0.800416
2 25 0.0497602 -0.803008
0 26 0.0233219 -0.813376
1 26 0.0342082 -0.813376
2 26 0.0471682 -0.815968
0 27 -0.253504 -0.813376
1 27 -0.245728 -0.813376
2 27 -0.23536 -0.815968
0 28 0.301184 -0.867808
1 28 0.316736 -0.865216
2 28 0.337472 -0.867808
0 29 0.00440013 -0.82936
1 29 0.0152002 -0.82936
2 29 0.0290243 -0.83152
0 30 0.122336 -0.836704
1 30 0.135296 -0.836704
2 30 0.150848 -0.839296
0 31 0.00154908 -0.68896
1 31 0.0108802 -0.68464
2 31 0.0264323 -0.68585
0 32 0.0886403 -0.800934
1 32 0.101082 -0.800934
2 32 0.116634 -0.800934
0 33 0.0233219 -0.800934
1 33 0.032653 -0.800934
2 33 0.0482051 -0.804045
0 34 0.0886403 -0.813376
1 34 0.101082 -0.813376
2 34 0.116634 -0.813376
0 35 0.0233219 -0.813376
1 35 0.032653 -0.813376
2 35 0.0482051 -0.813376
0 36 0.00465946 -0.828928
1 36 0.0139907 -0.828928
2 36 0.0295427 -0.832038
0 37 0.384128 -0.860032
1 37 0.402791 -0.856922
2 37 0.424564 -0.860032
0 38 0.119744 -0.835149
1 38 0.132186 -0.835149
2 38 0.147738 -0.838259
0 39 -0.149824 -0.0409598
1 39 -0.149824 -0.0357758
2 39 -0.141529 -0.0295549
0 40 -0.761121 -0.320688
1 40 -0.779162 -0.30327
2 40 -0.787249 -0.294561
0 41 0.00154908 -0.68896
1 41 0.0108803 -0.68585
2 41 0.0264323 -0.690204
0 42 -0.253504 -0.817108
1 42 -0.246039 -0.817108
2 42 -0.234841 -0.817108
0 43 -0.279631 -0.813376
1 43 -0.272166 -0.817108
2 43 -0.257236 -0.817108
0 44 0.112279 -0.828306
1 44 0.123477 -0.828306
2 44 0.138407 -0.828306
0 45 0.00403741 -0.832038
1 45 0.0152349 -0.828306
2 45 0.0301648 -0.832038
0 46 0.108547 -0.693937
1 46 0.119744 -0.690204
2 46 0.130942 -0.690204
0 47 0.194394 -0.854433
1 47 0.209324 -0.850701
2 47 0.224254 -0.854433
