22
0 0 -0.0249999 -0.76
1 0 -0.016 -0.7435
2 0 -0.000999959 -0.7495
0 1 -0.0189999 -0.9442
1 1 -0.00819988 -0.9298
2 1 0.0116001 -0.9388
0 2 -0.000999896 -0.883
1 2 0.00980008 -0.8668
2 2 0.0278001 -0.8758
0 3 -0.0513278 -0.782272
1 3 -0.0409599 -0.76672
2 3 -0.0279999 -0.77536
0 4 -0.00207984 -0.88336
1 4 0.00980008 -0.8668
2 4 0.0281602 -0.87688
0 5 -0.0513278 -0.782272
1 5 -0.0409598 -0.76672
2 5 -0.0279998 -0.774496
0 6 -0.00207977 -0.88336
1 6 0.00828826 -0.867808
2 6 0.0264322 -0.878176
0 7 -0.0279998 -0.764128
1 7 -0.0202237 -0.748576
2 7 -0.00467173 -0.75376
0 8 0.264896 -0.681184
1 8 0.280448 -0.66304
2 8 0.298592 -0.660448
0 9 -0.0513278 -0.782272
1 9 -0.0419965 -0.76672
2 9 -0.0264446 -0.772941
0 10 -0.0295549 -0.76361
1 10 -0.0202237 -0.748058
2 10 -0.00467173 -0.754278
0 11 -0.0233341 -0.757389
1 11 -0.0140029 -0.741837
2 11 0.00154908 -0.748058
0 12 -0.0295549 -0.741837
1 12 -0.0202237 -0.723174
2 12 -0.00467173 -0.729395
0 13 0.0730883 -0.6112
1 13 0.0855298 -0.592537
2 13 0.0979715 -0.592537
0 14 0.0544259 -0.477453
1 14 0.0637571 -0.45568
2 14 0.0730883 -0.452569
0 15 -0.0176318 -0.88336
1 15 -0.00778211 -0.869363
2 15 0.0108803 -0.878694
0 16 -0.00207977 -0.88336
1 16 0.0077699 -0.869363
2 16 0.0264323 -0.878694
0 17 -0.045107 -0.623641
1 17 -0.0357758 -0.603424
2 17 -0.0264446 -0.60809
0 18 0.0712221 -0.611822
1 18 0.0824195 -0.59316
2 18 0.0973494 -0.59316
0 19 -0.045107 -0.623641
1 19 -0.0357758 -0.604979
2 19 -0.0258224 -0.611822
0 20 0.291438 -0.701402
1 20 0.306368 -0.682739
2 20 0.325031 -0.679007
0 21 0.0600246 -0.477453
1 21 0.0674896 -0.455058
2 21 0.078687 -0.455058
