14
0 0 -0.4852 -0.3412
1 0 -0.499 -0.346
2 0 -0.4942 -0.3484
0 1 -0.5935 -0.274
1 1 -0.6148 -0.28
2 1 -0.6094 -0.2818
0 2 -0.6472 -0.6562
1 2 -0.6472 -0.667
2 2 -0.6292 -0.6778
0 3 -0.595 -0.2638
1 3 -0.61552 -0.26992
2 3 -0.613 -0.2692
0 4 -0.5815 -0.2605
1 4 -0.6022 -0.2638
2 4 -0.6004 -0.2638
0 5 -0.65656 -0.66304
1 5 -0.65656 -0.67384
2 5 -0.63928 -0.68464
0 6 -0.595 -0.2638
1 6 -0.61552 -0.26992
2 6 -0.61336 -0.26992
0 7 -0.5824 -0.2602
1 7 -0.6022 -0.2638
2 7 -0.6004 -0.26344
0 8 -0.59392 -0.26344
1 8 -0.616384 -0.271648
2 8 -0.6112 -0.271648
0 9 -0.76672 -0.587872
1 9 -0.771904 -0.600832
2 9 -0.75376 -0.608608
0 10 -0.45879 -0.297049
1 10 -0.471232 -0.30016
2 10 -0.468121 -0.30016
0 11 -0.465011 -0.290829
1 11 -0.480563 -0.293939
2 11 -0.474342 -0.293939
0 12 -0.592537 -0.265945
1 12 -0.61431 -0.269056
2 12 -0.6112 -0.272166
0 13 -0.657856 -0.660966
1 13 -0.660344 -0.671542
2 13 -0.641682 -0.682739
