44
0 0 -0.56625 -0.30875
1 0 -0.56875 -0.3125
2 0 -0.56875 -0.315
0 1 -0.9295 -0.592
1 1 -0.9235 -0.604
2 1 -0.9175 -0.6115
0 2 -0.5665 -0.3085
1 2 -0.568 -0.313
2 2 -0.5665 -0.316
0 3 -0.667 -0.37
1 3 -0.6688 -0.3754
2 3 -0.6706 -0.379
0 4 -0.9298 -0.5914
1 4 -0.9244 -0.604
2 4 -0.9172 -0.6112
0 5 -0.6796 -0.3556
1 5 -0.6814 -0.3628
2 5 -0.6832 -0.3664
0 6 -0.469 -0.7714
1 6 -0.4564 -0.7822
2 6 -0.4474 -0.7876
0 7 -0.0171999 -0.334
1 7 -0.00639985 -0.33688
2 7 0.00620009 -0.3394
0 8 -0.5266 -0.3646
1 8 -0.5266 -0.37
2 8 -0.5266 -0.3736
0 9 -0.4438 -0.7552
1 9 -0.433 -0.7642
2 9 -0.424 -0.7714
0 10 -0.66304 -0.37792
1 10 -0.66304 -0.3844
2 10 -0.6652 -0.38872
0 11 -0.5032 -0.32824
1 11 -0.5032 -0.33256
2 11 -0.50104 -0.33688
0 12 -0.0171999 -0.334
1 12 -0.00639985 -0.33688
2 12 0.00440013 -0.33904
0 13 -0.92224 -0.58744
1 13 -0.91576 -0.6004
2 13 -0.90928 -0.60688
0 14 -0.46864 -0.77104
1 14 -0.45568 -0.78184
2 14 -0.44704 -0.78832
0 15 -0.93088 -0.5896
1 15 -0.9244 -0.60256
2 15 -0.91792 -0.6112
0 16 -0.52696 -0.36496
1 16 -0.52696 -0.36928
2 16 -0.52696 -0.3736
0 17 -0.668224 -0.284608
1 17 -0.66952 -0.28936
2 17 -0.66952 -0.29368
0 18 -0.63064 -0.34984
1 18 -0.6328 -0.35632
2 18 -0.6328 -0.36064
0 19 -0.46 -0.70192
1 19 -0.4492 -0.71056
2 19 -0.44056 -0.71704
0 20 -0.41032 -0.7516
1 20 -0.39736 -0.76456
2 20 -0.38872 -0.76888
0 21 -0.70192 -0.333856
1 21 -0.704512 -0.33904
2 21 -0.707104 -0.344224
0 22 -0.631936 -0.341632
1 22 -0.631936 -0.346816
2 22 -0.631936 -0.352
0 23 -0.46864 -0.771904
1 23 -0.45568 -0.782272
2 23 -0.447904 -0.787456
0 24 -0.460864 -0.70192
1 24 -0.447904 -0.712288
2 24 -0.440128 -0.717472
0 25 -0.409024 -0.75376
1 25 -0.398656 -0.761536
2 25 -0.388288 -0.769312
0 26 -0.0202237 -0.333856
1 26 -0.00716 -0.335618
2 26 0.00154908 -0.337485
0 27 -0.632973 -0.337485
1 27 -0.632973 -0.343705
2 27 -0.632973 -0.349926
0 28 -0.632973 -0.349926
1 28 -0.632973 -0.356147
2 28 -0.632973 -0.359257
0 29 -0.707622 -0.331264
1 29 -0.710733 -0.337485
2 29 -0.713843 -0.340595
0 30 -0.468121 -0.76983
1 30 -0.45568 -0.782272
2 30 -0.446349 -0.785382
0 31 -0.61431 -0.334374
1 31 -0.61431 -0.340595
2 31 -0.61431 -0.346816
0 32 -0.676518 -0.365478
1 32 -0.676518 -0.371699
2 32 -0.679629 -0.374809
0 33 -0.452569 -0.76983
1 33 -0.443238 -0.779162
2 33 -0.433907 -0.785382
0 34 -0.449459 -0.701402
1 34 -0.437017 -0.710733
2 34 -0.427686 -0.716954
0 35 -0.412134 -0.751168
1 35 -0.396582 -0.76361
2 35 -0.390361 -0.76983
0 36 -0.634217 -0.350548
1 36 -0.634217 -0.358013
2 36 -0.634217 -0.361746
0 37 -0.634217 -0.339351
1 37 -0.634217 -0.346816
2 37 -0.634217 -0.350548
0 38 -0.466255 -0.768586
1 38 -0.455058 -0.779784
2 38 -0.447593 -0.787249
0 39 -0.708866 -0.331886
1 39 -0.712599 -0.339351
2 39 -0.712599 -0.343083
0 40 -0.410268 -0.753656
1 40 -0.399071 -0.761121
2 40 -0.391606 -0.768586
0 41 0.38475 -0.0930071
1 41 0.395948 -0.0855421
2 41 0.418343 -0.0818097
0 42 -0.727529 -0.260969
1 42 -0.734994 -0.264701
2 42 -0.746191 -0.264701
0 43 -0.455058 -0.768586
1 43 -0.44386 -0.779784
2 43 -0.432663 -0.787249
