26
0 0 -0.478 -0.766
1 0 -0.487 -0.7498
2 0 -0.4942 -0.7606
0 1 0.171584 -0.90928
1 1 0.168992 -0.893728
2 1 0.16856 -0.9028
0 2 -0.6112 -0.3628
1 2 -0.6328 -0.3412
2 2 -0.64792 -0.34768
0 3 -0.676 -0.34552
1 3 -0.69976 -0.32608
2 3 -0.71704 -0.3304
0 4 -0.47728 -0.76456
1 4 -0.48592 -0.74944
2 4 -0.49456 -0.76024
0 5 0.171584 -0.90928
1 5 0.168992 -0.893728
2 5 0.168992 -0.904096
0 6 0.226016 -0.904096
1 6 0.223424 -0.888544
2 6 0.226016 -0.898912
0 7 -0.419392 -0.748576
1 7 -0.427168 -0.733024
2 7 -0.434944 -0.7408
0 8 -0.476416 -0.764128
1 8 -0.486784 -0.748576
2 8 -0.49456 -0.758944
0 9 -0.0409598 -0.341632
1 9 -0.0482173 -0.324421
2 9 -0.0487357 -0.32608
0 10 -0.471232 -0.696736
1 10 -0.479008 -0.681184
2 10 -0.486784 -0.691552
0 11 0.228608 -0.903578
1 11 0.222388 -0.888026
2 11 0.225498 -0.900467
0 12 -0.654746 -0.374809
1 12 -0.676518 -0.356147
2 12 -0.69207 -0.362368
0 13 -0.0409598 -0.341632
1 13 -0.0482173 -0.324421
2 13 -0.0513278 -0.325043
0 14 -0.45879 -0.698291
1 14 -0.468121 -0.682739
2 14 -0.474342 -0.68896
0 15 -0.471232 -0.698291
1 15 -0.480563 -0.682739
2 15 -0.486784 -0.69207
0 16 -0.421465 -0.748058
1 16 -0.427686 -0.732506
2 16 -0.437017 -0.741837
0 17 -0.477453 -0.76361
1 17 -0.486784 -0.748058
2 17 -0.493005 -0.757389
0 18 0.340583 -0.116646
1 18 0.339961 -0.0967396
2 18 0.337472 -0.0948734
0 19 -0.453088 -0.733024
1 19 -0.460864 -0.717472
2 19 -0.468121 -0.726285
0 20 -0.615554 -0.350548
1 20 -0.634217 -0.331886
2 20 -0.649147 -0.339351
0 21 -0.477453 -0.764854
1 21 -0.481185 -0.749924
2 21 -0.492383 -0.757389
0 22 -0.462523 -0.764854
1 22 -0.469988 -0.746191
2 22 -0.477453 -0.757389
0 23 0.339961 -0.119134
1 23 0.339961 -0.0967396
2 23 0.339961 -0.0967396
0 24 -0.421465 -0.746191
1 24 -0.42893 -0.731261
2 24 -0.436395 -0.742459
0 25 -0.455058 -0.753656
1 25 -0.462523 -0.734994
2 25 -0.469988 -0.746191
