8
0 0 -0.5065 -0.3685
1 0 -0.4765 -0.361
2 0 -0.469 -0.367
0 1 -0.622 -0.4645
1 1 -0.58375 -0.46
2 1 -0.5725 -0.469
0 2 -0.478 -0.307
1 2 -0.4456 -0.2998
2 2 -0.4384 -0.3016
0 3 -0.61768 -0.46432
1 3 -0.58096 -0.46
2 3 -0.56584 -0.46864
0 4 -0.479008 -0.315712
1 4 -0.447904 -0.307936
2 4 -0.44272 -0.310528
0 5 -0.497152 -0.294976
1 5 -0.466048 -0.2872
2 5 -0.460864 -0.289792
0 6 -0.479008 -0.315712
1 6 -0.449459 -0.309491
2 6 -0.443238 -0.312601
0 7 -0.729395 -0.598758
1 7 -0.667187 -0.589427
2 7 -0.626752 -0.592537
