22
0 0 -0.472 -0.3355
1 0 -0.481 -0.3415
2 0 -0.4825 -0.3505
0 1 -0.4765 -0.3385
1 1 -0.4855 -0.3445
2 1 -0.487 -0.352
0 2 -0.7975 -0.565
1 2 -0.787 -0.574
2 2 -0.763 -0.589
0 3 -0.7516 -0.5842
1 3 -0.7426 -0.5932
2 3 -0.7174 -0.6076
0 4 -0.4222 -0.6814
1 4 -0.4096 -0.6904
2 4 -0.3844 -0.7012
0 5 -0.6004 -0.4168
1 5 -0.6076 -0.4222
2 5 -0.604 -0.4348
0 6 -0.4132 -0.6706
1 6 -0.3988 -0.6814
2 6 -0.3736 -0.6922
0 7 -0.48376 -0.91792
1 7 -0.47296 -0.93088
2 7 -0.4474 -0.9442
0 8 -0.4186 -0.2494
1 8 -0.4258 -0.2512
2 8 -0.4258 -0.2584
0 9 -0.63928 -0.88984
1 9 -0.6328 -0.9028
2 9 -0.60472 -0.91792
0 10 -0.79912 -0.55072
1 10 -0.78832 -0.55936
2 10 -0.76456 -0.57448
0 11 -0.838 -0.85528
1 11 -0.83152 -0.86608
2 11 -0.8056 -0.88336
0 12 -0.42328 -0.68032
1 12 -0.41032 -0.68896
2 12 -0.38224 -0.70192
0 13 -0.47944 -0.33904
1 13 -0.48808 -0.34336
2 13 -0.48808 -0.352
0 14 -0.6004 -0.4168
1 14 -0.6076 -0.4222
2 14 -0.60472 -0.43408
0 15 -0.53992 -0.63712
1 15 -0.52912 -0.64576
2 15 -0.5032 -0.65872
0 16 -0.54856 -0.61552
1 16 -0.5356 -0.62632
2 16 -0.51184 -0.63712
0 17 -0.751168 -0.58528
1 17 -0.7408 -0.593056
2 17 -0.717472 -0.608608
0 18 -0.657856 -0.885952
1 18 -0.65008 -0.898912
2 18 -0.621568 -0.914464
0 19 -0.709696 -0.590464
1 19 -0.694144 -0.600832
2 19 -0.673408 -0.613792
0 20 -0.53655 -0.636083
1 20 -0.527219 -0.645414
2 20 -0.502336 -0.657856
0 21 -0.542771 -0.595648
1 21 -0.530329 -0.604979
2 21 -0.505446 -0.617421
