23
0 0 -0.61875 -0.269792
1 0 -0.615625 -0.269792
2 0 -0.625 -0.265625
0 1 -0.736 -0.8965
1 1 -0.721 -0.91
2 1 -0.7135 -0.922
0 2 -0.499 -0.346
1 2 -0.493 -0.349
2 2 -0.4975 -0.3475
0 3 -0.655 -0.6745
1 3 -0.6385 -0.685
2 3 -0.628 -0.694
0 4 -0.6562 -0.6742
1 4 -0.63928 -0.68464
2 4 -0.6292 -0.694
0 5 -0.6475 -0.6655
1 5 -0.6295 -0.6775
2 5 -0.6202 -0.685
0 6 -0.499 -0.346
1 6 -0.4942 -0.3484
2 6 -0.4978 -0.3466
0 7 -0.61552 -0.26992
1 7 -0.613 -0.2692
2 7 -0.6238 -0.2656
0 8 -0.77104 -0.59824
1 8 -0.75376 -0.60688
2 8 -0.74512 -0.61768
0 9 -0.61552 -0.26992
1 9 -0.61336 -0.26992
2 9 -0.62416 -0.2656
0 10 -0.64792 -0.66736
1 10 -0.62848 -0.67816
2 10 -0.61984 -0.6868
0 11 -0.65656 -0.67384
1 11 -0.63928 -0.68464
2 11 -0.63064 -0.69328
0 12 -0.616384 -0.271648
1 12 -0.61336 -0.26992
2 12 -0.62416 -0.266464
0 13 -0.46864 -0.302752
1 13 -0.463456 -0.302752
2 13 -0.46864 -0.30016
0 14 -0.648525 -0.670297
1 14 -0.629862 -0.679629
2 14 -0.620531 -0.68896
0 15 -0.629862 -0.356147
1 15 -0.623641 -0.359257
2 15 -0.626752 -0.359257
0 16 -0.480563 -0.293939
1 16 -0.474342 -0.293939
2 16 -0.480563 -0.290829
0 17 -0.61431 -0.269056
1 17 -0.6112 -0.272166
2 17 -0.623641 -0.265945
0 18 -0.76983 -0.598758
1 18 -0.754278 -0.60809
2 18 -0.744947 -0.617421
0 19 -0.729395 -0.617421
1 19 -0.710733 -0.626752
2 19 -0.701402 -0.636083
0 20 -0.615554 -0.272166
1 20 -0.611822 -0.272166
2 20 -0.623019 -0.268434
0 21 -0.731261 -0.615554
1 21 -0.712599 -0.626752
2 21 -0.705134 -0.634217
0 22 -0.660344 -0.671542
1 22 -0.641682 -0.682739
2 22 -0.634217 -0.690204
