15
0 0 -0.832 -0.085
1 0 -0.8635 -0.0895
2 0 -0.86125 -0.10125
0 1 -0.8326 -0.0855999
1 1 -0.8665 -0.0895
2 1 -0.86125 -0.10375
0 2 -0.8326 -0.0855999
1 2 -0.8635 -0.0895
2 2 -0.859 -0.106
0 3 -0.8326 -0.0855999
1 3 -0.8632 -0.0909999
2 3 -0.8596 -0.1054
0 4 -0.6472 -0.3736
1 4 -0.667 -0.3844
2 4 -0.6544 -0.3916
0 5 -0.83152 -0.0863199
1 5 -0.862624 -0.0927998
2 5 -0.8596 -0.10576
0 6 -0.64792 -0.3736
1 6 -0.6652 -0.3844
2 6 -0.6544 -0.38872
0 7 0.6164 -0.4726
1 7 0.6866 -0.4456
2 7 0.78416 -0.40816
0 8 -0.83152 -0.0863199
1 8 -0.862624 -0.0927998
2 8 -0.860032 -0.10576
0 9 -0.832038 -0.0855422
1 9 -0.863142 -0.0917629
2 9 -0.860032 -0.107315
0 10 -0.832038 -0.0855422
1 10 -0.861898 -0.0967396
2 10 -0.858166 -0.111669
0 11 -0.574497 -0.320688
1 11 -0.589427 -0.328153
2 11 -0.574497 -0.335618
0 12 -0.664077 -0.242306
1 12 -0.682739 -0.253504
2 12 -0.675274 -0.264701
0 13 0.617408 -0.471232
1 13 0.687081 -0.44386
2 13 0.787858 -0.406536
0 14 -0.637949 -0.380408
1 14 -0.656612 -0.387873
2 14 -0.645414 -0.399071
