45
0 0 -0.7 -0.294792
1 0 -0.708333 -0.283333
2 0 -0.714583 -0.271875
0 1 -0.7 -0.294792
1 1 -0.7075 -0.28375
2 1 -0.71375 -0.27125
0 2 -0.904 -0.8605
1 2 -0.895 -0.8665
2 2 -0.868 -0.8665
0 3 -0.79375 -0.37625
1 3 -0.8005 -0.3685
2 3 -0.805 -0.3625
0 4 -0.8524 -0.8524
1 4 -0.83875 -0.86
2 4 -0.8125 -0.8605
0 5 -0.8785 -0.313
1 5 -0.8875 -0.304
2 5 -0.898 -0.295
0 6 -0.7 -0.295
1 6 -0.7075 -0.2845
2 6 -0.715 -0.2725
0 7 -0.8095 -0.6745
1 7 -0.796 -0.6775
2 7 -0.775 -0.679
0 8 -0.346 -0.8185
1 8 -0.331 -0.823
2 8 -0.3055 -0.823
0 9 -0.7 -0.295
1 9 -0.7066 -0.2836
2 9 -0.7138 -0.2728
0 10 -0.8776 -0.3142
1 10 -0.8884 -0.3034
2 10 -0.8974 -0.2962
0 11 -0.8272 -0.3556
1 11 -0.8344 -0.3484
2 11 -0.8398 -0.3412
0 12 -0.8524 -0.8524
1 12 -0.8398 -0.8614
2 12 -0.8128 -0.8614
0 13 -0.793 -0.3775
1 13 -0.802 -0.3682
2 13 -0.8056 -0.3628
0 14 -0.3448 -0.8182
1 14 -0.3322 -0.8218
2 14 -0.3052 -0.8218
0 15 -0.8092 -0.6742
1 15 -0.7966 -0.6778
2 15 -0.775 -0.6796
0 16 -0.8254 -0.6724
1 16 -0.8128 -0.676
2 16 -0.7912 -0.676
0 17 -0.6994 -0.2962
1 17 -0.7084 -0.28288
2 17 -0.71488 -0.27208
0 18 -0.838 -0.68464
1 18 -0.82504 -0.68896
2 18 -0.80344 -0.68896
0 19 -0.34552 -0.81856
1 19 -0.3304 -0.82288
2 19 -0.30448 -0.82288
0 20 -0.80992 -0.676
1 20 -0.79696 -0.67816
2 20 -0.77536 -0.68032
0 21 -0.32176 -0.73432
1 21 -0.30664 -0.73864
2 21 -0.28072 -0.73648
0 22 -0.810784 -0.676
1 22 -0.797824 -0.678592
2 22 -0.774496 -0.681184
0 23 -0.699328 -0.297568
1 23 -0.707104 -0.284608
2 23 -0.712288 -0.27424
0 24 -0.79264 -0.383104
1 24 -0.797824 -0.375328
2 24 -0.800416 -0.370144
0 25 -0.320896 -0.735616
1 25 -0.307936 -0.7408
2 25 -0.282016 -0.738208
0 26 -0.89632 -0.841888
1 26 -0.885952 -0.847072
2 26 -0.860032 -0.847072
0 27 -0.344224 -0.81856
1 27 -0.328672 -0.821152
2 27 -0.302752 -0.821152
0 28 -0.2872 -0.797824
1 28 -0.271648 -0.803008
2 28 -0.243136 -0.800416
0 29 -0.813376 -0.68896
1 29 -0.800416 -0.691552
2 29 -0.777088 -0.694144
0 30 -0.336448 -0.738208
1 30 -0.321933 -0.741837
2 30 -0.297568 -0.7408
0 31 -0.794714 -0.38103
1 31 -0.797824 -0.374809
2 31 -0.800934 -0.368589
0 32 -0.800934 -0.676518
1 32 -0.788493 -0.679629
2 32 -0.76672 -0.679629
0 33 0.125965 -0.269056
1 33 0.145872 -0.264701
2 33 0.175732 -0.250393
0 34 -0.328153 -0.816486
1 34 -0.315712 -0.819597
2 34 -0.287718 -0.819597
0 35 -0.84137 -0.651635
1 35 -0.828928 -0.651635
2 35 -0.807155 -0.654746
0 36 -0.894246 -0.84137
1 36 -0.884915 -0.84759
2 36 -0.860032 -0.84759
0 37 -0.873096 -0.873096
1 37 -0.858166 -0.876828
2 37 -0.832038 -0.876828
0 38 -0.787249 -0.380408
1 38 -0.798446 -0.369211
2 38 -0.798446 -0.365478
0 39 -0.802178 -0.679007
1 39 -0.790981 -0.682739
2 39 -0.768586 -0.682739
0 40 -0.343083 -0.817108
1 40 -0.328153 -0.820841
2 40 -0.302026 -0.820841
0 41 0.125965 -0.269056
1 41 0.145872 -0.264701
2 41 0.175732 -0.253504
0 42 -0.839503 -0.652879
1 42 -0.828306 -0.656612
2 42 -0.805911 -0.656612
0 43 -0.287096 -0.798446
1 43 -0.268434 -0.798446
2 43 -0.242306 -0.798446
0 44 -0.328153 -0.817108
1 44 -0.313223 -0.820841
2 44 -0.287096 -0.820841
