10
0 0 0.317 -0.565
1 0 0.359 -0.5515
2 0 0.3935 -0.5335
0 1 -0.769 -0.289
1 1 -0.81625 -0.25125
2 1 -0.877 -0.223
0 2 0.269 -0.5428
1 2 0.3104 -0.5302
2 2 0.3428 -0.514
0 3 -0.78832 -0.27856
1 3 -0.82936 -0.244
2 3 -0.89416 -0.21592
0 4 0.188 -0.83584
1 4 0.2258 -0.829
2 4 0.26144 -0.81856
0 5 0.189728 -0.836704
1 5 0.2312 -0.828928
2 5 0.264896 -0.81856
0 6 0.197504 -0.875584
1 6 0.231719 -0.869363
2 6 0.269043 -0.860032
0 7 0.191284 -0.838259
1 7 0.231719 -0.832038
2 7 0.265933 -0.819597
0 8 0.276509 -0.559567
1 8 0.321298 -0.54837
2 8 0.351158 -0.529707
0 9 0.190661 -0.839503
1 9 0.231719 -0.832038
2 9 0.265311 -0.820841
