65
0 0 -0.56625 -0.2225
1 0 -0.55875 -0.23375
2 0 -0.53875 -0.24375
0 1 -0.658 -0.877
1 1 -0.6505 -0.892
2 1 -0.635 -0.9025
0 2 -0.568 -0.9205
1 2 -0.562 -0.9355
2 2 -0.547 -0.9475
0 3 -0.658 -0.877
1 3 -0.6505 -0.892
2 3 -0.634 -0.9025
0 4 -0.4798 -0.712
1 4 -0.4726 -0.7264
2 4 -0.4546 -0.7372
0 5 -0.481 -0.7375
1 5 -0.4726 -0.7516
2 5 -0.4564 -0.7624
0 6 -0.0423999 -0.7732
1 6 -0.0333999 -0.7876
2 6 -0.0153999 -0.802
0 7 -0.0603999 -0.6616
1 7 -0.0513999 -0.676
2 7 -0.0333999 -0.6868
0 8 -0.0855999 -0.6634
1 8 -0.0765999 -0.676
2 8 -0.0567999 -0.6886
0 9 -0.658 -0.8758
1 9 -0.6505 -0.892
2 9 -0.6346 -0.9028
0 10 -0.3736 -0.6994
1 10 -0.3664 -0.7138
2 10 -0.3484 -0.7246
0 11 -0.4132 -0.6832
1 11 -0.406 -0.6976
2 11 -0.388 -0.7084
0 12 -0.69112 -0.18568
1 12 -0.68464 -0.19648
2 12 -0.6652 -0.20512
0 13 -0.5464 -0.19864
1 13 -0.53992 -0.20944
2 13 -0.52048 -0.21808
0 14 -0.0366398 -0.70624
1 14 -0.0279999 -0.72136
2 14 -0.00855986 -0.73216
0 15 -0.47944 -0.71272
1 15 -0.4708 -0.72568
2 15 -0.45568 -0.73648
0 16 -0.0863199 -0.66304
1 16 -0.0776799 -0.676
2 16 -0.0582399 -0.6868
0 17 -0.55504 -0.22024
1 17 -0.5464 -0.23104
2 17 -0.52696 -0.23968
0 18 -0.556768 -0.219808
1 18 -0.5464 -0.23104
2 18 -0.528256 -0.240544
0 19 -0.217216 -0.841888
1 19 -0.206848 -0.854848
2 19 -0.191296 -0.8704
0 20 -0.538624 -0.193888
1 20 -0.530848 -0.204256
2 20 -0.512704 -0.214624
0 21 -0.0539198 -0.618976
1 21 -0.0461438 -0.631936
2 21 -0.0279998 -0.644896
0 22 -0.0539198 -0.631936
1 22 -0.0435518 -0.647488
2 22 -0.0254078 -0.657856
0 23 -0.0565118 -0.644896
1 23 -0.0487357 -0.657856
2 23 -0.0305918 -0.668224
0 24 -0.0850238 -0.66304
1 24 -0.0772478 -0.676
2 24 -0.0565118 -0.686368
0 25 -0.0279998 -0.774496
1 25 -0.0176318 -0.790048
2 25 0.00051225 -0.800416
0 26 -0.0850238 -0.621568
1 26 -0.0746558 -0.634528
2 26 -0.0565118 -0.647488
0 27 -0.00985578 -0.618976
1 27 -0.00207977 -0.631936
2 27 0.0186562 -0.642304
0 28 -0.0108926 -0.617421
1 28 -0.00726376 -0.629344
2 28 0.0134722 -0.639712
0 29 -0.00467173 -0.691552
1 29 0.00310421 -0.707104
2 29 0.0238403 -0.720064
0 30 -0.0513278 -0.704512
1 30 -0.0409598 -0.717472
2 30 -0.0228158 -0.730432
0 31 -0.0798398 -0.733024
1 31 -0.0720638 -0.748576
2 31 -0.0539198 -0.758944
0 32 -0.479008 -0.712288
1 32 -0.471232 -0.72784
2 32 -0.453088 -0.738208
0 33 -0.375328 -0.70192
1 33 -0.367552 -0.71488
2 33 -0.349408 -0.725248
0 34 -0.0513278 -0.704512
1 34 -0.0419965 -0.716954
2 34 -0.0233341 -0.729395
0 35 -0.0855422 -0.660966
1 35 -0.076211 -0.676518
2 35 -0.0575485 -0.68585
0 36 -0.217216 -0.841888
1 36 -0.206848 -0.854848
2 36 -0.191296 -0.866253
0 37 -0.0513278 -0.68896
1 37 -0.0419965 -0.701402
2 37 -0.0233341 -0.713843
0 38 -0.0637693 -0.660966
1 38 -0.0544381 -0.673408
2 38 -0.0357758 -0.68585
0 39 -0.0575485 -0.732506
1 39 -0.0482173 -0.748058
2 39 -0.0295549 -0.760499
0 40 -0.0419965 -0.617421
1 40 -0.0326653 -0.629862
2 40 -0.0140029 -0.642304
0 41 -0.0575485 -0.620531
1 41 -0.0482173 -0.632973
2 41 -0.0295549 -0.645414
0 42 -0.0357758 -0.710733
1 42 -0.0264446 -0.723174
2 42 -0.00778211 -0.735616
0 43 -0.0824317 -0.735616
1 43 -0.0731005 -0.748058
2 43 -0.0544381 -0.760499
0 44 -0.0295549 -0.772941
1 44 -0.0202237 -0.788493
2 44 -0.00156136 -0.800934
0 45 -0.477453 -0.713843
1 45 -0.471232 -0.729395
2 45 -0.452569 -0.738726
0 46 -0.0886525 -0.626752
1 46 -0.0793214 -0.639194
2 46 -0.060659 -0.651635
0 47 -0.0793214 -0.617421
1 47 -0.0699902 -0.632973
2 47 -0.0513278 -0.642304
0 48 -0.0108926 -0.617421
1 48 -0.00778211 -0.629862
2 48 0.0171011 -0.642304
0 49 -0.076211 -0.772941
1 49 -0.0668798 -0.788493
2 49 -0.0482173 -0.800934
0 50 -0.0171134 -0.61431
1 50 -0.00778211 -0.629862
2 50 0.0108803 -0.639194
0 51 -0.0575485 -0.645414
1 51 -0.0482173 -0.657856
2 51 -0.0295549 -0.670297
0 52 -0.216179 -0.839503
1 52 -0.208714 -0.854433
2 52 -0.193784 -0.869363
0 53 -0.0631472 -0.660344
1 53 -0.0556823 -0.675274
2 53 -0.0370199 -0.686472
0 54 -0.0855421 -0.660344
1 54 -0.0743447 -0.675274
2 54 -0.0556823 -0.686472
0 55 -0.0556823 -0.734994
1 55 -0.0482173 -0.749924
2 55 -0.0295549 -0.761121
0 56 -0.0108925 -0.619287
1 56 -0.00342757 -0.634217
2 56 0.0152349 -0.645414
0 57 -0.0407523 -0.619287
1 57 -0.0295549 -0.634217
2 57 -0.0108925 -0.645414
0 58 -0.0743447 -0.772319
1 58 -0.0668797 -0.787249
2 58 -0.0482173 -0.798446
0 59 -0.0594147 -0.619287
1 59 -0.0519498 -0.634217
2 59 -0.0332874 -0.645414
0 60 -0.0295549 -0.772319
1 60 -0.0183575 -0.787249
2 60 0.000304921 -0.798446
0 61 -0.477453 -0.716331
1 61 -0.469988 -0.731261
2 61 -0.451325 -0.742459
0 62 0.000304921 -0.764854
1 62 0.0115024 -0.779784
2 62 0.0301648 -0.790981
0 63 -0.0668797 -0.776051
1 63 -0.0594147 -0.790981
2 63 -0.0407523 -0.805911
0 64 -0.00716 -0.626752
1 64 0.000304921 -0.641682
2 64 0.0189673 -0.652879
