55
0 0 -0.003125 -0.844792
1 0 0.0425001 -0.85875
2 0 0.078125 -0.873958
0 1 -0.4456 -0.8668
1 1 -0.403 -0.877
2 1 -0.3675 -0.8975
0 2 -0.4625 -0.66375
1 2 -0.416667 -0.675
2 2 -0.38625 -0.69375
0 3 -0.43125 -0.74375
1 3 -0.38875 -0.75625
2 3 -0.355 -0.77625
0 4 -0.36875 -0.84375
1 4 -0.32625 -0.855
2 4 -0.29125 -0.875
0 5 -0.3505 -0.4285
1 5 -0.3085 -0.439
2 5 -0.277 -0.4555
0 6 -0.4456 -0.8668
1 6 -0.403 -0.877
2 6 -0.367 -0.898
0 7 -0.00124995 -0.84125
1 7 0.0425001 -0.85375
2 7 0.0785 -0.8695
0 8 -0.463 -0.664
1 8 -0.4204 -0.676
2 8 -0.3865 -0.694
0 9 -0.4495 -0.7885
1 9 -0.4045 -0.799
2 9 -0.37 -0.8185
0 10 -0.4705 -0.664
1 10 -0.427 -0.676
2 10 -0.3925 -0.694
0 11 -0.4315 -0.7435
1 11 -0.38875 -0.75625
2 11 -0.355 -0.7765
0 12 -0.463 -0.664
1 12 -0.4204 -0.676
2 12 -0.3862 -0.694
0 13 -0.44704 -0.86608
1 13 -0.40168 -0.87904
2 13 -0.3682 -0.8974
0 14 -0.4492 -0.7876
1 14 -0.4042 -0.7984
2 14 -0.37 -0.8182
0 15 -0.3448 -0.541
1 15 -0.30448 -0.55288
2 15 -0.271 -0.568
0 16 -0.433 -0.7444
1 16 -0.3895 -0.7555
2 16 -0.3556 -0.7768
0 17 -0.433 -0.7444
1 17 -0.3895 -0.7555
2 17 -0.3538 -0.7732
0 18 -0.4705 -0.664
1 18 -0.427 -0.676
2 18 -0.3934 -0.694
0 19 -0.4276 -0.00639985
1 19 -0.3952 -0.0171998
2 19 -0.3772 -0.0333999
0 20 -0.37 -0.8434
1 20 -0.325 -0.856
2 20 -0.2926 -0.874
0 21 -0.34768 -0.54208
1 21 -0.30448 -0.55288
2 21 -0.27208 -0.568
0 22 -0.44704 -0.86608
1 22 -0.40168 -0.87904
2 22 -0.36712 -0.89848
0 23 -0.00423985 -0.84664
1 23 0.0389601 -0.86176
2 23 0.0756802 -0.87688
0 24 -0.4492 -0.7876
1 24 -0.4042 -0.7984
2 24 -0.36928 -0.82072
0 25 -0.19648 -0.63064
1 25 -0.15328 -0.64144
2 25 -0.11872 -0.65656
0 26 -0.43408 -0.74512
1 26 -0.39088 -0.75592
2 26 -0.35632 -0.77752
0 27 -0.4705 -0.664
1 27 -0.427 -0.676
2 27 -0.39304 -0.69328
0 28 -0.4276 -0.00639985
1 28 -0.3952 -0.0171998
2 28 -0.37576 -0.0344798
0 29 -0.41896 -0.00207984
1 29 -0.38656 -0.0128799
2 29 -0.36928 -0.0279999
0 30 -0.447904 -0.867808
1 30 -0.402803 -0.878694
2 30 -0.367552 -0.898912
0 31 -0.00423985 -0.84664
1 31 0.0393922 -0.862624
2 31 0.0756803 -0.878176
0 32 8.01722e-05 -0.84016
1 32 0.0411201 -0.85096
2 32 0.0782722 -0.867808
0 33 -0.353037 -0.539661
1 33 -0.307936 -0.551584
2 33 -0.276832 -0.567136
0 34 -0.44272 -0.536032
1 34 -0.399693 -0.548992
2 34 -0.370144 -0.567136
0 35 -0.4276 -0.00639985
1 35 -0.396582 -0.0202237
2 35 -0.37792 -0.0383678
0 36 -0.0824318 -0.872992
1 36 -0.0357758 -0.88336
2 36 0.00310421 -0.901504
0 37 -0.42976 8.01722e-05
1 37 -0.39304 -0.0128799
2 37 -0.37792 -0.0279998
0 38 -0.0850238 -0.346816
1 38 -0.0444848 -0.358013
2 38 -0.00985578 -0.36496
0 39 -0.447904 -0.867808
1 39 -0.402803 -0.884293
2 39 -0.368589 -0.900467
0 40 -0.00778211 -0.850701
1 40 0.0357635 -0.866253
2 40 0.0730883 -0.881805
0 41 0.00051225 -0.839296
1 41 0.0419842 -0.852256
2 41 0.0793091 -0.866253
0 42 -0.425198 0.000304921
1 42 -0.39304 -0.0128799
2 42 -0.374809 -0.0264446
0 43 -0.4276 -0.00639985
1 43 -0.396582 -0.0202237
2 43 -0.37792 -0.0388861
0 44 -0.44386 -0.540905
1 44 -0.399693 -0.548992
2 44 -0.368589 -0.567654
0 45 -0.0850238 -0.346816
1 45 -0.0444848 -0.358013
2 45 -0.0108926 -0.365478
0 46 -0.00342757 -0.839503
1 46 0.0413623 -0.850701
2 46 0.078687 -0.869363
0 47 -0.00716 -0.854433
1 47 0.0357635 -0.866253
2 47 0.0749546 -0.884293
0 48 -0.436395 -0.641682
1 48 -0.391606 -0.652879
2 48 -0.358013 -0.671542
0 49 -0.44386 -0.787249
1 49 -0.399071 -0.798446
2 49 -0.365478 -0.820841
0 50 -0.44386 -0.540905
1 50 -0.402803 -0.552102
2 50 -0.369211 -0.570765
0 51 -0.462523 -0.664077
1 51 -0.417733 -0.675274
2 51 -0.384141 -0.693937
0 52 -0.424576 0.00051225
1 52 -0.387251 -0.0108926
2 52 -0.372943 -0.0258224
0 53 -0.0892746 -0.350548
1 53 -0.0444848 -0.358013
2 53 -0.014625 -0.369211
0 54 -0.42893 -0.0108925
1 54 -0.396582 -0.0202237
2 54 -0.376676 -0.0407523
