14
0 0 -0.686368 -0.8704
1 0 -0.626752 -0.888544
2 0 -0.554176 -0.891136
0 1 -0.629344 -0.735616
1 1 -0.573875 -0.751168
2 1 -0.50752 -0.756352
0 2 -0.673408 -0.730432
1 2 -0.622 -0.74728
2 2 -0.551584 -0.751168
0 3 -0.676518 -0.872474
1 3 -0.626752 -0.888026
2 3 -0.555213 -0.891136
0 4 -0.690204 -0.854433
1 4 -0.632973 -0.872474
2 4 -0.564544 -0.875584
0 5 -0.701402 -0.84759
1 5 -0.645414 -0.863142
2 5 -0.576985 -0.869363
0 6 -0.629862 -0.735616
1 6 -0.573875 -0.751168
2 6 -0.508557 -0.757389
0 7 -0.446349 -0.22551
1 7 -0.412134 -0.234841
2 7 -0.356147 -0.241062
0 8 -0.690204 -0.854433
1 8 -0.634217 -0.873096
2 8 -0.567032 -0.876828
0 9 -0.697669 -0.846968
1 9 -0.645414 -0.865631
2 9 -0.574497 -0.869363
0 10 -0.641682 -0.761121
1 10 -0.585695 -0.776051
2 10 -0.51851 -0.779784
0 11 -0.630484 -0.738726
1 11 -0.574497 -0.753656
2 11 -0.511045 -0.757389
0 12 -0.667809 -0.731261
1 12 -0.619287 -0.749924
2 12 -0.54837 -0.753656
0 13 -0.44386 -0.227376
1 13 -0.410268 -0.238574
2 13 -0.354281 -0.242306
