45
0 0 0.535 -0.93375
1 0 0.545 -0.94375
2 0 0.54625 -0.95
0 1 0.0275 -0.87625
1 1 0.032 -0.8875
2 1 0.02875 -0.89375
0 2 0.284 -0.9055
1 2 0.293 -0.916
2 2 0.29 -0.922
0 3 -0.26625 -0.86375
1 3 -0.2635 -0.8755
2 3 -0.2695 -0.8815
0 4 -0.405 -0.37875
1 4 -0.41625 -0.3825
2 4 -0.436 -0.3835
0 5 0.0278001 -0.8758
1 5 0.032 -0.8875
2 5 0.029 -0.8935
0 6 0.0332001 -0.8812
1 6 0.0364583 -0.891667
2 6 0.0335 -0.898
0 7 0.0620001 -0.8488
1 7 0.0674001 -0.8578
2 7 0.0638001 -0.8632
0 8 -0.3052 -0.8686
1 8 -0.304 -0.88
2 8 -0.3088 -0.8866
0 9 -0.5518 -0.3862
1 9 -0.5662 -0.3916
2 9 -0.5878 -0.3916
0 10 0.2906 -0.9046
1 10 0.2996 -0.9154
2 10 0.2978 -0.9208
0 11 0.5102 -0.8686
1 11 0.521 -0.8776
2 11 0.521 -0.883
0 12 -0.406 -0.379
1 12 -0.4165 -0.382
2 12 -0.4366 -0.3826
0 13 0.512 -0.8632
1 13 0.5228 -0.874
2 13 0.5228 -0.8776
0 14 0.539 -0.8704
1 14 0.5498 -0.8794
2 14 0.5516 -0.8848
0 15 0.4292 -0.8938
1 15 0.4382 -0.9028
2 15 0.4382 -0.91
0 16 0.0278001 -0.8758
1 16 0.0303202 -0.88768
2 16 0.0278001 -0.8938
0 17 -0.505 -0.4438
1 17 -0.5158 -0.4492
2 17 -0.5338 -0.451
0 18 0.5264 -0.856
1 18 0.5354 -0.865
2 18 0.5372 -0.8704
0 19 -0.55072 -0.38656
1 19 -0.56584 -0.39088
2 19 -0.58744 -0.39088
0 20 0.32192 -0.89848
1 20 0.3302 -0.91
2 20 0.3284 -0.91576
0 21 0.46016 -0.86176
1 21 0.47096 -0.8704
2 21 0.47096 -0.87688
0 22 -0.30448 -0.86824
1 22 -0.3034 -0.8794
2 22 -0.3088 -0.88552
0 23 0.0278001 -0.8758
1 23 0.0303202 -0.88768
2 23 0.0281602 -0.892
0 24 0.0324802 -0.87904
1 24 0.0368001 -0.88984
2 24 0.0346401 -0.89416
0 25 0.0290243 -0.686368
1 25 0.032653 -0.695181
2 25 0.0290243 -0.699328
0 26 0.0264322 -0.872992
1 26 0.0316163 -0.885952
2 26 0.0290243 -0.891136
0 27 -0.266464 -0.85744
1 27 -0.263872 -0.8704
2 27 -0.269056 -0.875584
0 28 0.191284 -0.866253
1 28 0.197504 -0.878176
2 28 0.197504 -0.88336
0 29 0.0637571 -0.828928
1 29 0.0668674 -0.838259
2 29 0.0637571 -0.84448
0 30 0.147738 -0.84137
1 30 0.153959 -0.850701
2 30 0.150848 -0.856922
0 31 0.0226998 -0.873096
1 31 0.0295427 -0.884915
2 31 0.0264323 -0.891136
0 32 -0.30327 -0.869363
1 32 -0.30327 -0.881805
2 32 -0.309491 -0.888026
0 33 0.0290243 -0.686368
1 33 0.032653 -0.695181
2 33 0.0264323 -0.701402
0 34 -0.269056 -0.869363
1 34 -0.265945 -0.878694
2 34 -0.272166 -0.884915
0 35 0.0376298 -0.697669
1 35 0.0388739 -0.704512
2 35 0.0357635 -0.707622
0 36 0.536538 -0.872474
1 36 0.545869 -0.878694
2 36 0.545869 -0.884915
0 37 0.191284 -0.866253
1 37 0.197504 -0.878694
2 37 0.194394 -0.884915
0 38 0.0419843 -0.869363
1 38 0.0450947 -0.880561
2 38 0.0413623 -0.884293
0 39 0.0637571 -0.846968
1 39 0.0674896 -0.858166
2 39 0.0637571 -0.861898
0 40 0.145872 -0.839503
1 40 0.153337 -0.850701
2 40 0.149604 -0.858166
0 41 0.0637571 -0.832038
1 41 0.0674896 -0.839503
2 41 0.0637571 -0.846968
0 42 0.0301648 -0.690204
1 42 0.032653 -0.695181
2 42 0.0301648 -0.701402
0 43 -0.268434 -0.869363
1 43 -0.268434 -0.880561
2 43 -0.275899 -0.884293
0 44 0.0376298 -0.697669
1 44 0.0413623 -0.705134
2 44 0.0376298 -0.708866
