23
0 0 0.0725001 -0.943
1 0 0.0800001 -0.946
2 0 0.0905 -0.9325
0 1 0.0186562 -0.813376
1 1 0.0260001 -0.8146
2 1 0.0350001 -0.8002
0 2 0.4526 -0.6814
1 2 0.4652 -0.676
2 2 0.485 -0.6562
0 3 0.1592 -0.4024
1 3 0.1664 -0.3934
2 3 0.1736 -0.37
0 4 -0.5788 -0.86824
1 4 -0.5716 -0.8722
2 4 -0.5662 -0.8614
0 5 0.0962001 -0.9442
1 5 0.1034 -0.9442
2 5 0.116 -0.9334
0 6 0.0962001 -0.9442
1 6 0.1034 -0.9442
2 6 0.11672 -0.93304
0 7 -0.51832 -0.244
1 7 -0.54856 -0.23968
2 7 -0.58096 -0.2224
0 8 0.15992 -0.40384
1 8 0.1664 -0.3952
2 8 0.17504 -0.37144
0 9 -0.5788 -0.86824
1 9 -0.57232 -0.87256
2 9 -0.568 -0.86176
0 10 0.0186562 -0.813376
1 10 0.0260001 -0.8146
2 10 0.0346401 -0.79912
0 11 0.456704 -0.787456
1 11 0.469664 -0.784864
2 11 0.4904 -0.76672
0 12 0.0264323 -0.600625
1 12 0.0301648 -0.604357
2 12 0.0388739 -0.580096
0 13 0.0264323 -0.810266
1 13 0.032653 -0.810266
2 13 0.0388739 -0.794714
0 14 0.440116 -0.664077
1 14 0.455668 -0.657856
2 14 0.47433 -0.636083
0 15 0.194394 -0.813376
1 15 0.203725 -0.813376
2 15 0.216167 -0.797824
0 16 0.0186562 -0.813376
1 16 0.0233219 -0.813376
2 16 0.032653 -0.797824
0 17 0.0513155 -0.788493
1 17 0.0575363 -0.788493
2 17 0.0668674 -0.772941
0 18 0.0513155 -0.754278
1 18 0.0575363 -0.754278
2 18 0.0668674 -0.738726
0 19 0.0600246 -0.779784
1 19 0.0674896 -0.779784
2 19 0.0749546 -0.764854
0 20 0.0525597 -0.787249
1 20 0.0600246 -0.787249
2 20 0.0674896 -0.772319
0 21 0.0264323 -0.600625
1 21 0.0301648 -0.604357
2 21 0.0376298 -0.581962
0 22 -0.596892 -0.290829
1 22 -0.623019 -0.290829
2 22 -0.652879 -0.275899
