56
0 0 -0.0975 -0.68875
1 0 -0.0884799 -0.69112
2 0 -0.0812499 -0.69625
0 1 0.24 -0.915
1 1 0.25375 -0.92
2 1 0.2675 -0.92625
0 2 -0.0812499 -0.80875
1 2 -0.0725 -0.81125
2 2 -0.0624999 -0.81875
0 3 -0.109 -0.826
1 3 -0.1015 -0.829
2 3 -0.091 -0.8365
0 4 -0.0805 -0.808
1 4 -0.073 -0.811
2 4 -0.0624999 -0.8185
0 5 -0.019 -0.8095
1 5 -0.00999997 -0.8125
2 5 0.00200005 -0.82
0 6 -0.0981999 -0.6886
1 6 -0.0876158 -0.691552
2 6 -0.0801999 -0.6958
0 7 -0.0189999 -0.8092
1 7 -0.00999991 -0.8128
2 7 0.000800069 -0.82
0 8 -0.37 -0.7948
1 8 -0.3646 -0.7984
2 8 -0.3574 -0.8074
0 9 -0.2872 -0.9028
1 9 -0.28 -0.9064
2 9 -0.2728 -0.9172
0 10 0.000800069 -0.8236
1 10 0.00980008 -0.8272
2 10 0.0224001 -0.8344
0 11 -0.0984999 -0.823
1 11 -0.0891999 -0.8254
2 11 -0.0801999 -0.8326
0 12 0.1934 -0.847
1 12 0.206 -0.8506
2 12 0.2186 -0.856
0 13 -0.0819999 -0.9154
1 13 -0.0733599 -0.92008
2 13 -0.0639999 -0.928
0 14 0.242 -0.85744
1 14 0.25496 -0.86176
2 14 0.27008 -0.86824
0 15 -0.110944 -0.823744
1 15 -0.0953918 -0.828928
2 15 -0.0863199 -0.83584
0 16 -0.36928 -0.7948
1 16 -0.3646 -0.7984
2 16 -0.35848 -0.80776
0 17 0.23984 -0.90928
1 17 0.25496 -0.9136
2 17 0.26792 -0.92008
0 18 8.01722e-05 -0.82504
1 18 0.0108802 -0.8272
2 18 0.0216801 -0.83368
0 19 -0.0981999 -0.6886
1 19 -0.0876158 -0.691552
2 19 -0.0798399 -0.69544
0 20 -0.11008 -0.82504
1 20 -0.1036 -0.82936
2 20 -0.0927999 -0.83584
0 21 0.00051225 -0.823744
1 21 0.0108802 -0.826336
2 21 0.0212482 -0.834112
0 22 -0.0948734 -0.69207
1 22 -0.0886525 -0.69207
2 22 -0.0798398 -0.696736
0 23 0.189728 -0.898912
1 23 0.202688 -0.904096
2 23 0.215648 -0.90928
0 24 -0.0798398 -0.795232
1 24 -0.0720638 -0.800416
2 24 -0.0616958 -0.8056
0 25 -0.341632 -0.797824
1 25 -0.336448 -0.800416
2 25 -0.328672 -0.808192
0 26 -0.370144 -0.795232
1 26 -0.3628 -0.79912
2 26 -0.357184 -0.808192
0 27 -0.0202237 -0.808192
1 27 -0.00985578 -0.813376
2 27 0.00051225 -0.81856
0 28 -0.0798398 -0.808192
1 28 -0.0720638 -0.810784
2 28 -0.0616958 -0.81856
0 29 -0.103168 -0.828928
1 29 -0.0949599 -0.83152
2 29 -0.0850238 -0.839296
0 30 -0.110944 -0.823744
1 30 -0.100576 -0.826336
2 30 -0.0927998 -0.834112
0 31 0.174176 -0.891136
1 31 0.187136 -0.893728
2 31 0.200096 -0.901504
0 32 -0.191296 -0.113536
1 32 -0.186319 -0.111669
2 32 -0.180928 -0.108352
0 33 0.0948611 -0.860032
1 33 0.104192 -0.863142
2 33 0.116634 -0.869363
0 34 0.24105 -0.856922
1 34 0.253492 -0.860032
2 34 0.265933 -0.866253
0 35 0.00828826 -0.68896
1 35 0.0139907 -0.68896
2 35 0.0264323 -0.695181
0 36 -0.0953918 -0.691552
1 36 -0.0892746 -0.693937
2 36 -0.0793214 -0.698291
0 37 -0.00342757 -0.701402
1 37 0.0077699 -0.701402
2 37 0.0202115 -0.704512
0 38 -0.0202237 -0.797824
1 38 -0.0108926 -0.800934
2 38 -0.00156136 -0.807155
0 39 -0.0793214 -0.797824
1 39 -0.0699902 -0.800934
2 39 -0.060659 -0.807155
0 40 -0.0979837 -0.822707
1 40 -0.0886525 -0.825818
2 40 -0.0793214 -0.832038
0 41 -0.0202237 -0.810266
1 41 -0.0108926 -0.813376
2 41 -0.00156136 -0.819597
0 42 -0.0793214 -0.807155
1 42 -0.0720638 -0.810784
2 42 -0.060659 -0.816486
0 43 -0.341632 -0.797824
1 43 -0.337485 -0.800934
2 43 -0.328153 -0.810266
0 44 -0.371699 -0.797824
1 44 -0.362368 -0.800934
2 44 -0.356147 -0.807155
0 45 -0.191296 -0.113536
1 45 -0.186319 -0.111669
2 45 -0.181965 -0.110425
0 46 0.00465946 -0.68896
1 46 0.0152349 -0.693937
2 46 0.0226998 -0.697669
0 47 0.0674896 -0.861898
1 47 0.078687 -0.865631
2 47 0.0898844 -0.873096
0 48 0.0749546 -0.846968
1 48 0.086152 -0.850701
2 48 0.0973494 -0.858166
0 49 -0.190052 -0.115402
1 49 -0.186319 -0.111669
2 49 -0.178854 -0.111669
0 50 -0.00342757 -0.701402
1 50 0.0077699 -0.701402
2 50 0.0189673 -0.705134
0 51 -0.0979837 -0.822707
1 51 -0.0886525 -0.825818
2 51 -0.0818097 -0.835771
0 52 -0.00156136 -0.822707
1 52 0.0077699 -0.824573
2 52 0.0189673 -0.832038
0 53 -0.0780772 -0.798446
1 53 -0.0706122 -0.802178
2 53 -0.0594147 -0.809643
0 54 -0.343083 -0.787249
1 54 -0.335618 -0.790981
2 54 -0.328153 -0.798446
0 55 -0.0953918 -0.691552
1 55 -0.0892746 -0.693937
2 55 -0.0780772 -0.701402
