35
0 0 -0.964583 -0.788542
1 0 -0.909375 -0.80625
2 0 -0.842708 -0.809375
0 1 -0.967708 -0.788542
1 1 -0.9145 -0.8065
2 1 -0.842708 -0.811458
0 2 -0.96125 -0.79
1 2 -0.90625 -0.80875
2 2 -0.835417 -0.811458
0 3 -0.96125 -0.79
1 3 -0.91 -0.80625
2 3 -0.838542 -0.810417
0 4 -0.959375 -0.784375
1 4 -0.91 -0.8
2 4 -0.842708 -0.804167
0 5 -0.964583 -0.788542
1 5 -0.9145 -0.8065
2 5 -0.8425 -0.81125
0 6 -0.96125 -0.79
1 6 -0.91 -0.8035
2 6 -0.83875 -0.80875
0 7 -0.9125 -0.85625
1 7 -0.8725 -0.8755
2 7 -0.8125 -0.88
0 8 -0.964583 -0.788542
1 8 -0.9145 -0.8065
2 8 -0.844 -0.811
0 9 -0.96125 -0.79
1 9 -0.9085 -0.808
2 9 -0.8395 -0.811
0 10 -0.96125 -0.79
1 10 -0.90625 -0.80875
2 10 -0.8365 -0.811
0 11 -0.96125 -0.79
1 11 -0.91 -0.8038
2 11 -0.8395 -0.808
0 12 -0.3445 -0.8905
1 12 -0.30232 -0.9028
2 12 -0.244 -0.91
0 13 -0.91 -0.8395
1 13 -0.874 -0.856
2 13 -0.8128 -0.8596
0 14 -0.964583 -0.788542
1 14 -0.9118 -0.8074
2 14 -0.8434 -0.811
0 15 -0.96125 -0.79
1 15 -0.9085 -0.808
2 15 -0.838 -0.811
0 16 -0.8056 -0.7372
1 16 -0.7534 -0.7534
2 16 -0.6904 -0.7606
0 17 -0.841888 -0.852256
1 17 -0.7855 -0.8725
2 17 -0.7228 -0.8776
0 18 -0.8056 -0.73864
1 18 -0.754278 -0.754278
2 18 -0.694 -0.757
0 19 -0.84016 -0.85312
1 19 -0.79264 -0.8704
2 19 -0.72568 -0.87688
0 20 -0.90496 -0.8488
1 20 -0.86392 -0.86608
2 20 -0.8056 -0.8704
0 21 -0.8056 -0.73864
1 21 -0.75376 -0.75376
2 21 -0.69112 -0.75808
0 22 -0.3358 -0.7372
1 22 -0.2908 -0.748
2 22 -0.2332 -0.7516
0 23 -0.349408 -0.891136
1 23 -0.305344 -0.901504
2 23 -0.24832 -0.90928
0 24 -0.84016 -0.85312
1 24 -0.79264 -0.8704
2 24 -0.72784 -0.875584
0 25 -0.8056 -0.738208
1 25 -0.754278 -0.754278
2 25 -0.691552 -0.758944
0 26 -0.437536 -0.88336
1 26 -0.39088 -0.893728
2 26 -0.331264 -0.900467
0 27 -0.344224 -0.7408
1 27 -0.30327 -0.751168
2 27 -0.247283 -0.757389
0 28 -0.84016 -0.85312
1 28 -0.79264 -0.8704
2 28 -0.729395 -0.875584
0 29 -0.8056 -0.738208
1 29 -0.754278 -0.754278
2 29 -0.68896 -0.760499
0 30 -0.340595 -0.748058
1 30 -0.297049 -0.757389
2 30 -0.237952 -0.760499
0 31 -0.331264 -0.735616
1 31 -0.290829 -0.748058
2 31 -0.234841 -0.751168
0 32 -0.425198 -0.884293
1 32 -0.38103 -0.897357
2 32 -0.318822 -0.903578
0 33 -0.84137 -0.853811
1 33 -0.788493 -0.872474
2 33 -0.727529 -0.876828
0 34 -0.805911 -0.738726
1 34 -0.753656 -0.757389
2 34 -0.690204 -0.761121
