21
0 0 -0.604167 -0.244792
1 0 -0.620833 -0.261458
2 0 -0.644792 -0.280208
0 1 -0.6055 -0.247
1 1 -0.622 -0.2635
2 1 -0.6475 -0.2815
0 2 -0.766 -0.2512
1 2 -0.784 -0.271
2 2 -0.814 -0.295
0 3 -0.7075 -0.3055
1 3 -0.727 -0.328
2 3 -0.748 -0.3505
0 4 -0.7732 -0.2494
1 4 -0.7912 -0.2692
2 4 -0.82 -0.2926
0 5 -0.59176 -0.24184
1 5 -0.613 -0.2602
2 5 -0.6364 -0.2782
0 6 -0.604 -0.2476
1 6 -0.622 -0.2635
2 6 -0.6472 -0.2818
0 7 -0.3844 -0.73648
1 7 -0.38008 -0.76888
2 7 -0.3628 -0.79048
0 8 -0.3844 -0.73648
1 8 -0.37792 -0.76672
2 8 -0.362368 -0.790048
0 9 -0.375328 -0.668224
1 9 -0.370144 -0.694144
2 9 -0.354592 -0.712288
0 10 -0.375328 -0.668224
1 10 -0.368589 -0.695181
2 10 -0.353037 -0.713843
0 11 -0.38103 -0.735616
1 11 -0.37792 -0.76672
2 11 -0.362368 -0.788493
0 12 -0.325043 -0.720064
1 12 -0.321933 -0.751168
2 12 -0.30327 -0.76983
0 13 -0.819597 -0.583206
1 13 -0.816486 -0.6112
2 13 -0.807155 -0.642304
0 14 -0.558323 -0.297049
1 14 -0.570765 -0.316956
2 14 -0.59316 -0.335618
0 15 0.0898844 -0.264701
1 15 0.0973494 -0.279631
2 15 0.108547 -0.279631
0 16 -0.384141 -0.738726
1 16 -0.380408 -0.768586
2 16 -0.361746 -0.790981
0 17 -0.375328 -0.668224
1 17 -0.368589 -0.695181
2 17 -0.354281 -0.716331
0 18 -0.328153 -0.720064
1 18 -0.320688 -0.746191
2 18 -0.302026 -0.768586
0 19 -0.361746 -0.723796
1 19 -0.354281 -0.753656
2 19 -0.339351 -0.772319
0 20 -0.369211 -0.738726
1 20 -0.365478 -0.764854
2 20 -0.346816 -0.787249
