33
0 0 -0.787 -0.8335
1 0 -0.7195 -0.853
2 0 -0.6505 -0.8725
0 1 -0.7066 -0.2098
1 1 -0.691 -0.2305
2 1 -0.676 -0.259
0 2 -0.8938 -0.5338
1 2 -0.8326 -0.5572
2 2 -0.7678 -0.5806
0 3 -0.7858 -0.577
1 3 -0.7264 -0.5968
2 3 -0.6616 -0.6166
0 4 -0.68896 -0.20944
1 4 -0.67168 -0.22888
2 4 -0.658 -0.2566
0 5 -0.7048 -0.8416
1 5 -0.6382 -0.8596
2 5 -0.568 -0.8776
0 6 -0.7066 -0.2098
1 6 -0.69112 -0.23104
2 6 -0.676 -0.2584
0 7 -0.9046 -0.8146
1 7 -0.8362 -0.8362
2 7 -0.766 -0.8578
0 8 -0.8236 -0.8146
1 8 -0.7588 -0.8344
2 8 -0.6868 -0.856
0 9 -0.69328 -0.20296
1 9 -0.6778 -0.2224
2 9 -0.6634 -0.2512
0 10 -0.906688 -0.815968
1 10 -0.838259 -0.838259
2 10 -0.76672 -0.85744
0 11 -0.893728 -0.53344
1 11 -0.83152 -0.5572
2 11 -0.76672 -0.58096
0 12 -0.6004 -0.65008
1 12 -0.53776 -0.66736
2 12 -0.4708 -0.68248
0 13 -0.70408 -0.84232
1 13 -0.63928 -0.8596
2 13 -0.57016 -0.87688
0 14 -0.82936 -0.298
1 14 -0.8056 -0.3214
2 14 -0.78184 -0.352
0 15 -0.89416 -0.81856
1 15 -0.82504 -0.84016
2 15 -0.75592 -0.86176
0 16 -0.82504 -0.81424
1 16 -0.75592 -0.83584
2 16 -0.6868 -0.85528
0 17 -0.8272 -0.5644
1 17 -0.76672 -0.58744
2 17 -0.70192 -0.60904
0 18 -0.69328 -0.20296
1 18 -0.67816 -0.2224
2 18 -0.66304 -0.25048
0 19 -0.893728 -0.53344
1 19 -0.83152 -0.556768
2 19 -0.76672 -0.580096
0 20 -0.695181 -0.203737
1 20 -0.676518 -0.2224
2 20 -0.66304 -0.250912
0 21 -0.712288 -0.852256
1 21 -0.647488 -0.8704
2 21 -0.577504 -0.888544
0 22 -0.129088 -0.77968
1 22 -0.0694718 -0.790048
2 22 0.00051225 -0.800416
0 23 -0.77752 -0.32608
1 23 -0.7516 -0.34984
2 23 -0.720064 -0.384141
0 24 -0.822707 -0.816486
1 24 -0.754278 -0.835149
2 24 -0.68585 -0.856922
0 25 -0.705134 -0.216179
1 25 -0.686472 -0.234841
2 25 -0.676518 -0.259725
0 26 -0.654746 -0.84448
1 26 -0.586317 -0.863142
2 26 -0.517888 -0.878694
0 27 -0.776051 -0.570765
1 27 -0.716954 -0.589427
2 27 -0.651635 -0.6112
0 28 -0.824573 -0.817108
1 28 -0.757389 -0.839503
2 28 -0.686472 -0.858166
0 29 -0.611822 -0.649147
1 29 -0.552102 -0.667809
2 29 -0.484918 -0.682739
0 30 -0.130332 -0.779784
1 30 -0.0668797 -0.787249
2 30 -0.00342757 -0.798446
0 31 -0.119134 -0.776051
1 31 -0.0556823 -0.787249
2 31 0.0115024 -0.798446
0 32 -0.772941 -0.331264
1 32 -0.748058 -0.353037
2 32 -0.716331 -0.387873
