10
0 0 -0.776042 -0.192708
1 0 -0.7354 -0.2008
2 0 -0.7075 -0.208
0 1 -0.849664 -0.307936
1 1 -0.822707 -0.315712
2 1 -0.784 -0.3214
0 2 -0.849664 -0.307936
1 2 -0.8128 -0.3124
2 2 -0.77752 -0.32608
0 3 -0.849664 -0.307936
1 3 -0.81208 -0.31312
2 3 -0.774496 -0.328672
0 4 -0.256096 -0.75376
1 4 -0.19648 -0.769312
2 4 -0.134272 -0.77968
0 5 -0.772941 -0.197517
1 5 -0.735616 -0.203737
2 5 -0.704512 -0.213069
0 6 -0.237952 -0.751168
1 6 -0.178854 -0.76672
2 6 -0.116646 -0.776051
0 7 -0.772319 -0.201249
1 7 -0.734994 -0.208714
2 7 -0.705134 -0.216179
0 8 -0.850701 -0.309491
1 8 -0.824573 -0.316956
2 8 -0.787249 -0.331886
0 9 -0.249771 -0.753656
1 9 -0.194406 -0.76672
2 9 -0.130332 -0.779784
