39
0 0 0.435 -0.88125
1 0 0.4275 -0.89625
2 0 0.4125 -0.90875
0 1 0.4025 -0.85
1 1 0.395 -0.86625
2 1 0.37875 -0.8775
0 2 0.0830001 -0.79
1 2 0.0725001 -0.8035
2 2 0.0530001 -0.817
0 3 0.4385 -0.8845
1 3 0.431 -0.901
2 3 0.416 -0.913
0 4 0.4025 -0.85
1 4 0.395 -0.865
2 4 0.3785 -0.877
0 5 0.0512001 -0.8146
1 5 0.0395 -0.829
2 5 0.02 -0.8425
0 6 -0.217 -0.802
1 6 -0.2314 -0.8164
2 6 -0.2548 -0.8308
0 7 0.0836001 -0.7894
1 7 0.0728001 -0.8038
2 7 0.0530001 -0.8164
0 8 0.0512001 -0.8146
1 8 0.0411201 -0.8272
2 8 0.0206001 -0.8416
0 9 0.0530001 -0.6454
1 9 0.0419842 -0.660448
2 9 0.0224001 -0.6688
0 10 0.44 -0.8848
1 10 0.431 -0.901
2 10 0.4166 -0.9136
0 11 0.0843202 -0.7732
1 11 0.0735202 -0.78832
2 11 0.0540801 -0.79912
0 12 0.42344 -0.87256
1 12 0.41696 -0.88984
2 12 0.40184 -0.90064
0 13 0.4364 -0.80776
1 13 0.42992 -0.82288
2 13 0.41264 -0.83368
0 14 0.0530001 -0.6454
1 14 0.0419842 -0.660448
2 14 0.0216801 -0.66952
0 15 0.0575363 -0.815968
1 15 0.0476002 -0.83152
2 15 0.0290243 -0.84448
0 16 0.161216 -0.784864
1 16 0.150848 -0.800416
2 16 0.132704 -0.810784
0 17 -0.219808 -0.803008
1 17 -0.232768 -0.81856
2 17 -0.256096 -0.83152
0 18 -0.250912 -0.803008
1 18 -0.266464 -0.821152
2 18 -0.289792 -0.834112
0 19 0.0544259 -0.648525
1 19 0.0419842 -0.660448
2 19 0.0238403 -0.670816
0 20 0.0653123 -0.808192
1 20 0.0540801 -0.82288
2 20 0.0342082 -0.836704
0 21 0.415232 -0.866253
1 21 0.409012 -0.881805
2 21 0.39346 -0.894246
0 22 0.0544259 -0.648525
1 22 0.0419843 -0.660966
2 22 0.0233219 -0.670297
0 23 0.0606467 -0.654746
1 23 0.0482051 -0.667187
2 23 0.0295427 -0.676518
0 24 0.0637571 -0.807155
1 24 0.0513155 -0.822707
2 24 0.032653 -0.835149
0 25 0.0513155 -0.810266
1 25 0.0388739 -0.825818
2 25 0.0202115 -0.838259
0 26 0.0824195 -0.788493
1 26 0.0730883 -0.804045
2 26 0.0544259 -0.816486
0 27 -0.219289 -0.804045
1 27 -0.234841 -0.819597
2 27 -0.259725 -0.832038
0 28 -0.250393 -0.804045
1 28 -0.269056 -0.822707
2 28 -0.290829 -0.835149
0 29 0.0525597 -0.649147
1 29 0.0419843 -0.660966
2 29 0.0226998 -0.671542
0 30 0.0575363 -0.655264
1 30 0.0482051 -0.667187
2 30 0.0301648 -0.679007
0 31 -0.250393 -0.804045
1 31 -0.268434 -0.824573
2 31 -0.290829 -0.835771
0 32 -0.219911 -0.805911
1 32 -0.234841 -0.820841
2 32 -0.257236 -0.835771
0 33 0.0637571 -0.807155
1 33 0.0513155 -0.822707
2 33 0.0338973 -0.835771
0 34 0.194394 -0.809643
1 34 0.183197 -0.824573
2 34 0.168267 -0.835771
0 35 0.086152 -0.776051
1 35 0.0749546 -0.790981
2 35 0.0562922 -0.802178
0 36 0.186929 -0.802178
1 36 0.175732 -0.817108
2 36 0.157069 -0.828306
0 37 0.157069 -0.783516
1 37 0.149604 -0.798446
2 37 0.130942 -0.809643
0 38 0.0824195 -0.788493
1 38 0.0749546 -0.802178
2 38 0.0562922 -0.813376
