51
0 0 -0.245 -0.8225
1 0 -0.232292 -0.828125
2 0 -0.225 -0.833333
0 1 -0.297917 -0.467708
1 1 -0.295833 -0.469792
2 1 -0.295833 -0.470833
0 2 -0.30125 -0.47625
1 2 -0.2975 -0.47875
2 2 -0.2975 -0.48125
0 3 -0.245 -0.8225
1 3 -0.2325 -0.82875
2 3 -0.225 -0.83375
0 4 -0.310417 -0.461458
1 4 -0.3075 -0.46375
2 4 -0.30875 -0.465
0 5 -0.32375 -0.435
1 5 -0.32125 -0.4375
2 5 -0.3225 -0.4375
0 6 0.068 -0.82
1 6 0.0830001 -0.8215
2 6 0.0935 -0.8245
0 7 0.458 -0.919
1 7 0.4775 -0.9175
2 7 0.488 -0.916
0 8 0.455 -0.9265
1 8 0.4745 -0.925
2 8 0.485 -0.9235
0 9 0.0454402 -0.84232
1 9 0.0584001 -0.847
2 9 0.0674001 -0.8488
0 10 -0.2116 -0.8218
1 10 -0.2008 -0.8272
2 10 -0.1918 -0.8326
0 11 0.0692001 -0.82
1 11 0.0836001 -0.8218
2 11 0.0926001 -0.8236
0 12 -0.2926 -0.4834
1 12 -0.2875 -0.4855
2 12 -0.289 -0.487
0 13 0.3806 -0.9118
1 13 0.4004 -0.91
2 13 0.413 -0.91
0 14 0.0440001 -0.6868
1 14 0.0562401 -0.6868
2 14 0.0656001 -0.6886
0 15 -0.2995 -0.478
1 15 -0.298 -0.4798
2 15 -0.298 -0.4816
0 16 0.1646 -0.8344
1 16 0.1808 -0.8362
2 16 0.1898 -0.8362
0 17 -0.29152 -0.48376
1 17 -0.28936 -0.48376
2 17 -0.28936 -0.48592
0 18 0.38024 -0.90712
1 18 0.39968 -0.90496
2 18 0.41048 -0.90496
0 19 0.45584 -0.92008
1 19 0.47528 -0.91792
2 19 0.48824 -0.91792
0 20 -0.212032 -0.823744
1 20 -0.2008 -0.8272
2 20 -0.19216 -0.83368
0 21 0.44936 -0.9136
1 21 0.4688 -0.91144
2 21 0.4796 -0.90928
0 22 -0.30448 -0.46648
1 22 -0.30232 -0.46864
2 22 -0.30232 -0.4708
0 23 0.0432802 -0.6868
1 23 0.0575363 -0.68896
2 23 0.0648802 -0.68896
0 24 -0.199072 -0.473824
1 24 -0.193888 -0.473824
2 24 -0.191296 -0.476416
0 25 -0.292384 -0.4816
1 25 -0.289792 -0.484192
2 25 -0.289792 -0.486784
0 26 0.0432802 -0.6868
1 26 0.0575363 -0.68896
2 26 0.0653123 -0.694144
0 27 0.0704962 -0.8056
1 27 0.0834563 -0.808192
2 27 0.0938243 -0.808192
0 28 -0.212032 -0.823744
1 28 -0.201664 -0.828928
2 28 -0.191296 -0.834112
0 29 -0.243136 -0.823744
1 29 -0.230176 -0.828928
2 29 -0.224992 -0.836704
0 30 0.0450947 -0.84137
1 30 0.0606467 -0.84448
2 30 0.0699778 -0.84759
0 31 0.0445763 -0.686368
1 31 0.0562401 -0.6868
2 31 0.0668674 -0.68896
0 32 0.138407 -0.804045
1 32 0.153959 -0.804045
2 32 0.16329 -0.807155
0 33 0.138407 -0.816486
1 33 0.153959 -0.819597
2 33 0.16329 -0.819597
0 34 0.0699778 -0.819597
1 34 0.0824195 -0.816486
2 34 0.0948611 -0.822707
0 35 -0.212032 -0.823744
1 35 -0.203737 -0.828928
2 35 -0.194406 -0.835149
0 36 0.0513155 -0.835149
1 36 0.0637571 -0.838259
2 36 0.0761987 -0.838259
0 37 -0.243136 -0.823744
1 37 -0.231731 -0.832038
2 37 -0.22551 -0.838259
0 38 0.0497602 -0.694144
1 38 0.0637571 -0.697669
2 38 0.0730883 -0.698291
0 39 0.250381 -0.853811
1 39 0.269043 -0.853811
2 39 0.278375 -0.853811
0 40 0.16329 -0.832038
1 40 0.178842 -0.835149
2 40 0.188173 -0.835149
0 41 0.0712221 -0.809643
1 41 0.086152 -0.809643
2 41 0.093617 -0.809643
0 42 0.138407 -0.817108
1 42 0.153337 -0.820841
2 42 0.164534 -0.820841
0 43 0.0513155 -0.835149
1 43 0.0637571 -0.838259
2 43 0.0749546 -0.839503
0 44 0.0450947 -0.84137
1 44 0.0600246 -0.843236
2 44 0.0712221 -0.846968
0 45 0.0497602 -0.694144
1 45 0.0637571 -0.697669
2 45 0.0712221 -0.701402
0 46 0.0450947 -0.68896
1 46 0.0575363 -0.68896
2 46 0.0674896 -0.690204
0 47 -0.241062 -0.822707
1 47 -0.231109 -0.832038
2 47 -0.223644 -0.839503
0 48 0.160802 -0.832038
1 48 0.179464 -0.835771
2 48 0.186929 -0.835771
0 49 -0.216179 -0.824573
1 49 -0.201249 -0.832038
2 49 -0.197517 -0.835771
0 50 0.153337 -0.690204
1 50 0.168267 -0.693937
2 50 0.179464 -0.693937
