63
0 0 -0.10125 -0.83
1 0 -0.091 -0.8365
2 0 -0.08125 -0.847917
0 1 -0.09625 -0.8325
1 1 -0.08625 -0.84
2 1 -0.0770833 -0.85
0 2 -0.09625 -0.8325
1 2 -0.0865 -0.8395
2 2 -0.0775 -0.85
0 3 -0.332292 -0.797917
1 3 -0.32625 -0.8075
2 3 -0.31875 -0.81875
0 4 0.25625 -0.86
1 4 0.27 -0.86625
2 4 0.28375 -0.875
0 5 -0.0958333 -0.833333
1 5 -0.08625 -0.84
2 5 -0.0749999 -0.85
0 6 -0.10125 -0.83
1 6 -0.091 -0.8365
2 6 -0.0812499 -0.8475
0 7 -0.09625 -0.8325
1 7 -0.0865 -0.8395
2 7 -0.0775 -0.85
0 8 -0.073 -0.811
1 8 -0.0624999 -0.8185
2 8 -0.0535 -0.829
0 9 -0.3445 -0.5125
1 9 -0.3415 -0.514
2 9 -0.3385 -0.52
0 10 -0.1018 -0.829
1 10 -0.091 -0.8365
2 10 -0.082 -0.847
0 11 -0.0895 -0.6895
1 11 -0.0805 -0.6955
2 11 -0.0715 -0.7045
0 12 0.191 -0.8995
1 12 0.206 -0.9055
2 12 0.2195 -0.916
0 13 0.0195201 -0.68896
1 13 0.0303202 -0.69544
2 13 0.0404001 -0.703
0 14 -0.1 -0.83125
1 14 -0.0927999 -0.83584
2 14 -0.0819999 -0.847
0 15 -0.0891999 -0.6904
1 15 -0.0801999 -0.6958
2 15 -0.0711999 -0.7048
0 16 -0.3646 -0.7984
1 16 -0.3574 -0.8074
2 16 -0.3502 -0.8182
0 17 -0.00999991 -0.8128
1 17 0.000800069 -0.82
2 17 0.0116001 -0.829
0 18 -0.0729999 -0.811
1 18 -0.0621999 -0.8182
2 18 -0.0531999 -0.829
0 19 -0.0891999 -0.8254
1 19 -0.0801999 -0.8326
2 19 -0.0711999 -0.8416
0 20 0.1808 -0.8668
1 20 0.1934 -0.874
2 20 0.206 -0.883
0 21 -0.0963999 -0.8308
1 21 -0.08625 -0.84
2 21 -0.0765999 -0.8488
0 22 0.00980008 -0.8272
1 22 0.0224001 -0.8344
2 22 0.0314001 -0.8434
0 23 -0.0107199 -0.81208
1 23 8.01722e-05 -0.81856
2 23 0.0108802 -0.82936
0 24 -0.0949599 -0.83152
1 24 -0.0850238 -0.839296
2 24 -0.0755199 -0.8488
0 25 -0.33904 -0.51616
1 25 -0.33472 -0.51616
2 25 -0.33256 -0.52264
0 26 -0.3628 -0.79912
1 26 -0.35848 -0.80776
2 26 -0.34984 -0.81856
0 27 -0.0876158 -0.691552
1 27 -0.0798399 -0.69544
2 27 -0.0711999 -0.70408
0 28 0.25496 -0.9136
1 28 0.26792 -0.92008
2 28 0.28088 -0.92872
0 29 -0.0891999 -0.8254
1 29 -0.0798399 -0.83152
2 29 -0.0690399 -0.84232
0 30 0.0195201 -0.68896
1 30 0.0290243 -0.696736
2 30 0.0389601 -0.70192
0 31 -0.0886525 -0.69207
1 31 -0.0780772 -0.701402
2 31 -0.0694718 -0.707104
0 32 -0.0824318 -0.699328
1 32 -0.0720638 -0.704512
2 32 -0.0642878 -0.712288
0 33 -0.0720638 -0.800416
1 33 -0.0616958 -0.8056
2 33 -0.0513278 -0.815968
0 34 -0.3628 -0.79912
1 34 -0.357184 -0.808192
2 34 -0.349408 -0.81856
0 35 -0.336448 -0.800416
1 35 -0.328672 -0.808192
2 35 -0.320896 -0.821152
0 36 -0.00985578 -0.813376
1 36 0.00051225 -0.81856
2 36 0.0108802 -0.828928
0 37 -0.0720638 -0.810784
1 37 -0.0616958 -0.81856
2 37 -0.0513278 -0.828928
0 38 -0.0902078 -0.826336
1 38 -0.0798398 -0.83152
2 38 -0.0694718 -0.841888
0 39 0.0108802 -0.826336
1 39 0.0212482 -0.834112
2 39 0.0316163 -0.84448
0 40 -0.100576 -0.826336
1 40 -0.0927998 -0.834112
2 40 -0.0824318 -0.84448
0 41 0.0160643 -0.834112
1 41 0.0290243 -0.841888
2 41 0.0393922 -0.849664
0 42 -0.186319 -0.111669
1 42 -0.181965 -0.110425
2 42 -0.178336 -0.113536
0 43 -0.186319 -0.111669
1 43 -0.181965 -0.110425
2 43 -0.178854 -0.113536
0 44 -0.0876158 -0.691552
1 44 -0.0793214 -0.698291
2 44 -0.0699902 -0.707622
0 45 -0.0824318 -0.699328
1 45 -0.0731005 -0.704512
2 45 -0.0637693 -0.713843
0 46 -0.371699 -0.785382
1 46 -0.365478 -0.794714
2 46 -0.359257 -0.807155
0 47 -0.0886525 -0.825818
1 47 -0.0793214 -0.832038
2 47 -0.0699902 -0.84137
0 48 -0.0720638 -0.810784
1 48 -0.060659 -0.816486
2 48 -0.0513278 -0.828928
0 49 -0.0108926 -0.813376
1 49 -0.00156136 -0.819597
2 49 0.0108803 -0.828928
0 50 -0.362368 -0.800934
1 50 -0.356147 -0.807155
2 50 -0.349926 -0.819597
0 51 -0.0699902 -0.800934
1 51 -0.060659 -0.807155
2 51 -0.0513278 -0.816486
0 52 0.0139907 -0.68896
1 52 0.0264323 -0.695181
2 52 0.0357635 -0.704512
0 53 0.078687 -0.865631
1 53 0.0898844 -0.873096
2 53 0.101082 -0.880561
0 54 -0.0886525 -0.825818
1 54 -0.0818097 -0.835771
2 54 -0.0706122 -0.843236
0 55 0.0077699 -0.824573
1 55 0.0189673 -0.832038
2 55 0.0301648 -0.843236
0 56 -0.0706122 -0.802178
1 56 -0.060659 -0.807155
2 56 -0.0519498 -0.817108
0 57 -0.369211 -0.787249
1 57 -0.365478 -0.798446
2 57 -0.358013 -0.809643
0 58 0.0152349 -0.693937
1 58 0.0226998 -0.697669
2 58 0.0338973 -0.705134
0 59 -0.0892746 -0.693937
1 59 -0.0793214 -0.698291
2 59 -0.0706122 -0.708866
0 60 -0.335618 -0.790981
1 60 -0.328153 -0.798446
2 60 -0.320688 -0.809643
0 61 -0.186319 -0.111669
1 61 -0.181965 -0.110425
2 61 -0.178854 -0.115402
0 62 -0.186319 -0.100472
1 62 -0.182587 -0.100472
2 62 -0.178854 -0.104205
