63
0 0 0.385417 -0.9375
1 0 0.390625 -0.941667
2 0 0.394792 -0.941667
0 1 -0.257292 -0.834375
1 1 -0.2575 -0.84125
2 1 -0.259375 -0.841667
0 2 0.02 -0.8475
1 2 0.02125 -0.8525
2 2 0.02125 -0.8525
0 3 0.39875 -0.90125
1 3 0.40375 -0.905
2 3 0.40875 -0.905
0 4 0.0206001 -0.6724
1 4 0.0216801 -0.676
2 4 0.02 -0.67375
0 5 0.16 -0.83375
1 5 0.16375 -0.8375
2 5 0.165 -0.8375
0 6 0.4805 -0.9025
1 6 0.4865 -0.907
2 6 0.4925 -0.9055
0 7 0.0312501 -0.8425
1 7 0.0335 -0.847
2 7 0.0335 -0.847
0 8 0.0188001 -0.847
1 8 0.0195201 -0.85096
2 8 0.02 -0.853
0 9 0.4025 -0.9055
1 9 0.4085 -0.9085
2 9 0.4145 -0.9085
0 10 0.0206001 -0.6724
1 10 0.0216801 -0.676
2 10 0.02 -0.6745
0 11 0.3815 -0.88
1 11 0.386 -0.8845
2 11 0.3905 -0.883
0 12 0.1322 -0.8164
1 12 0.134 -0.82
2 12 0.1358 -0.82
0 13 0.4904 -0.9172
1 13 0.4976 -0.919
2 13 0.503 -0.919
0 14 0.0237501 -0.85
1 14 0.0260001 -0.8542
2 14 0.0260001 -0.8542
0 15 -0.4636 -0.3916
1 15 -0.4762 -0.3934
2 15 -0.496 -0.3916
0 16 0.4004 -0.8992
1 16 0.4058 -0.9028
2 16 0.4112 -0.9028
0 17 0.4148 -0.9136
1 17 0.4202 -0.9172
2 17 0.4256 -0.9172
0 18 0.4814 -0.9028
1 18 0.4868 -0.9082
2 18 0.494 -0.9064
0 19 0.4814 -0.9082
1 19 0.4886 -0.9136
2 19 0.494 -0.9118
0 20 0.0206001 -0.6724
1 20 0.0216801 -0.676
2 20 0.0206001 -0.6742
0 21 0.0314001 -0.8416
1 21 0.0332001 -0.847
2 21 0.0332001 -0.847
0 22 0.28736 -0.8704
1 22 0.2924 -0.874
2 22 0.296 -0.874
0 23 0.02 -0.8475
1 23 0.0206001 -0.8506
2 23 0.0195201 -0.8488
0 24 0.0212482 -0.673408
1 24 0.0216801 -0.676
2 24 0.0195201 -0.67384
0 25 0.0195201 -0.676
1 25 0.0212482 -0.678592
2 25 0.0195201 -0.67816
0 26 0.023 -0.85
1 26 0.0260002 -0.85312
2 26 0.0260002 -0.85312
0 27 0.0584002 -0.8164
1 27 0.0605602 -0.82072
2 27 0.0605602 -0.82072
0 28 0.41912 -0.84232
1 28 0.4256 -0.84448
2 28 0.42992 -0.84448
0 29 0.4148 -0.838
1 29 0.42128 -0.84016
2 29 0.4256 -0.838
0 30 0.404 -0.90496
1 30 0.41048 -0.90928
2 30 0.4148 -0.90712
0 31 -0.25912 -0.83584
1 31 -0.25912 -0.84232
2 31 -0.26128 -0.84448
0 32 0.38456 -0.86608
1 32 0.39104 -0.86824
2 32 0.39536 -0.86824
0 33 0.0264322 -0.681184
1 33 0.0290243 -0.686368
2 33 0.0260002 -0.68248
0 34 0.4904 -0.917056
1 34 0.498176 -0.919648
2 34 0.50336 -0.919648
0 35 0.130112 -0.815968
1 35 0.132704 -0.81856
2 35 0.135296 -0.81856
0 36 0.0212482 -0.673408
1 36 0.0212482 -0.678592
2 36 0.0212482 -0.676
0 37 0.415232 -0.911872
1 37 0.420416 -0.914464
2 37 0.4256 -0.914464
0 38 -0.294976 -0.839296
1 38 -0.294976 -0.847072
2 38 -0.297568 -0.847072
0 39 0.0186562 -0.84448
1 39 0.0212482 -0.849664
2 39 0.0212482 -0.849664
0 40 0.0238401 -0.8488
1 40 0.0264322 -0.852256
2 40 0.0264322 -0.852256
0 41 0.0316163 -0.841888
1 41 0.032653 -0.84448
2 41 0.0342082 -0.84448
0 42 0.0212482 -0.673408
1 42 0.0212482 -0.678592
2 42 0.0202115 -0.676518
0 43 0.0152349 -0.843236
1 43 0.0202115 -0.84759
2 43 0.0202115 -0.84759
0 44 0.0513155 -0.804045
1 44 0.0544259 -0.807155
2 44 0.0544259 -0.807155
0 45 0.0513155 -0.819597
1 45 0.0544259 -0.822707
2 45 0.0544259 -0.822707
0 46 0.0238403 -0.849664
1 46 0.0264323 -0.850701
2 46 0.0264323 -0.853811
0 47 -0.293939 -0.84137
1 47 -0.293939 -0.84759
2 47 -0.297049 -0.84759
0 48 0.0316163 -0.841888
1 48 0.032653 -0.84448
2 48 0.032653 -0.84448
0 49 0.169511 -0.84137
1 49 0.172621 -0.84448
2 49 0.172621 -0.84448
0 50 0.0152349 -0.843236
1 50 0.0189673 -0.846968
2 50 0.0189673 -0.846968
0 51 0.127209 -0.802178
1 51 0.130942 -0.805911
2 51 0.130942 -0.805911
0 52 0.0525597 -0.805911
1 52 0.0562922 -0.809643
2 52 0.0562922 -0.809643
0 53 0.0226998 -0.675274
1 53 0.0226998 -0.679007
2 53 0.0226998 -0.679007
0 54 0.130942 -0.813376
1 54 0.130942 -0.820841
2 54 0.134674 -0.817108
0 55 0.0525597 -0.820841
1 55 0.0562922 -0.824573
2 55 0.0525597 -0.824573
0 56 0.0338973 -0.839503
1 56 0.0338973 -0.843236
2 56 0.0338973 -0.843236
0 57 -0.260969 -0.839503
1 57 -0.260969 -0.846968
2 57 -0.264701 -0.846968
0 58 0.283973 -0.865631
1 58 0.287706 -0.869363
2 58 0.291438 -0.869363
0 59 0.164534 -0.843236
1 59 0.168267 -0.843236
2 59 0.171999 -0.843236
0 60 0.425808 -0.832038
1 60 0.42954 -0.835771
2 60 0.433273 -0.832038
0 61 0.157069 -0.832038
1 61 0.160802 -0.835771
2 61 0.160802 -0.835771
0 62 0.250381 -0.873096
1 62 0.250381 -0.876828
2 62 0.254114 -0.876828
