51
0 0 0.378125 -0.926042
1 0 0.380208 -0.930208
2 0 0.385417 -0.934375
0 1 0.02125 -0.8425
1 1 0.0208333 -0.847917
2 1 0.021875 -0.853125
0 2 0.4 -0.89375
1 2 0.4025 -0.8975
2 2 0.4075 -0.90125
0 3 -0.255 -0.83
1 3 -0.257292 -0.834375
2 3 -0.2575 -0.84125
0 4 0.02125 -0.8425
1 4 0.02 -0.8475
2 4 0.02125 -0.8525
0 5 0.40125 -0.90125
1 5 0.40375 -0.905
2 5 0.40875 -0.90875
0 6 0.48875 -0.91
1 6 0.4925 -0.91375
2 6 0.49875 -0.9175
0 7 0.4125 -0.90875
1 7 0.415 -0.91375
2 7 0.42 -0.9175
0 8 0.0206001 -0.8416
1 8 0.02 -0.847
2 8 0.0215 -0.8515
0 9 0.3995 -0.901
1 9 0.4025 -0.9055
2 9 0.4085 -0.9085
0 10 0.4775 -0.8995
1 10 0.4805 -0.9025
2 10 0.4865 -0.907
0 11 0.03375 -0.8375
1 11 0.0312501 -0.8425
2 11 0.0335 -0.847
0 12 0.3986 -0.8956
1 12 0.4004 -0.8992
2 12 0.4058 -0.9028
0 13 0.1322 -0.811
1 13 0.1322 -0.8164
2 13 0.134 -0.82
0 14 0.4112 -0.9082
1 14 0.4148 -0.9136
2 14 0.4202 -0.9172
0 15 0.02 -0.8425
1 15 0.02 -0.847
2 15 0.0206001 -0.8506
0 16 0.41264 -0.90712
1 16 0.4148 -0.91144
2 16 0.41912 -0.91576
0 17 0.41696 -0.838
1 17 0.41912 -0.84232
2 17 0.4256 -0.84448
0 18 0.0540801 -0.8164
1 18 0.0519201 -0.82072
2 18 0.0540801 -0.82504
0 19 0.41264 -0.83368
1 19 0.4148 -0.838
2 19 0.42128 -0.84016
0 20 0.0206001 -0.8416
1 20 0.0173601 -0.84664
2 20 0.0195201 -0.85096
0 21 0.40184 -0.90064
1 21 0.404 -0.90496
2 21 0.41048 -0.90928
0 22 0.0233219 -0.670297
1 22 0.0212482 -0.673408
2 22 0.0216801 -0.676
0 23 0.487808 -0.911872
1 23 0.4904 -0.917056
2 23 0.498176 -0.919648
0 24 0.0186562 -0.841888
1 24 0.0171011 -0.84448
2 24 0.0212482 -0.849664
0 25 0.0264323 -0.84137
1 25 0.0238401 -0.8488
2 25 0.0264322 -0.852256
0 26 -0.256096 -0.83152
1 26 -0.26128 -0.836704
2 26 -0.258688 -0.84448
0 27 0.0216801 -0.66952
1 27 0.0212482 -0.673408
2 27 0.0212482 -0.678592
0 28 -0.29152 -0.83368
1 28 -0.294976 -0.839296
2 28 -0.294976 -0.847072
0 29 0.0301648 -0.679007
1 29 0.0264322 -0.681184
2 29 0.0295427 -0.68585
0 30 0.0233219 -0.670297
1 30 0.0226998 -0.675274
2 30 0.0233219 -0.676518
0 31 0.0544259 -0.800934
1 31 0.0513155 -0.804045
2 31 0.0544259 -0.807155
0 32 0.0544259 -0.816486
1 32 0.0513155 -0.819597
2 32 0.0544259 -0.822707
0 33 0.421453 -0.825818
1 33 0.424564 -0.828928
2 33 0.430784 -0.832038
0 34 0.169511 -0.835149
1 34 0.169511 -0.84137
2 34 0.172621 -0.84448
0 35 0.032653 -0.835149
1 35 0.0316163 -0.841888
2 35 0.032653 -0.84448
0 36 -0.256096 -0.83152
1 36 -0.259725 -0.838259
2 36 -0.259725 -0.84448
0 37 -0.290829 -0.835149
1 37 -0.293939 -0.84137
2 37 -0.293939 -0.84759
0 38 0.0202115 -0.838259
1 38 0.0171011 -0.84448
2 38 0.0202115 -0.84759
0 39 0.0202115 -0.838259
1 39 0.0152349 -0.843236
2 39 0.0189673 -0.846968
0 40 0.0562922 -0.802178
1 40 0.0525597 -0.805911
2 40 0.0562922 -0.809643
0 41 0.0544259 -0.816486
1 41 0.0525597 -0.820841
2 41 0.0562922 -0.824573
0 42 0.0226998 -0.671542
1 42 0.0226998 -0.675274
2 42 0.0226998 -0.679007
0 43 0.0338973 -0.835771
1 43 0.0338973 -0.839503
2 43 0.0338973 -0.843236
0 44 -0.257236 -0.835771
1 44 -0.260969 -0.839503
2 44 -0.260969 -0.846968
0 45 -0.290829 -0.835771
1 45 -0.294561 -0.843236
2 45 -0.294561 -0.846968
0 46 0.463133 -0.846968
1 46 0.466865 -0.850701
2 46 0.47433 -0.854433
0 47 -0.447593 -0.391606
1 47 -0.462523 -0.395338
2 47 -0.477453 -0.395338
0 48 0.157069 -0.828306
1 48 0.157069 -0.832038
2 48 0.160802 -0.835771
0 49 0.478063 -0.843236
1 49 0.481795 -0.846968
2 49 0.48926 -0.850701
0 50 0.283973 -0.861898
1 50 0.283973 -0.865631
2 50 0.287706 -0.869363
