22
0 0 -0.72625 -0.85125
1 0 -0.673958 -0.875
2 0 -0.64625 -0.90125
0 1 -0.5914 -0.7966
1 1 -0.5374 -0.82
2 1 -0.5125 -0.84375
0 2 -0.59176 -0.79696
1 2 -0.5374 -0.82
2 2 -0.5125 -0.844
0 3 -0.586 -0.5932
1 3 -0.535 -0.61875
2 3 -0.5155 -0.643
0 4 -0.59176 -0.79696
1 4 -0.5374 -0.8236
2 4 -0.514 -0.8452
0 5 -0.81856 -0.8488
1 5 -0.77104 -0.87472
2 5 -0.74944 -0.9028
0 6 -0.59176 -0.79696
1 6 -0.538624 -0.823744
2 6 -0.514 -0.84448
0 7 -0.568 -0.568
1 7 -0.514 -0.59176
2 7 -0.4924 -0.61552
0 8 -0.586 -0.5932
1 8 -0.53776 -0.61984
2 8 -0.51616 -0.6436
0 9 -0.477453 -0.489894
1 9 -0.427686 -0.514777
2 9 -0.40384 -0.536032
0 10 -0.590464 -0.795232
1 10 -0.538624 -0.823744
2 10 -0.512704 -0.847072
0 11 -0.58528 -0.593056
1 11 -0.536032 -0.618976
2 11 -0.512704 -0.642304
0 12 -0.590464 -0.795232
1 12 -0.538624 -0.823744
2 12 -0.514777 -0.84759
0 13 -0.477453 -0.489894
1 13 -0.427686 -0.514777
2 13 -0.405913 -0.53655
0 14 -0.564544 -0.567654
1 14 -0.514777 -0.595648
2 14 -0.493005 -0.617421
0 15 -0.580096 -0.589427
1 15 -0.53344 -0.617421
2 15 -0.508557 -0.639194
0 16 -0.586317 -0.592537
1 16 -0.536032 -0.618976
2 16 -0.514777 -0.642304
0 17 -0.585695 -0.798446
1 17 -0.53655 -0.825818
2 17 -0.511045 -0.850701
0 18 -0.477453 -0.492383
1 18 -0.427686 -0.514777
2 18 -0.406536 -0.537172
0 19 -0.148994 -0.794714
1 19 -0.0967396 -0.817108
2 19 -0.0706122 -0.835771
0 20 -0.585695 -0.59316
1 20 -0.53344 -0.617421
2 20 -0.511045 -0.641682
0 21 -0.466255 -0.477453
1 21 -0.417733 -0.50358
2 21 -0.399071 -0.522242
