53
0 0 -0.48125 -0.71875
1 0 -0.466 -0.724
2 0 -0.45625 -0.7225
0 1 -0.4825 -0.718
1 1 -0.466 -0.724
2 1 -0.457 -0.7225
0 2 -0.6415 -0.4
1 2 -0.6355 -0.4045
2 2 -0.6385 -0.4
0 3 -0.6355 -0.409
1 3 -0.628 -0.4135
2 3 -0.6325 -0.409
0 4 -0.6415 -0.4075
1 4 -0.634 -0.412
2 4 -0.6385 -0.4075
0 5 0.1358 -0.9226
1 5 0.1574 -0.9298
2 5 0.1718 -0.928
0 6 -0.4834 -0.7192
1 6 -0.4654 -0.7246
2 6 -0.4564 -0.7228
0 7 -0.4816 -0.7552
1 7 -0.4636 -0.7624
2 7 -0.4546 -0.7606
0 8 -0.0711999 -0.37792
1 8 -0.0531999 -0.379
2 8 -0.0441999 -0.3718
0 9 -0.5032 -0.784
1 9 -0.4852 -0.793
2 9 -0.478 -0.7912
0 10 -0.487 -0.784
1 10 -0.4708 -0.7912
2 10 -0.4618 -0.7894
0 11 0.2978 -0.1828
1 11 0.3212 -0.1774
2 11 0.3338 -0.163
0 12 0.13616 -0.92224
1 12 0.1574 -0.9298
2 12 0.17288 -0.92872
0 13 -0.0711999 -0.37792
1 13 -0.0539198 -0.380512
2 13 -0.0452799 -0.37144
0 14 -0.6004 -0.39304
1 14 -0.59392 -0.39736
2 14 -0.59608 -0.39304
0 15 -0.66088 -0.37792
1 15 -0.6544 -0.38224
2 15 -0.65872 -0.37792
0 16 -0.63928 -0.406
1 16 -0.6328 -0.41032
2 16 -0.63712 -0.406
0 17 -0.48376 -0.7192
1 17 -0.46648 -0.72568
2 17 -0.45784 -0.72352
0 18 -0.49672 -0.7192
1 18 -0.47944 -0.72568
2 18 -0.4708 -0.72352
0 19 -0.5032 -0.784
1 19 -0.484192 -0.79264
2 19 -0.47728 -0.79048
0 20 -0.44704 -0.76888
1 20 -0.42976 -0.77752
2 20 -0.42112 -0.77536
0 21 -0.600832 -0.385696
1 21 -0.593056 -0.388288
2 21 -0.595648 -0.385696
0 22 -0.0720638 -0.37792
1 22 -0.0539198 -0.380512
2 22 -0.0461438 -0.372736
0 23 -0.479008 -0.75376
1 23 -0.460864 -0.761536
2 23 -0.453088 -0.758944
0 24 -0.639712 -0.406432
1 24 -0.631936 -0.411616
2 24 -0.63712 -0.406432
0 25 -0.502336 -0.784864
1 25 -0.484192 -0.79264
2 25 -0.476416 -0.790048
0 26 -0.447904 -0.769312
1 26 -0.42976 -0.774496
2 26 -0.419392 -0.774496
0 27 0.298592 -0.186112
1 27 0.32192 -0.178336
2 27 0.33488 -0.165376
0 28 -0.601869 -0.38103
1 28 -0.592537 -0.387251
2 28 -0.598758 -0.384141
0 29 -0.654746 -0.387251
1 29 -0.648525 -0.390361
2 29 -0.651635 -0.387251
0 30 -0.0731005 -0.37792
1 30 -0.0575485 -0.37792
2 30 -0.0482173 -0.371699
0 31 -0.667187 -0.362368
1 31 -0.660966 -0.365478
2 31 -0.667187 -0.362368
0 32 -0.6112 -0.421465
1 32 -0.604979 -0.424576
2 32 -0.604979 -0.421465
0 33 -0.598758 -0.412134
1 33 -0.592537 -0.415245
2 33 -0.595648 -0.412134
0 34 -0.502336 -0.784864
1 34 -0.484192 -0.79264
2 34 -0.474342 -0.791603
0 35 -0.629862 -0.396582
1 35 -0.620531 -0.402803
2 35 -0.626752 -0.396582
0 36 -0.489894 -0.782272
1 36 -0.471232 -0.788493
2 36 -0.461901 -0.788493
0 37 -0.623641 -0.337485
1 37 -0.617421 -0.340595
2 37 -0.623641 -0.334374
0 38 -0.483673 -0.720064
1 38 -0.468121 -0.726285
2 38 -0.45879 -0.723174
0 39 -0.446349 -0.76672
1 39 -0.430797 -0.772941
2 39 -0.421465 -0.772941
0 40 0.297037 -0.175744
1 40 0.32192 -0.172633
2 40 0.334362 -0.157081
0 41 -0.59316 -0.384141
1 41 -0.585695 -0.387873
2 41 -0.589427 -0.384141
0 42 -0.481185 -0.365478
1 42 -0.47372 -0.369211
2 42 -0.47372 -0.365478
0 43 -0.637949 -0.410268
1 43 -0.630484 -0.414
2 43 -0.634217 -0.410268
0 44 -0.0743447 -0.380408
1 44 -0.0575485 -0.37792
2 44 -0.0482173 -0.372943
0 45 -0.496115 -0.720064
1 45 -0.480563 -0.726285
2 45 -0.469988 -0.727529
0 46 -0.604357 -0.384141
1 46 -0.596892 -0.387873
2 46 -0.596892 -0.384141
0 47 -0.600625 -0.414
1 47 -0.59316 -0.417733
2 47 -0.596892 -0.414
0 48 -0.608089 -0.421465
1 48 -0.600625 -0.425198
2 48 -0.604357 -0.421465
0 49 -0.447593 -0.768586
1 49 -0.42893 -0.772319
2 49 -0.421465 -0.772319
0 50 -0.502336 -0.785382
1 50 -0.481185 -0.790981
2 50 -0.47372 -0.790981
0 51 0.300148 -0.185075
1 51 0.325031 -0.182587
2 51 0.336228 -0.167657
0 52 0.298903 -0.175122
1 52 0.321298 -0.171389
2 52 0.332496 -0.156459
