40
0 0 0.035 -0.8725
1 0 0.034375 -0.858333
2 0 0.0425001 -0.86
0 1 0.455 -0.9415
1 1 0.461 -0.9325
2 1 0.4775 -0.9355
0 2 0.0224001 -0.8776
1 2 0.0216801 -0.86176
2 2 0.029 -0.8665
0 3 0.0350001 -0.8722
1 3 0.0350001 -0.8578
2 3 0.0425001 -0.8605
0 4 0.329 -0.8935
1 4 0.335 -0.885
2 4 0.347 -0.8845
0 5 -0.4654 -0.3484
1 5 -0.4744 -0.3214
2 5 -0.4834 -0.316
0 6 0.0224001 -0.8776
1 6 0.0216801 -0.86176
2 6 0.0296001 -0.865
0 7 -0.3196 -0.8668
1 7 -0.32176 -0.8488
2 7 -0.3196 -0.8488
0 8 0.0278001 -0.8812
1 8 0.0260001 -0.8668
2 8 0.0350001 -0.8686
0 9 0.182 -0.862
1 9 0.1844 -0.8488
2 9 0.1934 -0.8506
0 10 -0.46432 -0.34984
1 10 -0.47512 -0.32392
2 10 -0.48376 -0.31528
0 11 0.0281602 -0.8812
1 11 0.0260001 -0.8668
2 11 0.0346401 -0.86824
0 12 0.0584002 -0.84664
1 12 0.0605602 -0.83368
2 12 0.0670401 -0.83584
0 13 0.14912 -0.84232
1 13 0.15128 -0.82936
2 13 0.15992 -0.82936
0 14 0.0281602 -0.8812
1 14 0.0260001 -0.8668
2 14 0.0368003 -0.867808
0 15 -0.463456 -0.349408
1 15 -0.473824 -0.323488
2 15 -0.4816 -0.315712
0 16 0.474848 -0.867808
1 16 0.482624 -0.85744
2 16 0.498176 -0.860032
0 17 -0.318304 -0.867808
1 17 -0.320896 -0.849664
2 17 -0.318304 -0.849664
0 18 -0.569728 -0.406432
1 18 -0.582688 -0.380512
2 18 -0.590464 -0.375328
0 19 0.0238403 -0.683776
1 19 0.0264323 -0.664077
2 19 0.0342082 -0.66304
0 20 0.0601283 -0.828928
1 20 0.0601283 -0.813376
2 20 0.0679043 -0.815968
0 21 0.480032 -0.872992
1 21 0.487808 -0.862624
2 21 0.50336 -0.865216
0 22 -0.414208 -0.40384
1 22 -0.42112 -0.3844
2 22 -0.427168 -0.37792
0 23 0.0233219 -0.679629
1 23 0.0264322 -0.66304
2 23 0.032653 -0.660966
0 24 0.147738 -0.84137
1 24 0.150848 -0.825818
2 24 0.16018 -0.828928
0 25 0.0202115 -0.875584
1 25 0.0202115 -0.860032
2 25 0.0264323 -0.863142
0 26 -0.281497 -0.866253
1 26 -0.284608 -0.84759
2 26 -0.281497 -0.84759
0 27 -0.318822 -0.869363
1 27 -0.321933 -0.850701
2 27 -0.318822 -0.850701
0 28 0.0376298 -0.869363
1 28 0.0357635 -0.856922
2 28 0.0450947 -0.856922
0 29 0.0202115 -0.875584
1 29 0.0189673 -0.858166
2 29 0.0264323 -0.861898
0 30 0.0264323 -0.876828
1 30 0.0264323 -0.865631
2 30 0.0376298 -0.865631
0 31 -0.462523 -0.354281
1 31 -0.47372 -0.328153
2 31 -0.481185 -0.320688
0 32 0.145872 -0.843236
1 32 0.149604 -0.828306
2 32 0.157069 -0.828306
0 33 0.0600246 -0.828306
1 33 0.0600246 -0.813376
2 33 0.0674896 -0.817108
0 34 0.0376298 -0.869363
1 34 0.0376298 -0.854433
2 34 0.0450947 -0.858166
0 35 0.0264323 -0.682739
1 35 0.0264323 -0.664077
2 35 0.0338973 -0.664077
0 36 -0.316956 -0.869363
1 36 -0.320688 -0.850701
2 36 -0.316956 -0.850701
0 37 -0.283364 -0.869363
1 37 -0.287096 -0.850701
2 37 -0.283364 -0.850701
0 38 0.0600246 -0.846968
1 38 0.0600246 -0.832038
2 38 0.0674896 -0.835771
0 39 0.179464 -0.861898
1 39 0.179464 -0.846968
2 39 0.190661 -0.850701
