20
0 0 -0.585417 -0.284375
1 0 -0.5925 -0.26125
2 0 -0.61375 -0.265
0 1 -0.7606 -0.3286
1 1 -0.7696 -0.3106
2 1 -0.793 -0.3196
0 2 -0.5752 -0.2818
1 2 -0.5815 -0.2605
2 2 -0.6022 -0.2638
0 3 -0.6598 -0.6742
1 3 -0.6472 -0.6562
2 3 -0.6472 -0.667
0 4 -0.66952 -0.68032
1 4 -0.6562 -0.6634
2 4 -0.6562 -0.6742
0 5 -0.5878 -0.2872
1 5 -0.595 -0.2638
2 5 -0.61552 -0.26992
0 6 -0.76024 -0.3304
1 6 -0.76888 -0.31096
2 6 -0.79264 -0.3196
0 7 -0.66952 -0.68032
1 7 -0.65656 -0.66304
2 7 -0.65656 -0.67384
0 8 -0.77752 -0.60472
1 8 -0.76672 -0.58744
2 8 -0.77104 -0.59824
0 9 -0.58744 -0.2872
1 9 -0.595648 -0.263872
2 9 -0.616384 -0.271648
0 10 -0.586317 -0.287718
1 10 -0.592537 -0.265945
2 10 -0.61431 -0.269056
0 11 -0.903578 -0.505446
1 11 -0.894246 -0.489894
2 11 -0.903578 -0.502336
0 12 0.336228 -0.242306
1 12 0.362356 -0.212446
2 12 0.368576 -0.203737
0 13 -0.670297 -0.679629
1 13 -0.657856 -0.660966
2 13 -0.657856 -0.673408
0 14 -0.152416 -0.841888
1 14 -0.134272 -0.823744
2 14 -0.122867 -0.828928
0 15 -0.585695 -0.290829
1 15 -0.59316 -0.268434
2 15 -0.615554 -0.272166
0 16 -0.873096 -0.540905
1 16 -0.865631 -0.525975
2 16 -0.873096 -0.537172
0 17 -0.148994 -0.843236
1 17 -0.134064 -0.824573
2 17 -0.122867 -0.828306
0 18 -0.731261 -0.608089
1 18 -0.720064 -0.589427
2 18 -0.723796 -0.600625
0 19 -0.660344 -0.679007
1 19 -0.645414 -0.660344
2 19 -0.645414 -0.671542
