14
0 0 -0.68032 -0.82072
1 0 -0.5785 -0.835
2 0 -0.5075 -0.85375
0 1 -0.681184 -0.821152
1 1 -0.5824 -0.8362
2 1 -0.51125 -0.85125
0 2 -0.681184 -0.821152
1 2 -0.5824 -0.8362
2 2 -0.511 -0.8515
0 3 -0.68032 -0.82072
1 3 -0.5824 -0.8362
2 3 -0.508 -0.8545
0 4 -0.68032 -0.82072
1 4 -0.574912 -0.836704
2 4 -0.5068 -0.8542
0 5 -0.681184 -0.821152
1 5 -0.580096 -0.835149
2 5 -0.50968 -0.85312
0 6 -0.227584 -0.815968
1 6 -0.13168 -0.826336
2 6 -0.0647199 -0.84016
0 7 -0.681184 -0.821152
1 7 -0.574912 -0.836704
2 7 -0.504928 -0.854848
0 8 -0.227584 -0.815968
1 8 -0.13168 -0.826336
2 8 -0.0668798 -0.84448
0 9 -0.681184 -0.821152
1 9 -0.582688 -0.836704
2 9 -0.508557 -0.856922
0 10 -0.224992 -0.810784
1 10 -0.134064 -0.828306
2 10 -0.0637693 -0.838259
0 11 -0.682739 -0.820841
1 11 -0.57823 -0.835771
2 11 -0.511045 -0.858166
0 12 -0.228621 -0.816486
1 12 -0.134064 -0.828306
2 12 -0.0668797 -0.843236
0 13 -0.22551 -0.794714
1 13 -0.130332 -0.805911
2 13 -0.0631472 -0.820841
