52
0 0 -0.352 -0.6742
1 0 -0.32625 -0.68375
2 0 -0.2875 -0.7
0 1 -0.35416 -0.67384
1 1 -0.33256 -0.68248
2 1 -0.2935 -0.7015
0 2 -0.2674 -0.667
1 2 -0.244 -0.6742
2 2 -0.2062 -0.6904
0 3 -0.2512 -0.6814
1 3 -0.2278 -0.6886
2 3 -0.19 -0.7048
0 4 -0.352 -0.6742
1 4 -0.3268 -0.6814
2 4 -0.289 -0.6994
0 5 -0.33875 -0.88
1 5 -0.31528 -0.88984
2 5 -0.2746 -0.91
0 6 -0.0477999 -0.7696
1 6 -0.0225999 -0.7768
2 6 0.0188001 -0.793
0 7 -0.3304 -0.55288
1 7 -0.3075 -0.5575
2 7 -0.271 -0.5734
0 8 -0.35416 -0.67384
1 8 -0.33256 -0.68248
2 8 -0.2944 -0.7012
0 9 -0.10576 -0.72568
1 9 -0.0819998 -0.73216
2 9 -0.0431199 -0.74728
0 10 -0.33875 -0.88
1 10 -0.316 -0.8902
2 10 -0.27424 -0.91144
0 11 -0.3304 -0.55288
1 11 -0.306381 -0.564544
2 11 -0.26992 -0.57664
0 12 0.0994401 -0.86392
1 12 0.12536 -0.8704
2 12 0.16856 -0.88552
0 13 -0.0495998 -0.72352
1 13 -0.0236799 -0.73
2 13 0.0173601 -0.74512
0 14 -0.32608 -0.55936
1 14 -0.3034 -0.5644
2 14 -0.2656 -0.58096
0 15 -0.0755199 -0.7084
1 15 -0.0495998 -0.71488
2 15 -0.0107199 -0.73
0 16 -0.3412 -0.67384
1 16 -0.320896 -0.681184
2 16 -0.28072 -0.69976
0 17 -0.58312 -0.62848
1 17 -0.5572 -0.63928
2 17 -0.51832 -0.65872
0 18 -0.339351 -0.0183575
1 18 -0.328153 -0.0202237
2 18 -0.30016 -0.0344798
0 19 -0.35416 -0.67384
1 19 -0.33256 -0.68248
2 19 -0.29584 -0.69976
0 20 -0.33904 -0.00726376
1 20 -0.32608 -0.0128799
2 20 -0.30016 -0.0301599
0 21 0.0990083 -0.865216
1 21 0.12536 -0.8704
2 21 0.168992 -0.885952
0 22 -0.341667 -0.880208
1 22 -0.316 -0.8902
2 22 -0.27424 -0.911872
0 23 -0.3412 -0.0128799
1 23 -0.328153 -0.0202237
2 23 -0.30016 -0.0357758
0 24 -0.33904 -0.00726376
1 24 -0.32608 -0.0128799
2 24 -0.30016 -0.0305918
0 25 -0.331264 -0.8056
1 25 -0.307936 -0.813376
2 25 -0.271648 -0.83152
0 26 -0.253504 -0.681184
1 26 -0.227584 -0.68896
2 26 -0.191296 -0.704512
0 27 -0.3322 -0.5518
1 27 -0.3088 -0.559
2 27 -0.271648 -0.577504
0 28 -0.3286 -0.5572
1 28 -0.302752 -0.567136
2 28 -0.266464 -0.582688
0 29 -0.608608 -0.626752
1 29 -0.583206 -0.639194
2 29 -0.543808 -0.657856
0 30 -0.354592 -0.673408
1 30 -0.33256 -0.68248
2 30 -0.294976 -0.699328
0 31 -0.266464 -0.665632
1 31 -0.243136 -0.673408
2 31 -0.206848 -0.691552
0 32 -0.582688 -0.629344
1 32 -0.556768 -0.639712
2 32 -0.517888 -0.660448
0 33 -0.53344 -0.735616
1 33 -0.50752 -0.743392
2 33 -0.46864 -0.764128
0 34 0.0990083 -0.865216
1 34 0.122855 -0.872474
2 34 0.1664 -0.888026
0 35 -0.340595 -0.673408
1 35 -0.315712 -0.681184
2 35 -0.278387 -0.698291
0 36 -0.339351 -0.0183575
1 36 -0.328153 -0.0202237
2 36 -0.30016 -0.0388861
0 37 -0.242306 -0.570765
1 37 -0.216179 -0.573875
2 37 -0.181965 -0.589427
0 38 -0.608608 -0.626752
1 38 -0.58528 -0.63712
2 38 -0.545881 -0.657856
0 39 -0.354592 -0.673408
1 39 -0.331264 -0.679629
2 39 -0.297049 -0.698291
0 40 -0.33904 -0.00726376
1 40 -0.32608 -0.0128799
2 40 -0.30016 -0.0295549
0 41 -0.250393 -0.679629
1 41 -0.228621 -0.68896
2 41 -0.191296 -0.704512
0 42 -0.583206 -0.629862
1 42 -0.559567 -0.641682
2 42 -0.522242 -0.664077
0 43 -0.268434 -0.656612
1 43 -0.246039 -0.667809
2 43 -0.208714 -0.682739
0 44 -0.324421 -0.656612
1 44 -0.298294 -0.664077
2 44 -0.260969 -0.682739
0 45 -0.253504 -0.679007
1 45 -0.231109 -0.690204
2 45 -0.193784 -0.705134
0 46 -0.328153 -0.559567
1 46 -0.306381 -0.564544
2 46 -0.268434 -0.581962
0 47 -0.242306 -0.570765
1 47 -0.216179 -0.574497
2 47 -0.182587 -0.589427
0 48 -0.339351 -0.00716
1 48 -0.325043 -0.0108926
2 48 -0.298294 -0.0295549
0 49 -0.3412 -0.0128799
1 49 -0.32824 -0.0193598
2 49 -0.302026 -0.0407523
0 50 -0.576985 -0.620531
1 50 -0.555835 -0.630484
2 50 -0.514777 -0.652879
0 51 -0.171389 -0.716331
1 51 -0.145262 -0.723796
2 51 -0.107937 -0.738726
