50
0 0 -0.673958 -0.195833
1 0 -0.672917 -0.216667
2 0 -0.665625 -0.228125
0 1 -0.694792 -0.919792
1 1 -0.694792 -0.942708
2 1 -0.688542 -0.958333
0 2 -0.658333 -0.852083
1 2 -0.6575 -0.8775
2 2 -0.65 -0.891667
0 3 -0.694 -0.919
1 3 -0.695 -0.9425
2 3 -0.68875 -0.9575
0 4 -0.658333 -0.852083
1 4 -0.6575 -0.8775
2 4 -0.65 -0.89125
0 5 -0.547 -0.181
1 5 -0.547 -0.199
2 5 -0.5395 -0.211
0 6 -0.658 -0.8515
1 6 -0.658 -0.877
2 6 -0.6505 -0.892
0 7 -0.0459999 -0.5986
1 7 -0.0441999 -0.6184
2 7 -0.0351999 -0.631
0 8 -0.21808 -0.81856
1 8 -0.2152 -0.8416
2 8 -0.2062 -0.856
0 9 -0.0873999 -0.6418
1 9 -0.0855999 -0.6634
2 9 -0.0765999 -0.676
0 10 -0.0531999 -0.6832
1 10 -0.0513999 -0.7048
2 10 -0.0423999 -0.7192
0 11 -0.5464 -0.1792
1 11 -0.5464 -0.19864
2 11 -0.53992 -0.20944
0 12 -0.0387999 -0.61984
1 12 -0.0366398 -0.63928
2 12 -0.0279999 -0.65224
0 13 -0.0582399 -0.62416
1 13 -0.0582399 -0.64144
2 13 -0.0495998 -0.65656
0 14 -0.0863199 -0.64144
1 14 -0.0863199 -0.66304
2 14 -0.0776799 -0.676
0 15 -0.0884799 -0.60904
1 15 -0.0884799 -0.62632
2 15 -0.0798399 -0.63928
0 16 -0.55504 -0.2008
1 16 -0.55504 -0.22024
2 16 -0.5464 -0.23104
0 17 -0.0850238 -0.603424
1 17 -0.0850238 -0.621568
2 17 -0.0746558 -0.634528
0 18 -0.0176318 -0.595648
1 18 -0.0150398 -0.613792
2 18 -0.00726376 -0.629344
0 19 -0.0124477 -0.59824
1 19 -0.00985578 -0.618976
2 19 -0.00207977 -0.631936
0 20 -0.0565118 -0.600832
1 20 -0.0539198 -0.618976
2 20 -0.0461438 -0.631936
0 21 -0.0539198 -0.613792
1 21 -0.0539198 -0.631936
2 21 -0.0435518 -0.647488
0 22 -0.564544 -0.204256
1 22 -0.564544 -0.2224
2 22 -0.556768 -0.23536
0 23 -0.0850238 -0.642304
1 23 -0.0850238 -0.66304
2 23 -0.0772478 -0.676
0 24 -0.538624 -0.173152
1 24 -0.538624 -0.193888
2 24 -0.530848 -0.204256
0 25 -0.0824318 -0.712288
1 25 -0.0798398 -0.733024
2 25 -0.0720638 -0.748576
0 26 -0.375328 -0.712288
1 26 -0.375328 -0.735616
2 26 -0.367552 -0.748576
0 27 -0.486784 -0.720064
1 27 -0.486784 -0.743392
2 27 -0.479008 -0.756352
0 28 -0.554176 -0.201664
1 28 -0.556768 -0.219808
2 28 -0.5464 -0.232768
0 29 -0.554176 -0.201664
1 29 -0.558323 -0.219289
2 29 -0.548992 -0.231731
0 30 -0.564544 -0.203737
1 30 -0.564544 -0.2224
2 30 -0.558323 -0.234841
0 31 -0.0575485 -0.601869
1 31 -0.0575485 -0.620531
2 31 -0.0482173 -0.632973
0 32 -0.0886525 -0.60809
1 32 -0.0886525 -0.626752
2 32 -0.0793214 -0.639194
0 33 -0.0140029 -0.598758
1 33 -0.0171134 -0.61431
2 33 -0.00778211 -0.629862
0 34 -0.0575485 -0.626752
1 34 -0.0575485 -0.645414
2 34 -0.0482173 -0.657856
0 35 -0.0855422 -0.642304
1 35 -0.0855422 -0.660966
2 35 -0.076211 -0.676518
0 36 -0.0575485 -0.710733
1 36 -0.0575485 -0.732506
2 36 -0.0482173 -0.748058
0 37 -0.0824317 -0.713843
1 37 -0.0824317 -0.735616
2 37 -0.0731005 -0.748058
0 38 -0.0513278 -0.682739
1 38 -0.0513278 -0.704512
2 38 -0.0419965 -0.716954
0 39 -0.0357758 -0.68896
1 39 -0.0357758 -0.710733
2 39 -0.0264446 -0.723174
0 40 -0.219911 -0.817108
1 40 -0.216179 -0.839503
2 40 -0.208714 -0.854433
0 41 -0.0631472 -0.641682
1 41 -0.0631472 -0.660344
2 41 -0.0556823 -0.675274
0 42 -0.0855421 -0.641682
1 42 -0.0855421 -0.660344
2 42 -0.0743447 -0.675274
0 43 -0.0594147 -0.712599
1 43 -0.0556823 -0.734994
2 43 -0.0482173 -0.749924
0 44 -0.0295549 -0.749924
1 44 -0.0295549 -0.772319
2 44 -0.0183575 -0.787249
0 45 -0.0780772 -0.753656
1 45 -0.0743447 -0.772319
2 45 -0.0668797 -0.787249
0 46 -0.0407523 -0.600625
1 46 -0.0407523 -0.619287
2 46 -0.0295549 -0.634217
0 47 -0.014625 -0.600625
1 47 -0.0108925 -0.619287
2 47 -0.00342757 -0.634217
0 48 -0.0706122 -0.753656
1 48 -0.0668797 -0.776051
2 48 -0.0594147 -0.790981
0 49 0.000304921 -0.742459
1 49 0.000304921 -0.764854
2 49 0.0115024 -0.779784
