11
0 0 0.13616 -0.41032
1 0 0.13616 -0.39952
2 0 0.15128 -0.40168
0 1 0.00656013 -0.59608
1 1 0.00656013 -0.58528
2 1 0.0195201 -0.59392
0 2 0.00224012 -0.79264
1 2 0.00310421 -0.787456
2 2 0.0152002 -0.80344
0 3 0.00310421 -0.79264
1 3 0.00310421 -0.787456
2 3 0.0160643 -0.803008
0 4 0.0627202 -0.556768
1 4 0.0627202 -0.5464
2 4 0.0756803 -0.554176
0 5 0.0077699 -0.595648
1 5 0.0077699 -0.589427
2 5 0.0202115 -0.595648
0 6 0.00403741 -0.790981
1 6 0.00403741 -0.787249
2 6 0.0189673 -0.802178
0 7 0.0301648 -0.768586
1 7 0.0301648 -0.764854
2 7 0.0450947 -0.779784
0 8 0.160802 -0.798446
1 8 0.164534 -0.794714
2 8 0.183197 -0.809643
0 9 0.0077699 -0.595648
1 9 0.00465946 -0.586317
2 9 0.0189673 -0.596892
0 10 0.134674 -0.414
1 10 0.134674 -0.402803
2 10 0.149604 -0.406536
