8
0 0 0.3095 -0.8755
1 0 0.4022 -0.8812
2 0 0.47875 -0.87625
0 1 0.3095 -0.8755
1 1 0.4022 -0.8812
2 1 0.4778 -0.8776
0 2 -0.0979838 -0.551584
1 2 -0.0323199 -0.55288
2 2 0.0238401 -0.54856
0 3 0.22688 -0.88552
1 3 0.3068 -0.892
2 3 0.38888 -0.88984
0 4 0.316667 -0.871875
1 4 0.417824 -0.88336
2 4 0.4904 -0.87688
0 5 0.3068 -0.87472
1 5 0.39968 -0.88336
2 5 0.47744 -0.878176
0 6 0.226016 -0.885952
1 6 0.306368 -0.894246
2 6 0.387239 -0.891136
0 7 0.309479 -0.875584
1 7 0.39968 -0.884293
2 7 0.478063 -0.880561
