54
0 0 -0.13125 -0.95875
1 0 -0.119792 -0.959375
2 0 -0.110417 -0.959375
0 1 -0.13125 -0.95875
1 1 -0.11875 -0.96
2 1 -0.11 -0.9575
0 2 -0.052 -0.931
1 2 -0.0415 -0.9325
2 2 -0.0294999 -0.9325
0 3 0.335 -0.9145
1 3 0.3518 -0.9154
2 3 0.3695 -0.9175
0 4 0.3374 -0.91
1 4 0.3536 -0.9082
2 4 0.3725 -0.9115
0 5 -0.1525 -0.61
1 5 -0.14248 -0.60904
2 5 -0.1315 -0.604
0 6 -0.1594 -0.7444
1 6 -0.15 -0.74375
2 6 -0.139 -0.7405
0 7 -0.121 -0.826
1 7 -0.1105 -0.826
2 7 -0.0999999 -0.8245
0 8 -0.05375 -0.75125
1 8 -0.043 -0.751
2 8 -0.0309999 -0.748
0 9 0.3338 -0.9154
1 9 0.3518 -0.9154
2 9 0.3698 -0.9172
0 10 -0.1378 -0.874
1 10 -0.127 -0.8758
2 10 -0.1162 -0.874
0 11 0.33704 -0.90928
1 11 0.35432 -0.90928
2 11 0.3716 -0.9118
0 12 -0.1525 -0.61
1 12 -0.14248 -0.60904
2 12 -0.1306 -0.604
0 13 -0.1216 -0.8272
1 13 -0.1108 -0.8272
2 13 -0.0999999 -0.8236
0 14 -0.0531999 -0.9316
1 14 -0.0405999 -0.9334
2 14 -0.0297999 -0.9316
0 15 0.33272 -0.91576
1 15 0.35216 -0.91576
2 15 0.36944 -0.91792
0 16 0.33704 -0.90928
1 16 0.35432 -0.90928
2 16 0.3716 -0.91144
0 17 -0.13816 -0.87472
1 17 -0.12736 -0.87472
2 17 -0.11656 -0.87472
0 18 0.11672 -0.68896
1 18 0.13184 -0.68896
2 18 0.14696 -0.6868
0 19 -0.136 -0.83152
1 19 -0.1252 -0.83152
2 19 -0.1144 -0.82936
0 20 -0.136 -0.8272
1 20 -0.1252 -0.8272
2 20 -0.1144 -0.82504
0 21 -0.12304 -0.8272
1 21 -0.11224 -0.8272
2 21 -0.10144 -0.82504
0 22 -0.0517598 -0.60688
1 22 -0.0409599 -0.60472
2 22 -0.0279999 -0.6004
0 23 -0.1525 -0.61
1 23 -0.142048 -0.608608
2 23 -0.12952 -0.60472
0 24 0.0432802 -0.78184
1 24 0.0562401 -0.78184
2 24 0.0692001 -0.77968
0 25 0.332288 -0.917056
1 25 0.350432 -0.917056
2 25 0.368576 -0.919648
0 26 -0.160192 -0.7408
1 26 -0.149824 -0.7408
2 26 -0.139456 -0.738208
0 27 -0.0798398 -0.725248
1 27 -0.0694718 -0.725248
2 27 -0.0565118 -0.722656
0 28 -0.136864 -0.875584
1 28 -0.126496 -0.875584
2 28 -0.116128 -0.872992
0 29 -0.152416 -0.6112
1 29 -0.142048 -0.608608
2 29 -0.129088 -0.606016
0 30 -0.123904 -0.828928
1 30 -0.11224 -0.8272
2 30 -0.100576 -0.826336
0 31 -0.0642878 -0.491968
1 31 -0.0539198 -0.489376
2 31 -0.0409598 -0.484192
0 32 -0.228621 -0.0575485
1 32 -0.22551 -0.0419965
2 32 -0.214624 -0.0279998
0 33 -0.141529 -0.710733
1 33 -0.132198 -0.710733
2 33 -0.119757 -0.707622
0 34 -0.135309 -0.716954
1 34 -0.125977 -0.716954
2 34 -0.113536 -0.713843
0 35 -0.150861 -0.6112
1 35 -0.141529 -0.6112
2 35 -0.129088 -0.604979
0 36 -0.141529 -0.729395
1 36 -0.132198 -0.729395
2 36 -0.119757 -0.726285
0 37 -0.160192 -0.741837
1 37 -0.14775 -0.741837
2 37 -0.138419 -0.738726
0 38 -0.227584 -0.0565118
1 38 -0.22551 -0.0419965
2 38 -0.216179 -0.0264446
0 39 0.0917507 -0.673408
1 39 0.104192 -0.670297
2 39 0.119744 -0.670297
0 40 -0.076211 -0.729395
1 40 -0.0637693 -0.729395
2 40 -0.0513278 -0.726285
0 41 -0.0544381 -0.499225
1 41 -0.0419965 -0.496115
2 41 -0.0295549 -0.489894
0 42 -0.122867 -0.828928
1 42 -0.113536 -0.828928
2 42 -0.101094 -0.825818
0 43 -0.227584 -0.0565118
1 43 -0.22551 -0.0419965
2 43 -0.216179 -0.0295549
0 44 0.119744 -0.869363
1 44 0.134674 -0.869363
2 44 0.149604 -0.869363
0 45 -0.152727 -0.611822
1 45 -0.141529 -0.611822
2 45 -0.130332 -0.608089
0 46 -0.0556823 -0.604357
1 46 -0.0444848 -0.604357
2 46 -0.0295549 -0.600625
0 47 -0.0556823 -0.757389
1 47 -0.0444848 -0.757389
2 47 -0.0332874 -0.753656
0 48 -0.141529 -0.731261
1 48 -0.130332 -0.731261
2 48 -0.119134 -0.727529
0 49 -0.134064 -0.720064
1 49 -0.122867 -0.720064
2 49 -0.111669 -0.716331
0 50 -0.160192 -0.742459
1 50 -0.148994 -0.742459
2 50 -0.137797 -0.738726
0 51 -0.0556823 -0.50358
1 51 -0.0407523 -0.496115
2 51 -0.0295549 -0.492383
0 52 -0.22551 -0.045107
1 52 -0.223644 -0.0332874
2 52 -0.212446 -0.0183575
0 53 -0.272166 -0.45568
1 53 -0.272166 -0.44386
2 53 -0.264701 -0.440128
