17
0 0 -0.5842 -0.2206
1 0 -0.6094 -0.2242
2 0 -0.631 -0.2332
0 1 0.0346401 -0.79912
1 1 0.0440001 -0.808
2 1 0.0512001 -0.8344
0 2 0.1772 -0.37
1 2 0.18584 -0.36496
2 2 0.19664 -0.38008
0 3 0.0346401 -0.79912
1 3 0.0440001 -0.808
2 3 0.0497601 -0.83368
0 4 0.0388739 -0.794714
1 4 0.0497601 -0.80344
2 4 0.0575363 -0.828928
0 5 0.0346401 -0.79912
1 5 0.0440001 -0.808
2 5 0.0497602 -0.834112
0 6 0.17504 -0.37144
1 6 0.184544 -0.36496
2 6 0.194912 -0.380512
0 7 0.200096 -0.556768
1 7 0.213056 -0.551584
2 7 0.226016 -0.574912
0 8 0.0388739 -0.580096
1 8 0.0450947 -0.585695
2 8 0.0544259 -0.598758
0 9 0.0749546 -0.746191
1 9 0.086152 -0.749924
2 9 0.093617 -0.776051
0 10 0.0749546 -0.764854
1 10 0.086152 -0.768586
2 10 0.093617 -0.794714
0 11 0.481795 -0.652879
1 11 0.50419 -0.652879
2 11 0.522852 -0.675274
0 12 0.0674896 -0.738726
1 12 0.078687 -0.742459
2 12 0.086152 -0.768586
0 13 0.0413623 -0.798446
1 13 0.0525597 -0.802178
2 13 0.0562922 -0.832038
0 14 0.216167 -0.797824
1 14 0.231719 -0.805911
2 14 0.242916 -0.832038
0 15 0.0376298 -0.581962
1 15 0.0450947 -0.585695
2 15 0.0525597 -0.604357
0 16 0.47433 -0.637949
1 16 0.496725 -0.637949
2 16 0.515387 -0.660344
