20
0 0 -0.214624 -0.634528
1 0 -0.166 -0.6535
2 0 -0.139583 -0.667708
0 1 -0.21592 -0.6328
1 1 -0.16192 -0.66088
2 1 -0.1375 -0.673
0 2 -0.216179 -0.632973
1 2 -0.16624 -0.6544
2 2 -0.1396 -0.6688
0 3 -0.46864 -0.722656
1 3 -0.41032 -0.74728
2 3 -0.38224 -0.76456
0 4 -0.216179 -0.634217
1 4 -0.16624 -0.6544
2 4 -0.14032 -0.66952
0 5 -0.260969 -0.0780772
1 5 -0.213069 -0.101094
2 5 -0.199072 -0.110944
0 6 -0.216179 -0.634217
1 6 -0.16624 -0.6544
2 6 -0.139456 -0.670816
0 7 -0.130332 -0.641682
1 7 -0.076211 -0.667187
2 7 -0.0461438 -0.678592
0 8 -0.153971 -0.738726
1 8 -0.0979837 -0.76672
2 8 -0.0699902 -0.785382
0 9 -0.2224 -0.751168
1 9 -0.172633 -0.782272
2 9 -0.14464 -0.797824
0 10 -0.469988 -0.723796
1 10 -0.412134 -0.748058
2 10 -0.384141 -0.76672
0 11 -0.489894 -0.720064
1 11 -0.433907 -0.744947
2 11 -0.405913 -0.76361
0 12 -0.130332 -0.641682
1 12 -0.0743447 -0.667809
2 12 -0.0482173 -0.679629
0 13 -0.216179 -0.634217
1 13 -0.163924 -0.660344
2 13 -0.138419 -0.673408
0 14 -0.260969 -0.0780772
1 14 -0.213069 -0.101094
2 14 -0.201249 -0.115402
0 15 -0.216179 -0.634217
1 15 -0.163924 -0.660344
2 15 -0.137797 -0.675274
0 16 -0.130332 -0.641682
1 16 -0.076211 -0.667187
2 16 -0.0482173 -0.682739
0 17 -0.492383 -0.720064
1 17 -0.433907 -0.744947
2 17 -0.406536 -0.764854
0 18 -0.208714 -0.731261
1 18 -0.156459 -0.761121
2 18 -0.126599 -0.776051
0 19 -0.2224 -0.751168
1 19 -0.175122 -0.783516
2 19 -0.145262 -0.798446
