41
0 0 -0.735417 -0.201042
1 0 -0.7075 -0.2075
2 0 -0.69125 -0.22875
0 1 -0.895 -0.547
1 1 -0.8272 -0.5644
2 1 -0.769 -0.586
0 2 -0.8635 -0.283
1 2 -0.829 -0.2965
2 2 -0.805 -0.3205
0 3 -0.892 -0.54856
1 3 -0.8272 -0.5644
2 3 -0.7678 -0.586
0 4 -0.814 -0.3115
1 4 -0.775 -0.3268
2 4 -0.7498 -0.3502
0 5 -0.856 -0.289
1 5 -0.82288 -0.30232
2 5 -0.7966 -0.3268
0 6 -0.865 -0.2836
1 6 -0.82936 -0.298
2 6 -0.8056 -0.3214
0 7 -0.7696 -0.8272
1 7 -0.7048 -0.8416
2 7 -0.6382 -0.8596
0 8 -0.7354 -0.2008
1 8 -0.7066 -0.2098
2 8 -0.6886 -0.2296
0 9 -0.72136 -0.19432
1 9 -0.69328 -0.20296
2 9 -0.6778 -0.2224
0 10 -0.85744 -0.28936
1 10 -0.82288 -0.30232
2 10 -0.79912 -0.32608
0 11 -0.822707 -0.315712
1 11 -0.77752 -0.32608
2 11 -0.7516 -0.34984
0 12 -0.8128 -0.3124
1 12 -0.77752 -0.32608
2 12 -0.74728 -0.352
0 13 -0.72136 -0.19432
1 13 -0.69328 -0.20296
2 13 -0.67816 -0.2224
0 14 -0.77104 -0.8272
1 14 -0.70408 -0.84232
2 14 -0.63928 -0.8596
0 15 -0.85312 -0.81856
1 15 -0.78616 -0.83368
2 15 -0.7192 -0.85312
0 16 -0.892 -0.79912
1 16 -0.8236 -0.8146
2 16 -0.75592 -0.83584
0 17 -0.71704 -0.2008
1 17 -0.68896 -0.20944
2 17 -0.67168 -0.22888
0 18 -0.892 -0.54856
1 18 -0.8272 -0.5644
2 18 -0.76672 -0.58744
0 19 -0.821152 -0.318304
1 19 -0.784864 -0.331264
2 19 -0.756352 -0.354592
0 20 -0.808192 -0.318304
1 20 -0.774496 -0.328672
2 20 -0.748576 -0.352
0 21 -0.19648 -0.769312
1 21 -0.129088 -0.77968
2 21 -0.0694718 -0.790048
0 22 -0.764128 -0.808192
1 22 -0.694144 -0.823744
2 22 -0.631936 -0.841888
0 23 -0.891136 -0.800416
1 23 -0.823744 -0.815968
2 23 -0.756352 -0.836704
0 24 -0.852256 -0.55936
1 24 -0.787456 -0.574912
2 24 -0.72784 -0.595648
0 25 -0.85744 -0.28936
1 25 -0.84137 -0.297049
2 25 -0.797824 -0.328672
0 26 -0.722656 -0.19648
1 26 -0.695181 -0.203737
2 26 -0.678592 -0.224992
0 27 -0.72784 -0.6112
1 27 -0.665632 -0.62416
2 27 -0.606016 -0.642304
0 28 -0.807155 -0.318822
1 28 -0.772941 -0.331264
2 28 -0.748058 -0.353037
0 29 -0.751168 -0.278387
1 29 -0.713843 -0.290829
2 29 -0.68896 -0.312601
0 30 -0.821152 -0.318304
1 30 -0.784864 -0.331264
2 30 -0.757389 -0.356147
0 31 -0.76672 -0.334374
1 31 -0.72784 -0.346816
2 31 -0.701402 -0.368589
0 32 -0.723174 -0.194406
1 32 -0.695181 -0.203737
2 32 -0.676518 -0.2224
0 33 -0.875584 -0.281497
1 33 -0.822707 -0.30327
2 33 -0.797824 -0.328153
0 34 -0.734994 -0.208714
1 34 -0.705134 -0.216179
2 34 -0.686472 -0.234841
0 35 -0.858166 -0.809643
1 35 -0.790981 -0.824573
2 35 -0.723796 -0.843236
0 36 -0.813376 -0.31312
1 36 -0.772941 -0.331264
2 36 -0.746191 -0.358013
0 37 -0.194406 -0.76672
1 37 -0.130332 -0.779784
2 37 -0.0668797 -0.787249
0 38 -0.839503 -0.555835
1 38 -0.776051 -0.570765
2 38 -0.716331 -0.59316
0 39 -0.822707 -0.315712
1 39 -0.77752 -0.32608
2 39 -0.757389 -0.358013
0 40 -0.178854 -0.768586
1 40 -0.119134 -0.776051
2 40 -0.0556823 -0.787249
