38
0 0 -0.704167 -0.259375
1 0 -0.719792 -0.263542
2 0 -0.741667 -0.267708
0 1 -0.70375 -0.26
1 1 -0.72 -0.26375
2 1 -0.74125 -0.2675
0 2 -0.70875 -0.26125
1 2 -0.725 -0.26625
2 2 -0.74625 -0.27
0 3 -0.629167 -0.316667
1 3 -0.64125 -0.32125
2 3 -0.6575 -0.32625
0 4 0.0275 -0.9025
1 4 0.04 -0.915
2 4 0.05875 -0.925
0 5 -0.325 -0.87625
1 5 -0.31625 -0.88875
2 5 -0.30375 -0.9
0 6 -0.77625 -0.3725
1 6 -0.79 -0.38125
2 6 -0.80875 -0.39
0 7 0.0110001 -0.9085
1 7 0.0250001 -0.92375
2 7 0.041 -0.9325
0 8 0.0275 -0.9025
1 8 0.0395 -0.916
2 8 0.059 -0.925
0 9 0.2 -0.895
1 9 0.215 -0.907
2 9 0.236 -0.9145
0 10 0.0242001 -0.6814
1 10 0.0350001 -0.6886
2 10 0.0512001 -0.694
0 11 0.0110001 -0.9085
1 11 0.0250001 -0.92375
2 11 0.0404001 -0.9316
0 12 0.1844 -0.667
1 12 0.1988 -0.6742
2 12 0.2168 -0.6778
0 13 -0.709 -0.2605
1 13 -0.7246 -0.2656
2 13 -0.7462 -0.271
0 14 0.33056 -0.9136
1 14 0.35 -0.92656
2 14 0.37376 -0.93304
0 15 0.62864 -0.91144
1 15 0.65672 -0.9244
2 15 0.68696 -0.92656
0 16 0.0275 -0.9025
1 16 0.0404001 -0.9154
2 16 0.0584002 -0.9244
0 17 -0.7084 -0.262
1 17 -0.72352 -0.2656
2 17 -0.74512 -0.26992
0 18 0.1988 -0.892
1 18 0.21608 -0.90496
2 18 0.23768 -0.9136
0 19 0.18368 -0.66736
1 19 0.19664 -0.67384
2 19 0.21608 -0.67816
0 20 0.0152002 -0.67168
1 20 0.0281602 -0.68032
2 20 0.0432802 -0.68464
0 21 0.560384 -0.904096
1 21 0.586304 -0.917056
2 21 0.614816 -0.919648
0 22 0.570752 -0.901504
1 22 0.599264 -0.914464
2 22 0.625184 -0.917056
0 23 0.0627202 -0.867808
1 23 0.0756803 -0.880768
2 23 0.0938243 -0.888544
0 24 0.19016 -0.64576
1 24 0.20528 -0.652672
2 24 0.220832 -0.655264
0 25 0.200096 -0.891136
1 25 0.215648 -0.904096
2 25 0.236384 -0.911872
0 26 0.18368 -0.66736
1 26 0.197504 -0.676
2 26 0.215648 -0.678592
0 27 0.0152002 -0.67168
1 27 0.0281602 -0.68032
2 27 0.0419842 -0.683776
0 28 -0.808192 -0.359776
1 28 -0.826336 -0.367552
2 28 -0.84448 -0.375328
0 29 -0.707104 -0.26128
1 29 -0.722656 -0.266464
2 29 -0.743392 -0.271648
0 30 0.285632 -0.745984
1 30 0.303776 -0.756352
2 30 0.324512 -0.758944
0 31 -0.81856 -0.3412
1 31 -0.83368 -0.34984
2 31 -0.85744 -0.357184
0 32 -0.618976 -0.341632
1 32 -0.636083 -0.346816
2 32 -0.648525 -0.353037
0 33 0.0171011 -0.673408
1 33 0.0281602 -0.68032
2 33 0.0419843 -0.68585
0 34 0.0233219 -0.682739
1 34 0.0357635 -0.68896
2 34 0.0513155 -0.695181
0 35 0.188173 -0.645414
1 35 0.201859 -0.652879
2 35 0.219277 -0.654746
0 36 0.0189673 -0.675274
1 36 0.0290243 -0.681184
2 36 0.0450947 -0.686472
0 37 0.186929 -0.645414
1 37 0.201859 -0.652879
2 37 0.220521 -0.656612
