18
0 0 0.36944 -0.9028
1 0 0.38888 -0.90496
2 0 0.35648 -0.9136
0 1 0.26792 -0.87256
1 1 0.2852 -0.8704
2 1 0.25064 -0.8812
0 2 0.36512 -0.86824
1 2 0.38456 -0.86824
2 2 0.35216 -0.87688
0 3 -0.0884799 -0.8272
1 3 -0.0798399 -0.83368
2 3 -0.12304 -0.85312
0 4 0.368576 -0.904096
1 4 0.389312 -0.904096
2 4 0.355616 -0.914464
0 5 0.319328 -0.901504
1 5 0.337472 -0.901504
2 5 0.303776 -0.911872
0 6 -0.129088 -0.849664
1 6 -0.121312 -0.85744
2 6 -0.165376 -0.878176
0 7 0.26792 -0.86824
1 7 0.285632 -0.8704
2 7 0.251936 -0.880768
0 8 0.0886403 -0.340595
1 8 0.0917507 -0.334374
2 8 0.0471682 -0.341632
0 9 -0.310528 -0.707104
1 9 -0.307936 -0.71488
2 9 -0.359776 -0.735616
0 10 0.086152 -0.339351
1 10 0.0917507 -0.334374
2 10 0.0450947 -0.337485
0 11 -0.414208 -0.375328
1 11 -0.427686 -0.371699
2 11 -0.499225 -0.38103
0 12 -0.30016 -0.707622
1 12 -0.297049 -0.713843
2 12 -0.349926 -0.732506
0 13 -0.309491 -0.707622
1 13 -0.309491 -0.713843
2 13 -0.362368 -0.735616
0 14 0.365466 -0.869363
1 14 0.384128 -0.869363
2 14 0.351158 -0.880561
0 15 0.086152 -0.339351
1 15 0.0917507 -0.334374
2 15 0.0450947 -0.339351
0 16 -0.415245 -0.374809
1 16 -0.42893 -0.372943
2 16 -0.499848 -0.380408
0 17 -0.309491 -0.707622
1 17 -0.305759 -0.716331
2 17 -0.358013 -0.734994
