17
0 0 -0.05625 -0.646875
1 0 -0.0145833 -0.942708
2 0 0.0322917 -0.942708
0 1 -0.226042 -0.63125
1 1 -0.183333 -0.630208
2 1 -0.141667 -0.628125
0 2 -0.226042 -0.63125
1 2 -0.183333 -0.630208
2 2 -0.14375 -0.628125
0 3 -0.6 -0.52125
1 3 -0.6025 -0.51375
2 3 -0.61 -0.51
0 4 -0.0657999 -0.9424
1 4 -0.0153999 -0.9424
2 4 0.0296001 -0.9424
0 5 -0.3826 -0.8578
1 5 -0.3394 -0.8596
2 5 -0.2998 -0.8614
0 6 -0.33688 -0.59824
1 6 -0.29152 -0.59824
2 6 -0.2548 -0.59824
0 7 -0.3826 -0.8578
1 7 -0.3394 -0.8596
2 7 -0.30016 -0.86176
0 8 0.1664 -0.6652
1 8 0.21824 -0.660448
2 8 0.264896 -0.652672
0 9 -0.380512 -0.85744
1 9 -0.336448 -0.860032
2 9 -0.294976 -0.862624
0 10 -0.166413 -0.561433
1 10 -0.129088 -0.558323
2 10 -0.0855422 -0.555213
0 11 -0.272166 -0.620531
1 11 -0.22551 -0.617421
2 11 -0.188185 -0.617421
0 12 -0.337485 -0.601869
1 12 -0.293939 -0.601869
2 12 -0.256614 -0.601869
0 13 0.1664 -0.664077
1 13 0.216167 -0.657856
2 13 0.265933 -0.651635
0 14 -0.38103 -0.894246
1 14 -0.334374 -0.894246
2 14 -0.293939 -0.897357
0 15 -0.172633 -0.561433
1 15 -0.129088 -0.558323
2 15 -0.0917629 -0.555213
0 16 -0.346816 -0.611822
1 16 -0.302026 -0.611822
2 16 -0.264701 -0.611822
