17
0 0 -0.6325 -0.345
1 0 -0.67375 -0.3175
2 0 -0.697 -0.2905
0 1 -0.1486 -0.9046
1 1 -0.1666 -0.8938
2 1 -0.163 -0.874
0 2 -0.6325 -0.3445
1 2 -0.6745 -0.3175
2 2 -0.6958 -0.2908
0 3 0.42776 -0.92008
1 3 0.42128 -0.91576
2 3 0.4364 -0.89848
0 4 -0.81208 -0.59608
1 4 -0.84016 -0.57232
2 4 -0.84664 -0.55072
0 5 -0.37 -0.7534
1 5 -0.388288 -0.735616
2 5 -0.38872 -0.71488
0 6 -0.155008 -0.919648
1 6 -0.173152 -0.90928
2 6 -0.17056 -0.888544
0 7 -0.346816 -0.683776
1 7 -0.36496 -0.665632
2 7 -0.36496 -0.642304
0 8 -0.810784 -0.595648
1 8 -0.841888 -0.57232
2 8 -0.847072 -0.551584
0 9 -0.367552 -0.751168
1 9 -0.388288 -0.735616
2 9 -0.388288 -0.71488
0 10 -0.497152 -0.341632
1 10 -0.53344 -0.31312
2 10 -0.548992 -0.2872
0 11 0.078687 -0.305759
1 11 0.0749546 -0.283364
2 11 0.0793091 -0.253504
0 12 -0.367552 -0.751168
1 12 -0.387251 -0.735616
2 12 -0.387251 -0.713843
0 13 -0.353037 -0.751168
1 13 -0.374809 -0.732506
2 13 -0.374809 -0.710733
0 14 -0.365478 -0.753656
1 14 -0.387873 -0.734994
2 14 -0.387873 -0.712599
0 15 0.743069 -0.854433
1 15 0.754266 -0.858166
2 15 0.787858 -0.846968
0 16 -0.483673 -0.343705
1 16 -0.51851 -0.320688
2 16 -0.537172 -0.290829
