53
0 0 0.0575 -0.85
1 0 0.0545001 -0.826
2 0 0.0550001 -0.80625
0 1 0.419 -0.85
1 1 0.419 -0.826
2 1 0.4235 -0.805
0 2 -0.307 -0.4855
1 2 -0.316 -0.46
2 2 -0.3235 -0.439
0 3 0.0830001 -0.8245
1 3 0.0815 -0.802
2 3 0.0815 -0.781
0 4 -0.2368 -0.8362
1 4 -0.2404 -0.8128
2 4 -0.2425 -0.7915
0 5 0.0530001 -0.847
1 5 0.0500001 -0.8245
2 5 0.0500001 -0.8035
0 6 0.0635 -0.8425
1 6 0.062 -0.8185
2 6 0.062 -0.799
0 7 0.4796 -0.9262
1 7 0.4796 -0.9028
2 7 0.485 -0.883
0 8 0.386 -0.8722
1 8 0.386 -0.847
2 8 0.3896 -0.8272
0 9 0.0575 -0.85
1 9 0.0545001 -0.826
2 9 0.0548001 -0.8056
0 10 -0.3142 -0.4708
1 10 -0.325 -0.4438
2 10 -0.3322 -0.4222
0 11 -0.3088 -0.48592
1 11 -0.316 -0.46
2 11 -0.325 -0.4384
0 12 0.0530001 -0.8485
1 12 0.0500001 -0.8245
2 12 0.0494001 -0.8038
0 13 0.404 -0.9064
1 13 0.4022 -0.883
2 13 0.4076 -0.8632
0 14 -0.343 -0.4366
1 14 -0.3556 -0.4078
2 14 -0.3646 -0.3862
0 15 -0.34336 -0.43624
1 15 -0.35632 -0.40816
2 15 -0.36496 -0.38656
0 16 -0.20944 -0.47728
1 16 -0.21808 -0.4492
2 16 -0.22456 -0.4276
0 17 0.0519201 -0.8488
1 17 0.0497601 -0.82288
2 17 0.0497601 -0.80344
0 18 -0.3088 -0.48592
1 18 -0.316 -0.46
2 18 -0.32392 -0.4384
0 19 0.4796 -0.91792
1 19 0.48176 -0.89416
2 19 0.48608 -0.87472
0 20 0.404 -0.90712
1 20 0.40184 -0.88336
2 20 0.40616 -0.86392
0 21 -0.23536 -0.83584
1 21 -0.23968 -0.81424
2 21 -0.24184 -0.79264
0 22 0.4796 -0.92656
1 22 0.4796 -0.9028
2 22 0.48392 -0.88336
0 23 -0.20296 -0.83584
1 23 -0.20728 -0.81208
2 23 -0.20944 -0.79048
0 24 -0.23536 -0.839296
1 24 -0.237952 -0.815968
2 24 -0.240544 -0.795232
0 25 -0.204256 -0.836704
1 25 -0.206848 -0.813376
2 25 -0.20944 -0.79264
0 26 0.38672 -0.8704
1 26 0.38672 -0.847072
2 26 0.389312 -0.826336
0 27 0.156032 -0.821152
1 27 0.15344 -0.797824
2 27 0.156032 -0.777088
0 28 -0.20944 -0.476416
1 28 -0.217216 -0.447904
2 28 -0.2224 -0.427168
0 29 0.0575363 -0.691552
1 29 0.0549442 -0.665632
2 29 0.0549442 -0.644896
0 30 0.474848 -0.911872
1 30 0.474848 -0.885952
2 30 0.480032 -0.867808
0 31 0.0653123 -0.841888
1 31 0.0627202 -0.81856
2 31 0.0627202 -0.797824
0 32 -0.344224 -0.437536
1 32 -0.354592 -0.409024
2 32 -0.36496 -0.385696
0 33 0.0855298 -0.810266
1 33 0.0824195 -0.785382
2 33 0.0824195 -0.76672
0 34 0.0855298 -0.822707
1 34 0.0824195 -0.800934
2 34 0.0824195 -0.779162
0 35 -0.234841 -0.839503
1 35 -0.241062 -0.816486
2 35 -0.241062 -0.794714
0 36 0.0668674 -0.84137
1 36 0.0637571 -0.816486
2 36 0.0637571 -0.797824
0 37 0.0575363 -0.69207
1 37 0.0562922 -0.667809
2 37 0.0544259 -0.645414
0 38 0.0637571 -0.698291
1 38 0.0606467 -0.673408
2 38 0.0606467 -0.651635
0 39 -0.209958 -0.474342
1 39 -0.219289 -0.449459
2 39 -0.22551 -0.427686
0 40 0.384128 -0.869363
1 40 0.384128 -0.84448
2 40 0.387239 -0.825818
0 41 0.153959 -0.822707
1 41 0.153959 -0.794714
2 41 0.153959 -0.776051
0 42 0.0513155 -0.84448
1 42 0.0482051 -0.819597
2 42 0.0482051 -0.800934
0 43 0.178842 -0.838259
1 43 0.178842 -0.813376
2 43 0.178842 -0.791603
0 44 0.0637571 -0.843236
1 44 0.0637571 -0.817108
2 44 0.0637571 -0.798446
0 45 0.086152 -0.824573
1 45 0.0824195 -0.802178
2 45 0.0824195 -0.779784
0 46 0.153337 -0.820841
1 46 0.153337 -0.794714
2 46 0.153337 -0.776051
0 47 0.086152 -0.813376
1 47 0.0824195 -0.787249
2 47 0.0824195 -0.768586
0 48 0.179464 -0.835771
1 48 0.179464 -0.813376
2 48 0.179464 -0.794714
0 49 0.0575363 -0.69207
1 49 0.0544259 -0.667187
2 49 0.0562922 -0.649147
0 50 -0.234841 -0.839503
1 50 -0.238574 -0.817108
2 50 -0.242306 -0.798446
0 51 -0.204982 -0.839503
1 51 -0.208714 -0.817108
2 51 -0.212446 -0.794714
0 52 0.0513155 -0.84448
1 52 0.0482051 -0.819597
2 52 0.0488272 -0.798446
