9
0 0 -0.655 -0.397
1 0 -0.644792 -0.398958
2 0 -0.62625 -0.39625
0 1 -0.745 -0.364
1 1 -0.733 -0.364
2 1 -0.721 -0.3625
0 2 -0.6544 -0.397
1 2 -0.645 -0.4
2 2 -0.6265 -0.397
0 3 -0.7225 -0.361
1 3 -0.712 -0.3595
2 3 -0.7015 -0.3565
0 4 -0.739 -0.361
1 4 -0.7282 -0.361
2 4 -0.7156 -0.3574
0 5 -0.73864 -0.36064
1 5 -0.72784 -0.36064
2 5 -0.71488 -0.35848
0 6 -0.6544 -0.39736
1 6 -0.64144 -0.39736
2 6 -0.62632 -0.39736
0 7 -0.69112 -0.38008
1 7 -0.678592 -0.37792
2 7 -0.665632 -0.375328
0 8 -0.213069 -0.61431
1 8 -0.135309 -0.61431
2 8 -0.0513278 -0.60809
