34
0 0 -0.31 -0.86125
1 0 -0.335 -0.87125
2 0 -0.342708 -0.869792
0 1 -0.6225 -0.39375
1 1 -0.6675 -0.3925
2 1 -0.6925 -0.38875
0 2 0.56125 -0.9075
1 2 0.5475 -0.9125
2 2 0.545 -0.91875
0 3 0.548 -0.8785
1 3 0.5345 -0.883
2 3 0.533 -0.889
0 4 -0.544 -0.304
1 4 -0.5896 -0.298
2 4 -0.6112 -0.2926
0 5 0.00800012 -0.8848
1 5 -0.013 -0.895
2 5 -0.0225999 -0.8956
0 6 0.449 -0.9298
1 6 0.4364 -0.937
2 6 0.431 -0.9424
0 7 0.0130402 -0.88768
1 7 -0.00639985 -0.89632
2 7 -0.0171998 -0.89632
0 8 -0.47728 -0.37144
1 8 -0.52048 -0.36928
2 8 -0.5464 -0.3628
0 9 0.1448 -0.84664
1 9 0.12536 -0.85312
2 9 0.11672 -0.85528
0 10 -0.5446 -0.3034
1 10 -0.5896 -0.298
2 10 -0.60904 -0.29368
0 11 0.14264 -0.82504
1 11 0.12536 -0.83152
2 11 0.11672 -0.83368
0 12 0.1772 -0.86824
1 12 0.15992 -0.87472
2 12 0.15128 -0.87904
0 13 -0.6235 -0.394
1 13 -0.6742 -0.3916
2 13 -0.69328 -0.38872
0 14 0.49256 -0.87472
1 14 0.4796 -0.8812
2 14 0.47528 -0.88552
0 15 0.00800012 -0.8848
1 15 -0.0140029 -0.891136
2 15 -0.0215199 -0.89416
0 16 0.0130402 -0.67168
1 16 -0.00726376 -0.676
2 16 -0.0171998 -0.676
0 17 -0.6238 -0.3934
1 17 -0.676 -0.39088
2 17 -0.696736 -0.388288
0 18 -0.54424 -0.30448
1 18 -0.5896 -0.298
2 18 -0.608608 -0.294976
0 19 0.00800012 -0.8848
1 19 -0.0140029 -0.891136
2 19 -0.0228158 -0.893728
0 20 0.492992 -0.875584
1 20 0.480032 -0.880768
2 20 0.474848 -0.885952
0 21 0.0130402 -0.67168
1 21 -0.00819988 -0.676
2 21 -0.0150398 -0.678592
0 22 0.176768 -0.867808
1 22 0.161216 -0.875584
2 22 0.150848 -0.878176
0 23 0.505952 -0.865216
1 23 0.492992 -0.8704
2 23 0.487808 -0.875584
0 24 -0.47728 -0.37144
1 24 -0.5248 -0.36712
2 24 -0.5464 -0.36496
0 25 0.547424 -0.875584
1 25 0.534464 -0.880768
2 25 0.531872 -0.885952
0 26 -0.309491 -0.853811
1 26 -0.334374 -0.863142
2 26 -0.343705 -0.863142
0 27 0.0134722 -0.670816
1 27 -0.00726376 -0.676
2 27 -0.0171134 -0.676518
0 28 0.00569623 -0.88336
1 28 -0.0128799 -0.892
2 28 -0.0233341 -0.891136
0 29 -0.350548 -0.869363
1 29 -0.371699 -0.875584
2 29 -0.384141 -0.876828
0 30 0.0488272 -0.832038
1 30 0.0264323 -0.839503
2 30 0.0189673 -0.843236
0 31 0.0488272 -0.850701
1 31 0.0264323 -0.861898
2 31 0.0189673 -0.861898
0 32 0.0139907 -0.673408
1 32 -0.00716 -0.679007
2 32 -0.014625 -0.679007
0 33 0.175732 -0.865631
1 33 0.157069 -0.873096
2 33 0.149604 -0.876828
