24
0 0 -0.86824 -0.8488
1 0 -0.7642 -0.8596
2 0 -0.6685 -0.8725
0 1 -0.867808 -0.849664
1 1 -0.764128 -0.860032
2 1 -0.6688 -0.8722
0 2 -0.867808 -0.849664
1 2 -0.764128 -0.860032
2 2 -0.66952 -0.87256
0 3 -0.86824 -0.8488
1 3 -0.764128 -0.860032
2 3 -0.6652 -0.87256
0 4 -0.88336 -0.84664
1 4 -0.77752 -0.85744
2 4 -0.68032 -0.8704
0 5 -0.90496 -0.82072
1 5 -0.8038 -0.8326
2 5 -0.70408 -0.84664
0 6 -0.86392 -0.69976
1 6 -0.76672 -0.71272
2 6 -0.67384 -0.73
0 7 -0.884915 -0.84759
1 7 -0.777088 -0.85744
2 7 -0.686368 -0.8704
0 8 -0.88336 -0.847072
1 8 -0.777088 -0.85744
2 8 -0.673408 -0.8704
0 9 -0.869363 -0.713843
1 9 -0.76361 -0.729395
2 9 -0.668224 -0.743392
0 10 -0.863142 -0.701402
1 10 -0.76672 -0.71272
2 10 -0.673408 -0.730432
0 11 -0.863142 -0.701402
1 11 -0.760499 -0.716954
2 11 -0.668224 -0.730432
0 12 -0.595648 -0.191296
1 12 -0.517888 -0.212032
2 12 -0.447904 -0.227584
0 13 -0.593056 -0.193888
1 13 -0.510112 -0.212032
2 13 -0.440128 -0.227584
0 14 -0.884915 -0.84759
1 14 -0.776051 -0.856922
2 14 -0.676518 -0.872474
0 15 -0.866253 -0.850701
1 15 -0.76361 -0.860032
2 15 -0.667187 -0.872474
0 16 -0.863142 -0.726285
1 16 -0.76361 -0.741837
2 16 -0.670297 -0.754278
0 17 -0.817108 -0.708866
1 17 -0.723174 -0.723174
2 17 -0.629862 -0.735616
0 18 -0.863142 -0.701402
1 18 -0.760499 -0.716954
2 18 -0.664077 -0.732506
0 19 -0.552102 -0.209958
1 19 -0.474342 -0.22551
2 19 -0.402803 -0.237952
0 20 -0.595648 -0.191296
1 20 -0.517888 -0.206848
2 20 -0.446349 -0.22551
0 21 -0.0699902 -0.0202237
1 21 -0.0140029 -0.0171134
2 21 0.0388739 -0.00156136
0 22 -0.861898 -0.701402
1 22 -0.761121 -0.716331
2 22 -0.667809 -0.731261
0 23 -0.0706122 -0.02209
1 23 -0.014625 -0.0183575
2 23 0.0376298 -0.00342757
