18
0 0 -0.49456 -0.92224
1 0 -0.44272 -0.9244
2 0 -0.43192 -0.93088
0 1 0.181952 -0.123904
1 1 0.2312 -0.116128
2 1 0.24416 -0.103168
0 2 0.0411201 -0.85528
1 2 0.0990083 -0.85744
2 2 0.122336 -0.85744
0 3 0.0575363 -0.853811
1 3 0.1124 -0.85744
2 3 0.137888 -0.85744
0 4 0.0212482 -0.712288
1 4 0.0782722 -0.712288
2 4 0.0990083 -0.709696
0 5 0.141517 -0.169523
1 5 0.191284 -0.160192
2 5 0.203725 -0.150861
0 6 0.0575363 -0.853811
1 6 0.113523 -0.856922
2 6 0.138407 -0.856922
0 7 0.0264323 -0.84137
1 7 0.0855298 -0.84137
2 7 0.107303 -0.84137
0 8 0.0212482 -0.712288
1 8 0.0761987 -0.713843
2 8 0.0979715 -0.710733
0 9 -0.122867 -0.294561
1 9 -0.0699902 -0.290829
2 9 -0.0544381 -0.287718
0 10 -0.595648 -0.371699
1 10 -0.564544 -0.352
2 10 -0.576985 -0.340595
0 11 0.0575363 -0.853811
1 11 0.113523 -0.856922
2 11 0.138407 -0.854433
0 12 0.0301648 -0.839503
1 12 0.0824195 -0.843236
2 12 0.108547 -0.839503
0 13 0.0152349 -0.832038
1 13 0.0712221 -0.832038
2 13 0.093617 -0.832038
0 14 0.0152349 -0.817108
1 14 0.0712221 -0.817108
2 14 0.093617 -0.817108
0 15 0.0637571 -0.716331
1 15 0.123477 -0.716331
2 15 0.145872 -0.712599
0 16 0.0264323 -0.716331
1 16 0.078687 -0.716331
2 16 0.101082 -0.712599
0 17 -0.119757 -0.293939
1 17 -0.0699902 -0.290829
2 17 -0.0556823 -0.290829
