13
0 0 -0.86125 -0.10375
1 0 -0.868 -0.1015
2 0 -0.85375 -0.085
0 1 -0.8596 -0.1054
1 1 -0.86875 -0.101042
2 1 -0.8545 -0.085
0 2 -0.8596 -0.10576
1 2 -0.86875 -0.101042
2 2 -0.8542 -0.0855999
0 3 -0.8596 -0.10576
1 3 -0.86608 -0.10576
2 3 -0.85312 -0.0863199
0 4 -0.769312 -0.139456
1 4 -0.75376 -0.14248
2 4 -0.72352 -0.12952
0 5 -0.860032 -0.10576
1 5 -0.867808 -0.10576
2 5 -0.854848 -0.0876158
0 6 -0.884293 -0.858166
1 6 -0.779162 -0.863142
2 6 -0.682739 -0.850701
0 7 -0.84448 -0.0388861
1 7 -0.852256 -0.0409598
2 7 -0.838259 -0.0202237
0 8 -0.860032 -0.107315
1 8 -0.866253 -0.107315
2 8 -0.853811 -0.0886525
0 9 -0.768586 -0.141529
1 9 -0.754278 -0.141529
2 9 -0.726285 -0.125977
0 10 -0.84448 -0.0388861
1 10 -0.850701 -0.0388861
2 10 -0.835771 -0.02209
0 11 -0.794714 -0.369211
1 11 -0.782272 -0.368589
2 11 -0.753656 -0.350548
0 12 0.664687 -0.432663
1 12 0.739336 -0.406536
2 12 0.817718 -0.384141
