49
0 0 0.18375 -0.85
1 0 0.195 -0.85
2 0 0.20125 -0.86125
0 1 -0.475 -0.32125
1 1 -0.48375 -0.315
2 1 -0.49375 -0.31
0 2 0.0260002 -0.66304
1 2 0.0332001 -0.6616
2 2 0.0362501 -0.66625
0 3 0.0260002 -0.66304
1 3 0.0332001 -0.6616
2 3 0.0365 -0.667
0 4 0.0237501 -0.86375
1 4 0.0300001 -0.86625
2 4 0.032 -0.8755
0 5 -0.322 -0.847
1 5 -0.31875 -0.8475
2 5 -0.3205 -0.856
0 6 -0.2815 -0.844
1 6 -0.2785 -0.844
2 6 -0.28 -0.8515
0 7 0.461 -0.9325
1 7 0.4775 -0.9355
2 7 0.4895 -0.9475
0 8 0.0350001 -0.8578
1 8 0.0425001 -0.8605
2 8 0.0470001 -0.8695
0 9 0.1835 -0.85
1 9 0.194 -0.85
2 9 0.2 -0.8605
0 10 0.0224001 -0.8632
1 10 0.029 -0.8665
2 10 0.0314001 -0.8758
0 11 -0.32176 -0.8488
1 11 -0.3196 -0.8488
2 11 -0.3196 -0.856
0 12 0.0584001 -0.8326
1 12 0.0674001 -0.8362
2 12 0.0710002 -0.8452
0 13 -0.475 -0.3205
1 13 -0.4834 -0.316
2 13 -0.4942 -0.3106
0 14 0.152 -0.8272
1 14 0.161 -0.829
2 14 0.1664 -0.8398
0 15 0.0260002 -0.66304
1 15 0.0332001 -0.6616
2 15 0.0368001 -0.667
0 16 -0.5815 -0.3805
1 16 -0.5914 -0.3736
2 16 -0.604 -0.37
0 17 0.0350001 -0.8578
1 17 0.0425001 -0.8605
2 17 0.0476001 -0.8686
0 18 0.3335 -0.895
1 18 0.3446 -0.8974
2 18 0.3554 -0.9082
0 19 -0.5356 -0.3538
1 19 -0.5428 -0.3484
2 19 -0.5536 -0.3448
0 20 0.0605602 -0.83368
1 20 0.0670401 -0.83584
2 20 0.0713601 -0.84448
0 21 -0.28288 -0.84448
1 21 -0.28072 -0.84448
2 21 -0.28072 -0.85312
0 22 -0.63712 -0.3304
1 22 -0.64792 -0.32392
2 22 -0.66304 -0.31744
0 23 -0.47512 -0.32392
1 23 -0.48376 -0.31528
2 23 -0.49456 -0.31096
0 24 0.0260002 -0.66304
1 24 0.0324802 -0.66088
2 24 0.0368001 -0.66736
0 25 0.0264322 -0.66304
1 25 0.0342082 -0.66304
2 25 0.0368003 -0.668224
0 26 -0.582688 -0.380512
1 26 -0.590464 -0.375328
2 26 -0.603424 -0.372736
0 27 0.0216801 -0.86176
1 27 0.0296001 -0.865
2 27 0.0316163 -0.872992
0 28 -0.634528 -0.331264
1 28 -0.647488 -0.323488
2 28 -0.660448 -0.320896
0 29 0.482624 -0.85744
1 29 0.498176 -0.860032
2 29 0.511136 -0.8704
0 30 -0.473824 -0.323488
1 30 -0.4816 -0.315712
2 30 -0.491968 -0.310528
0 31 0.0264323 -0.863142
1 31 0.0357635 -0.866253
2 31 0.0388739 -0.875584
0 32 0.150848 -0.825818
1 32 0.16018 -0.828928
2 32 0.1664 -0.838259
0 33 -0.474342 -0.325043
1 33 -0.483673 -0.315712
2 33 -0.493005 -0.312601
0 34 0.0264323 -0.664077
1 34 0.032653 -0.660966
2 34 0.0357635 -0.667187
0 35 0.0202115 -0.860032
1 35 0.0264323 -0.863142
2 35 0.0295427 -0.872474
0 36 0.489882 -0.853811
1 36 0.505434 -0.856922
2 36 0.517876 -0.866253
0 37 -0.321933 -0.850701
1 37 -0.318822 -0.850701
2 37 -0.318822 -0.856922
0 38 -0.47372 -0.328153
1 38 -0.481185 -0.320688
2 38 -0.492383 -0.313223
0 39 0.0264323 -0.664077
1 39 0.0338973 -0.664077
2 39 0.0376298 -0.667809
0 40 -0.321933 -0.850701
1 40 -0.318822 -0.850701
2 40 -0.320688 -0.858166
0 41 -0.287096 -0.850701
1 41 -0.283364 -0.850701
2 41 -0.283364 -0.858166
0 42 0.0338973 -0.671542
1 42 0.0413623 -0.671542
2 42 0.0450947 -0.675274
0 43 0.0600246 -0.813376
1 43 0.0674896 -0.817108
2 43 0.0712221 -0.824573
0 44 0.0600246 -0.832038
1 44 0.0674896 -0.835771
2 44 0.0712221 -0.843236
0 45 0.149604 -0.828306
1 45 0.157069 -0.828306
2 45 0.164534 -0.839503
0 46 0.0264323 -0.865631
1 46 0.0357635 -0.866253
2 46 0.0376298 -0.876828
0 47 0.0202115 -0.860032
1 47 0.0264323 -0.861898
2 47 0.0264323 -0.873096
0 48 0.0376298 -0.854433
1 48 0.0450947 -0.858166
2 48 0.0488272 -0.865631
