67
0 0 0.136458 -0.8625
1 0 0.15 -0.864583
2 0 0.160417 -0.865625
0 1 -0.13375 -0.82
1 1 -0.122917 -0.825
2 1 -0.114583 -0.827083
0 2 -0.359375 -0.786458
1 2 -0.351042 -0.791667
2 2 -0.344792 -0.794792
0 3 0.20125 -0.9
1 3 0.21625 -0.9025
2 3 0.2275 -0.90375
0 4 -0.1216 -0.685
1 4 -0.11008 -0.68896
2 4 -0.105 -0.69
0 5 -0.13375 -0.82
1 5 -0.122917 -0.825
2 5 -0.115 -0.82625
0 6 -0.0449999 -0.805
1 6 -0.03375 -0.8075
2 6 -0.0249999 -0.81
0 7 -0.36125 -0.78625
1 7 -0.3525 -0.7925
2 7 -0.34625 -0.795
0 8 -0.12 -0.685
1 8 -0.111458 -0.6875
2 8 -0.10375 -0.6875
0 9 0.1325 -0.90125
1 9 0.145 -0.90375
2 9 0.15625 -0.905
0 10 -0.1345 -0.82
1 10 -0.124 -0.8245
2 10 -0.115 -0.826
0 11 -0.0264999 -0.82
1 11 -0.016 -0.8245
2 11 -0.00549997 -0.8245
0 12 -0.046 -0.805
1 12 -0.034 -0.808
2 12 -0.0264999 -0.8095
0 13 -0.106 -0.8035
1 13 -0.0955 -0.8065
2 13 -0.088 -0.808
0 14 -0.1288 -0.8236
1 14 -0.118 -0.8272
2 14 -0.1105 -0.829
0 15 -0.109 -0.907
1 15 -0.097 -0.9115
2 15 -0.088 -0.9145
0 16 -0.1345 -0.82
1 16 -0.12375 -0.825
2 16 -0.1162 -0.8254
0 17 -0.0261999 -0.82
1 17 -0.0153999 -0.8218
2 17 -0.00639992 -0.8236
0 18 0.1862 -0.9226
1 18 0.2006 -0.9244
2 18 0.2114 -0.9262
0 19 -0.116128 -0.694144
1 19 -0.10576 -0.696736
2 19 -0.0999999 -0.6958
0 20 -0.12088 -0.6868
1 20 -0.112 -0.688
2 20 -0.1036 -0.6904
0 21 -0.109 -0.9082
1 21 -0.0963999 -0.9118
2 21 -0.0891999 -0.9154
0 22 0.2024 -0.8956
1 22 0.2168 -0.8992
2 22 0.2276 -0.8992
0 23 -0.199 -0.1252
1 23 -0.1972 -0.1216
2 23 -0.1954 -0.118
0 24 -0.136 -0.81856
1 24 -0.1252 -0.82288
2 24 -0.11656 -0.82504
0 25 -0.0452799 -0.8056
1 25 -0.0344798 -0.80776
2 25 -0.0258399 -0.80992
0 26 -0.10576 -0.80344
1 26 -0.0949599 -0.8056
2 26 -0.0863199 -0.80776
0 27 -0.3628 -0.78832
1 27 -0.354592 -0.795232
2 27 -0.34768 -0.79696
0 28 -0.39088 -0.78616
1 28 -0.38224 -0.79264
2 28 -0.37576 -0.7948
0 29 -0.12088 -0.6868
1 29 -0.110944 -0.68896
2 29 -0.1036 -0.69112
0 30 -0.0193598 -0.6868
1 30 -0.00726376 -0.68896
2 30 8.01722e-05 -0.68896
0 31 0.18584 -0.92224
1 31 0.20096 -0.9244
2 31 0.21176 -0.92656
0 32 -0.0258399 -0.81856
1 32 -0.0150399 -0.82288
2 32 -0.00639985 -0.82504
0 33 -0.12304 -0.8164
1 33 -0.11224 -0.82072
2 33 -0.1036 -0.82288
0 34 -0.0189999 -0.8272
1 34 -0.00855986 -0.82936
2 34 8.01722e-05 -0.83152
0 35 -0.10792 -0.90928
1 35 -0.0963999 -0.9118
2 35 -0.0884799 -0.91576
0 36 -0.119757 -0.68896
1 36 -0.110944 -0.68896
2 36 -0.103168 -0.691552
0 37 -0.39088 -0.787456
1 37 -0.383104 -0.79264
2 37 -0.375328 -0.795232
0 38 -0.3628 -0.78832
1 38 -0.354592 -0.795232
2 38 -0.346816 -0.797824
0 39 -0.0461438 -0.8056
1 39 -0.0357758 -0.808192
2 39 -0.0254078 -0.808192
0 40 -0.10576 -0.803008
1 40 -0.0953918 -0.8056
2 40 -0.0876158 -0.808192
0 41 -0.116128 -0.694144
1 41 -0.10576 -0.696736
2 41 -0.0979838 -0.696736
0 42 -0.121312 -0.815968
1 42 -0.110944 -0.821152
2 42 -0.103168 -0.823744
0 43 0.156032 -0.893728
1 43 0.168992 -0.89632
2 43 0.17936 -0.89632
0 44 0.135296 -0.860032
1 44 0.148256 -0.860032
2 44 0.158624 -0.862624
0 45 -0.0254078 -0.81856
1 45 -0.0150398 -0.821152
2 45 -0.00726376 -0.823744
0 46 -0.119757 -0.68896
1 46 -0.110425 -0.68896
2 46 -0.104205 -0.69207
0 47 -0.0482173 -0.804045
1 47 -0.0357758 -0.807155
2 47 -0.0264446 -0.810266
0 48 -0.0264446 -0.819597
1 48 -0.0171134 -0.822707
2 48 -0.00778211 -0.822707
0 49 -0.122867 -0.816486
1 49 -0.111669 -0.820841
2 49 -0.104205 -0.822707
0 50 -0.116646 -0.695181
1 50 -0.10576 -0.696736
2 50 -0.0979837 -0.698291
0 51 -0.399693 -0.776051
1 51 -0.390361 -0.782272
2 51 -0.384141 -0.785382
0 52 -0.104205 -0.791603
1 52 -0.0948734 -0.794714
2 52 -0.0855422 -0.797824
0 53 -0.365478 -0.791603
1 53 -0.356147 -0.794714
2 53 -0.349926 -0.797824
0 54 -0.39088 -0.787456
1 54 -0.384141 -0.794714
2 54 -0.37792 -0.797824
0 55 -0.10576 -0.803008
1 55 -0.0953918 -0.8056
2 55 -0.0855422 -0.807155
0 56 -0.0176318 -0.686368
1 56 -0.00726376 -0.68896
2 56 -0.00156136 -0.68896
0 57 -0.119134 -0.690204
1 57 -0.107937 -0.693937
2 57 -0.104205 -0.693937
0 58 -0.0258224 -0.697669
1 58 -0.0183575 -0.701402
2 58 -0.00716 -0.701402
0 59 -0.104205 -0.791603
1 59 -0.0930071 -0.798446
2 59 -0.0855421 -0.798446
0 60 -0.365478 -0.790981
1 60 -0.358013 -0.798446
2 60 -0.350548 -0.798446
0 61 -0.391606 -0.790981
1 61 -0.380408 -0.794714
2 61 -0.376676 -0.798446
0 62 -0.122867 -0.817108
1 62 -0.111669 -0.820841
2 62 -0.104205 -0.824573
0 63 -0.197517 -0.130332
1 63 -0.197517 -0.126599
2 63 -0.193784 -0.122867
0 64 -0.0202237 -0.68896
1 64 -0.0108925 -0.690204
2 64 -0.00342757 -0.690204
0 65 -0.361746 -0.779784
1 65 -0.354281 -0.783516
2 65 -0.346816 -0.787249
0 66 -0.197517 -0.119134
1 66 -0.197517 -0.115402
2 66 -0.197517 -0.111669
