35
0 0 -0.644792 -0.280208
1 0 -0.67625 -0.295
2 0 -0.696875 -0.29375
0 1 -0.6475 -0.2825
1 1 -0.6825 -0.29625
2 1 -0.7 -0.295
0 2 -0.6385 -0.2785
1 2 -0.67375 -0.29375
2 2 -0.69125 -0.2925
0 3 -0.6475 -0.2815
1 3 -0.6814 -0.2962
2 3 -0.6994 -0.2962
0 4 -0.82 -0.2926
1 4 -0.8596 -0.3124
2 4 -0.8776 -0.3142
0 5 -0.361 -0.7912
1 5 -0.3502 -0.8092
2 5 -0.3448 -0.8182
0 6 -0.7444 -0.3574
1 6 -0.775 -0.379
2 6 -0.7912 -0.3808
0 7 -0.808 -0.289
1 7 -0.847 -0.3088
2 7 -0.865 -0.3088
0 8 -0.3052 -0.7714
1 8 -0.2926 -0.7912
2 8 -0.2872 -0.7984
0 9 -0.6472 -0.2818
1 9 -0.68032 -0.29584
2 9 -0.69976 -0.29584
0 10 -0.81856 -0.29368
1 10 -0.8596 -0.31312
2 10 -0.87904 -0.31312
0 11 -0.91792 -0.82504
1 11 -0.91576 -0.8596
2 11 -0.91144 -0.86824
0 12 -0.82936 -0.63712
1 12 -0.83152 -0.6652
2 12 -0.82504 -0.67168
0 13 -0.3628 -0.79048
1 13 -0.352 -0.80776
2 13 -0.34552 -0.81856
0 14 -0.90064 -0.79912
1 14 -0.90064 -0.83368
2 14 -0.89632 -0.84232
0 15 -0.30448 -0.77104
1 15 -0.29152 -0.79048
2 15 -0.28504 -0.79912
0 16 -0.33904 -0.71056
1 16 -0.32824 -0.73
2 16 -0.32176 -0.73432
0 17 -0.808192 -0.289792
1 17 -0.847072 -0.310528
2 17 -0.867808 -0.310528
0 18 -0.6472 -0.2818
1 18 -0.681184 -0.297568
2 18 -0.699328 -0.297568
0 19 -0.84448 -0.616384
1 19 -0.847072 -0.642304
2 19 -0.839296 -0.65008
0 20 -0.362368 -0.790048
1 20 -0.349408 -0.808192
2 20 -0.344224 -0.81856
0 21 -0.354592 -0.712288
1 21 -0.344224 -0.730432
2 21 -0.336448 -0.738208
0 22 -0.33904 -0.712288
1 22 -0.328672 -0.730432
2 22 -0.320896 -0.735616
0 23 -0.866253 -0.822707
1 23 -0.863142 -0.856922
2 23 -0.856922 -0.866253
0 24 -0.362368 -0.790048
1 24 -0.349408 -0.808192
2 24 -0.343705 -0.816486
0 25 -0.595648 -0.340595
1 25 -0.623019 -0.358013
2 25 -0.636083 -0.356147
0 26 -0.340595 -0.710733
1 26 -0.331264 -0.732506
2 26 -0.325043 -0.738726
0 27 -0.807155 -0.642304
1 27 -0.807155 -0.670297
2 27 -0.800934 -0.676518
0 28 -0.828928 -0.626752
1 28 -0.828928 -0.654746
2 28 -0.822707 -0.660966
0 29 -0.346816 -0.788493
1 29 -0.334374 -0.807155
2 29 -0.328153 -0.816486
0 30 -0.880561 -0.832038
1 30 -0.876828 -0.865631
2 30 -0.873096 -0.873096
0 31 -0.361746 -0.790981
1 31 -0.350548 -0.809643
2 31 -0.343083 -0.817108
0 32 0.108547 -0.279631
1 32 0.116012 -0.275899
2 32 0.127209 -0.275899
0 33 -0.346816 -0.787249
1 33 -0.335618 -0.805911
2 33 -0.328153 -0.817108
0 34 -0.57823 -0.346816
1 34 -0.600625 -0.365478
2 34 -0.615554 -0.365478
