39
0 0 -0.097 -0.763
1 0 -0.0699999 -0.766
2 0 -0.0512499 -0.7675
0 1 -0.09125 -0.7625
1 1 -0.065 -0.76625
2 1 -0.04875 -0.7675
0 2 -0.0909999 -0.7624
1 2 -0.0654999 -0.766
2 2 -0.049 -0.7675
0 3 -0.0855999 -0.6184
1 3 -0.0603999 -0.61984
2 3 -0.043 -0.619
0 4 -0.0609999 -0.85
1 4 -0.0355 -0.8545
2 4 -0.0175 -0.8575
0 5 -0.0909999 -0.7624
1 5 -0.0647199 -0.76456
2 5 -0.0477999 -0.766
0 6 -0.0609999 -0.9025
1 6 -0.0355 -0.9085
2 6 -0.0189999 -0.91
0 7 -0.0609999 -0.85
1 7 -0.0355 -0.8545
2 7 -0.0189999 -0.8578
0 8 -0.0475 -0.85
1 8 -0.0207999 -0.8542
2 8 -0.00279992 -0.8578
0 9 -0.0855999 -0.6184
1 9 -0.0603999 -0.61984
2 9 -0.0423999 -0.6202
0 10 0.19016 -0.6868
1 10 0.22256 -0.68896
2 10 0.24416 -0.69112
0 11 -0.0474399 -0.85096
1 11 -0.0215199 -0.85528
2 11 -0.00207984 -0.85744
0 12 -0.0668798 -0.7408
1 12 -0.0409599 -0.74512
2 12 -0.0236799 -0.74512
0 13 -0.0906399 -0.7624
1 13 -0.0647199 -0.76456
2 13 -0.0474399 -0.76672
0 14 -0.0863199 -0.61984
1 14 -0.0603999 -0.61984
2 14 -0.0431199 -0.61984
0 15 -0.0603999 -0.85096
1 15 -0.0333999 -0.8542
2 15 -0.0171998 -0.85744
0 16 -0.00467173 -0.7408
1 16 0.0212482 -0.743392
2 16 0.0393922 -0.745984
0 17 0.0212482 -0.6112
1 17 0.0471682 -0.613792
2 17 0.0679043 -0.613792
0 18 0.0108802 -0.489376
1 18 0.0368003 -0.489376
2 18 0.0575363 -0.486784
0 19 0.00310421 -0.489376
1 19 0.0290243 -0.489376
2 19 0.0497602 -0.489376
0 20 0.00051225 -0.745984
1 20 0.0290243 -0.748576
2 20 0.0471682 -0.751168
0 21 -0.0850238 -0.618976
1 21 -0.0591038 -0.621568
2 21 -0.0409598 -0.621568
0 22 -0.0474399 -0.85096
1 22 -0.0202237 -0.854848
2 22 -0.00207977 -0.85744
0 23 0.176768 -0.694144
1 23 0.207872 -0.696736
2 23 0.228608 -0.699328
0 24 0.210464 -0.696736
1 24 0.241568 -0.699328
2 24 0.264896 -0.70192
0 25 -0.060659 -0.853811
1 25 -0.0344798 -0.85528
2 25 -0.0176318 -0.85744
0 26 -0.0855422 -0.620531
1 26 -0.060659 -0.620531
2 26 -0.0419965 -0.620531
0 27 -0.0482173 -0.853811
1 27 -0.0202237 -0.854848
2 27 -0.00467173 -0.863142
0 28 -0.0886525 -0.760499
1 28 -0.0637693 -0.76361
2 28 -0.0482173 -0.76672
0 29 0.0202115 -0.76983
1 29 0.0482051 -0.772941
2 29 0.0668674 -0.776051
0 30 0.00465946 -0.489894
1 30 0.032653 -0.489894
2 30 0.0513155 -0.486784
0 31 0.0171011 -0.496115
1 31 0.0419843 -0.496115
2 31 0.0637571 -0.496115
0 32 -0.00716 -0.734994
1 32 0.0189673 -0.738726
2 32 0.0376298 -0.738726
0 33 0.000304921 -0.746191
1 33 0.0264323 -0.749924
2 33 0.0450947 -0.749924
0 34 -0.0855421 -0.623019
1 34 -0.0594147 -0.623019
2 34 -0.0407523 -0.623019
0 35 -0.0892746 -0.761121
1 35 -0.0631472 -0.764854
2 35 -0.0482173 -0.764854
0 36 0.0202115 -0.6112
1 36 0.0450947 -0.6112
2 36 0.0637571 -0.611822
0 37 0.0152349 -0.380408
1 37 0.0413623 -0.380408
2 37 0.0637571 -0.376676
0 38 -0.203737 -0.0171134
1 38 -0.185075 -0.00778211
2 38 -0.171389 0.000304921
