9
0 0 -0.907 -0.739
1 0 -0.919 -0.7552
2 0 -0.91 -0.7264
0 1 -0.3628 -0.7534
1 1 -0.3646 -0.7642
2 1 -0.3592 -0.73
0 2 -0.3628 -0.7534
1 2 -0.36496 -0.76456
2 2 -0.35848 -0.73
0 3 -0.344224 -0.68896
1 3 -0.346816 -0.70192
2 3 -0.341632 -0.668224
0 4 -0.362368 -0.751168
1 4 -0.36496 -0.764128
2 4 -0.357184 -0.733024
0 5 -0.362368 -0.751168
1 5 -0.36496 -0.764128
2 5 -0.354281 -0.731261
0 6 -0.522242 -0.391606
1 6 -0.544637 -0.402803
2 6 -0.5633 -0.369211
0 7 -0.309491 -0.734994
1 7 -0.313223 -0.746191
2 7 -0.305759 -0.712599
0 8 -0.820841 -0.768586
1 8 -0.828306 -0.783516
2 8 -0.820841 -0.753656
