61
0 0 -0.39625 -0.86375
1 0 -0.36 -0.87125
2 0 -0.338542 -0.88125
0 1 -0.3952 -0.86608
1 1 -0.361 -0.8722
2 1 -0.341667 -0.880208
0 2 -0.4075 -0.66
1 2 -0.3736 -0.6652
2 2 -0.351042 -0.676042
0 3 -0.521875 -0.920833
1 3 -0.487 -0.9265
2 3 -0.465 -0.9375
0 4 -0.3952 -0.86608
1 4 -0.361 -0.871
2 4 -0.33875 -0.88
0 5 -0.40625 -0.660417
1 5 -0.3736 -0.6652
2 5 -0.35125 -0.675
0 6 -0.6415 -0.9175
1 6 -0.615 -0.92375
2 6 -0.604 -0.9355
0 7 -0.3865 -0.535
1 7 -0.34984 -0.54424
2 7 -0.3325 -0.5515
0 8 -0.3988 -0.8632
1 8 -0.361 -0.8722
2 8 -0.3415 -0.88
0 9 -0.3955 -0.6595
1 9 -0.3625 -0.6655
2 9 -0.343 -0.6745
0 10 -0.40625 -0.660417
1 10 -0.3736 -0.6652
2 10 -0.352 -0.6745
0 11 -0.39304 -0.78832
1 11 -0.361 -0.793
2 11 -0.34 -0.805
0 12 -0.521875 -0.920833
1 12 -0.487 -0.9265
2 12 -0.466 -0.937
0 13 -0.372736 -0.00467173
1 13 -0.352 -0.00699997
2 13 -0.3415 -0.0115
0 14 -0.6418 -0.9172
1 14 -0.613 -0.9244
2 14 -0.604 -0.9352
0 15 -0.6415 -0.91
1 15 -0.613 -0.919
2 15 -0.6022 -0.9298
0 16 -0.5215 -0.922
1 16 -0.487 -0.9262
2 16 -0.4654 -0.937
0 17 -0.3955 -0.6595
1 17 -0.3625 -0.6655
2 17 -0.343 -0.6742
0 18 -0.3988 -0.8632
1 18 -0.36064 -0.87256
2 18 -0.3394 -0.8794
0 19 0.0389601 -0.85312
1 19 0.077 -0.8545
2 19 0.0980001 -0.8632
0 20 -0.3862 -0.5374
1 20 -0.34984 -0.54424
2 20 -0.3322 -0.5518
0 21 -0.39304 -0.78832
1 21 -0.361 -0.7948
2 21 -0.3394 -0.8038
0 22 -0.40816 -0.65872
1 22 -0.3736 -0.6652
2 22 -0.352 -0.6742
0 23 -0.3016 -0.667
1 23 -0.271 -0.6742
2 23 -0.2512 -0.6814
0 24 -0.372736 -0.00467173
1 24 -0.352 -0.00855986
2 24 -0.3412 -0.0117999
0 25 -0.40816 -0.65872
1 25 -0.3736 -0.6652
2 25 -0.35416 -0.67384
0 26 -0.6418 -0.91
1 26 -0.6112 -0.91792
2 26 -0.60256 -0.92872
0 27 -0.3988 -0.8632
1 27 -0.36375 -0.86875
2 27 -0.3412 -0.8812
0 28 0.0432802 -0.8488
1 28 0.0756802 -0.85528
2 28 0.0994401 -0.86392
0 29 -0.3952 -0.65872
1 29 -0.3628 -0.6652
2 29 -0.3412 -0.67384
0 30 -0.39304 -0.78832
1 30 -0.36064 -0.7948
2 30 -0.33904 -0.80344
0 31 -0.37576 -0.54424
1 31 -0.3466 -0.55
2 31 -0.32608 -0.55936
0 32 -0.37792 -0.538624
1 32 -0.34984 -0.54424
2 32 -0.3304 -0.55288
0 33 -0.38656 -0.78832
1 33 -0.352 -0.7948
2 33 -0.3304 -0.80344
0 34 -0.372736 -0.00467173
1 34 -0.352 -0.00855986
2 34 -0.3412 -0.0128799
0 35 -0.3862 -0.5374
1 35 -0.349926 -0.545881
2 35 -0.331264 -0.554176
0 36 -0.396582 -0.866253
1 36 -0.359776 -0.872992
2 36 -0.33904 -0.880768
0 37 -0.37792 -0.647488
1 37 -0.344224 -0.652672
2 37 -0.323488 -0.660448
0 38 -0.393472 -0.787456
1 38 -0.359776 -0.795232
2 38 -0.33904 -0.8056
0 39 -0.387251 -0.788493
1 39 -0.352 -0.795232
2 39 -0.331264 -0.8056
0 40 -0.393472 -0.657856
1 40 -0.362368 -0.665632
2 40 -0.341632 -0.673408
0 41 -0.409024 -0.657856
1 41 -0.3736 -0.6652
2 41 -0.354592 -0.673408
0 42 -0.302752 -0.665632
1 42 -0.271648 -0.673408
2 42 -0.253504 -0.681184
0 43 -0.372736 -0.00467173
1 43 -0.352 -0.00855986
2 43 -0.341632 -0.0150398
0 44 -0.3736 0.00224012
1 44 -0.34984 -0.00423985
2 44 -0.33904 -0.00726376
0 45 -0.3862 -0.5374
1 45 -0.349926 -0.545881
2 45 -0.331264 -0.555213
0 46 -0.396582 -0.866253
1 46 -0.362368 -0.872474
2 46 -0.340595 -0.881805
0 47 -0.306381 -0.667187
1 47 -0.272166 -0.673408
2 47 -0.250393 -0.679629
0 48 -0.37792 -0.642304
1 48 -0.343705 -0.648525
2 48 -0.325043 -0.657856
0 49 -0.393472 -0.657856
1 49 -0.362368 -0.667187
2 49 -0.340595 -0.673408
0 50 -0.290829 -0.555213
1 50 -0.262835 -0.561433
2 50 -0.241062 -0.567654
0 51 -0.3736 0.00224012
1 51 -0.34984 -0.00423985
2 51 -0.340595 -0.00778211
0 52 -0.395338 -0.869363
1 52 -0.361746 -0.873096
2 52 -0.339351 -0.884293
0 53 -0.227376 -0.701402
1 53 -0.193784 -0.708866
2 53 -0.171389 -0.716331
0 54 -0.37792 -0.539661
1 54 -0.349926 -0.545881
2 54 -0.328153 -0.559567
0 55 0.0450947 -0.828928
1 55 0.0793091 -0.838259
2 55 0.101082 -0.846968
0 56 -0.294561 -0.555835
1 56 -0.260969 -0.5633
2 56 -0.242306 -0.570765
0 57 -0.376676 -0.641682
1 57 -0.343083 -0.649147
2 57 -0.324421 -0.656612
0 58 -0.395338 -0.660344
1 58 -0.361746 -0.667809
2 58 -0.343083 -0.675274
0 59 -0.372736 -0.00467173
1 59 -0.349408 -0.00985578
2 59 -0.339351 -0.0183575
0 60 -0.371699 0.00465946
1 60 -0.350548 -0.00342757
2 60 -0.339351 -0.00716
