48
0 0 -0.4 -0.36875
1 0 -0.405 -0.37875
2 0 -0.41625 -0.3825
0 1 -0.307 -0.8485
1 1 -0.305 -0.8675
2 1 -0.304 -0.88
0 2 0.0225 -0.85625
1 2 0.026 -0.877
2 2 0.032 -0.8875
0 3 -0.3985 -0.3685
1 3 -0.406 -0.3775
2 3 -0.4165 -0.382
0 4 0.497 -0.8485
1 4 0.5105 -0.868
2 4 0.521 -0.877
0 5 -0.517 -0.4105
1 5 -0.5245 -0.421
2 5 -0.5365 -0.427
0 6 0.416 -0.8725
1 6 0.428 -0.895
2 6 0.4385 -0.904
0 7 0.497 -0.8335
1 7 0.5105 -0.853
2 7 0.521 -0.862
0 8 -0.307 -0.8488
1 8 -0.30448 -0.86824
2 8 -0.3034 -0.8794
0 9 0.0216801 -0.85528
1 9 0.0260002 -0.87688
2 9 0.0314001 -0.8884
0 10 0.0260002 -0.85744
1 10 0.0324802 -0.87904
2 10 0.0368001 -0.8902
0 11 0.4976 -0.8488
1 11 0.5102 -0.8686
2 11 0.521 -0.8776
0 12 0.0566001 -0.8272
1 12 0.0620001 -0.8488
2 12 0.0674001 -0.8578
0 13 0.4148 -0.8722
1 13 0.4292 -0.8938
2 13 0.4382 -0.9028
0 14 0.4976 -0.8434
1 14 0.512 -0.8632
2 14 0.521 -0.8704
0 15 0.3104 -0.8776
1 15 0.32192 -0.89848
2 15 0.3302 -0.91
0 16 -0.4006 -0.37
1 16 -0.406 -0.379
2 16 -0.4168 -0.3826
0 17 0.5228 -0.8488
1 17 0.539 -0.8704
2 17 0.5498 -0.8794
0 18 -0.54424 -0.37576
1 18 -0.55072 -0.38656
2 18 -0.56584 -0.39088
0 19 0.0260001 -0.8578
1 19 0.0324802 -0.87904
2 19 0.0368001 -0.88984
0 20 0.17288 -0.838
1 20 0.17936 -0.8596
2 20 0.18584 -0.8704
0 21 0.0216801 -0.85528
1 21 0.0278001 -0.8758
2 21 0.0303202 -0.88768
0 22 0.0260002 -0.85744
1 22 0.0342082 -0.878176
2 22 0.0368003 -0.888544
0 23 0.0216801 -0.85528
1 23 0.0260002 -0.87688
2 23 0.0316163 -0.885952
0 24 0.0575363 -0.826336
1 24 0.0627202 -0.847072
2 24 0.0679043 -0.85744
0 25 0.311552 -0.878176
1 25 0.32192 -0.898912
2 25 0.329696 -0.90928
0 26 0.448928 -0.841888
1 26 0.461888 -0.862624
2 26 0.472256 -0.8704
0 27 0.0212482 -0.668224
1 27 0.0264323 -0.68585
2 27 0.0316163 -0.694144
0 28 -0.538624 -0.396064
1 28 -0.5464 -0.406432
2 28 -0.55936 -0.411616
0 29 0.181952 -0.84759
1 29 0.191284 -0.866253
2 29 0.197504 -0.878176
0 30 0.181952 -0.84759
1 30 0.191284 -0.866253
2 30 0.197504 -0.878694
0 31 0.0202115 -0.853811
1 31 0.0226998 -0.873096
2 31 0.0295427 -0.884915
0 32 -0.306381 -0.850701
1 32 -0.30327 -0.869363
2 32 -0.30327 -0.881805
0 33 -0.272166 -0.84759
1 33 -0.269056 -0.869363
2 33 -0.265945 -0.878694
0 34 0.0264323 -0.676518
1 34 0.0342082 -0.694144
2 34 0.0388739 -0.704512
0 35 0.0226998 -0.671542
1 35 0.0264323 -0.68585
2 35 0.032653 -0.695181
0 36 0.520986 -0.850701
1 36 0.536538 -0.872474
2 36 0.545869 -0.878694
0 37 0.0202115 -0.853811
1 37 0.0226998 -0.873096
2 37 0.0301648 -0.884293
0 38 -0.272166 -0.850701
1 38 -0.268434 -0.869363
2 38 -0.268434 -0.880561
0 39 0.0357635 -0.84759
1 39 0.0413623 -0.869363
2 39 0.0450947 -0.880561
0 40 -0.305759 -0.850701
1 40 -0.302026 -0.873096
2 40 -0.302026 -0.884293
0 41 0.0562922 -0.809643
1 41 0.0637571 -0.832038
2 41 0.0674896 -0.839503
0 42 0.138407 -0.820841
1 42 0.145872 -0.839503
2 42 0.153337 -0.850701
0 43 0.0562922 -0.828306
1 43 0.0637571 -0.846968
2 43 0.0674896 -0.858166
0 44 0.168267 -0.839503
1 44 0.179464 -0.858166
2 44 0.183197 -0.869363
0 45 -0.511045 -0.440128
1 45 -0.511045 -0.455058
2 45 -0.522242 -0.462523
0 46 0.0226998 -0.671542
1 46 0.0301648 -0.690204
2 46 0.0338973 -0.697669
0 47 0.179464 -0.846968
1 47 0.186929 -0.865631
2 47 0.194394 -0.876828
