15
0 0 -0.19 -0.7048
1 0 -0.163302 -0.891136
2 0 -0.1345 -0.7585
0 1 -0.1864 -0.7048
1 1 -0.1684 -0.7246
2 1 -0.1324 -0.7588
0 2 -0.274 -0.91
1 2 -0.251042 -0.596875
2 2 -0.2152 -0.6328
0 3 -0.5194 -0.6598
1 3 -0.502336 -0.686368
2 3 -0.46864 -0.722656
0 4 -0.2656 -0.58096
1 4 -0.25048 -0.6004
2 4 -0.214624 -0.634528
0 5 -0.262835 -0.679629
1 5 -0.244173 -0.69207
2 5 -0.209958 -0.729395
0 6 -0.520998 -0.660966
1 6 -0.502336 -0.68585
2 6 -0.468121 -0.723174
0 7 -0.544637 -0.660344
1 7 -0.529707 -0.686472
2 7 -0.489894 -0.720064
0 8 -0.265945 -0.583206
1 8 -0.250393 -0.601869
2 8 -0.216179 -0.632973
0 9 -0.522242 -0.664077
1 9 -0.50358 -0.686472
2 9 -0.469988 -0.723796
0 10 -0.544637 -0.660344
1 10 -0.529707 -0.686472
2 10 -0.492383 -0.720064
0 11 -0.514777 -0.652879
1 11 -0.499848 -0.675274
2 11 -0.462523 -0.712599
0 12 -0.181965 -0.589427
1 12 -0.163302 -0.604979
2 12 -0.130332 -0.641682
0 13 -0.26992 -0.57664
1 13 -0.249771 -0.604357
2 13 -0.216179 -0.634217
0 14 -0.29584 -0.0279999
1 14 -0.294561 -0.0444848
2 14 -0.260969 -0.0780772
