34
0 0 -0.5375 -0.263542
1 0 -0.558333 -0.251042
2 0 -0.5725 -0.26125
0 1 -0.5375 -0.26375
1 1 -0.559 -0.2515
2 1 -0.5725 -0.2605
0 2 -0.7555 -0.607
1 2 -0.757 -0.598
2 2 -0.754 -0.613
0 3 -0.7945 -0.811
1 3 -0.7945 -0.802
2 3 -0.793 -0.8215
0 4 -0.5375 -0.26375
1 4 -0.559 -0.253
2 4 -0.5716 -0.262
0 5 -0.6994 -0.289
1 5 -0.7228 -0.28
2 5 -0.7372 -0.2908
0 6 -0.748 -0.6022
1 6 -0.7498 -0.5914
2 6 -0.7462 -0.6076
0 7 -0.757 -0.6058
1 7 -0.757 -0.5968
2 7 -0.7552 -0.613
0 8 -0.2692 -0.7786
1 8 -0.2656 -0.7642
2 8 -0.2584 -0.7768
0 9 -0.757 -0.6058
1 9 -0.75808 -0.59608
2 9 -0.75592 -0.6112
0 10 -0.85312 -0.52912
1 10 -0.85744 -0.52048
2 10 -0.85528 -0.5356
0 11 -0.748 -0.6022
1 11 -0.74944 -0.59176
2 11 -0.74728 -0.60688
0 12 -0.26776 -0.77536
1 12 -0.2656 -0.76456
2 12 -0.25696 -0.77536
0 13 -0.756352 -0.606016
1 13 -0.758944 -0.595648
2 13 -0.756352 -0.6112
0 14 -0.69976 -0.28936
1 14 -0.722656 -0.279424
2 14 -0.738208 -0.289792
0 15 -0.266464 -0.774496
1 15 -0.263872 -0.761536
2 15 -0.256096 -0.774496
0 16 -0.797824 -0.782272
1 16 -0.797824 -0.774496
2 16 -0.797824 -0.79264
0 17 -0.24832 -0.696736
1 17 -0.245728 -0.683776
2 17 -0.237952 -0.694144
0 18 -0.800416 -0.813376
1 18 -0.800416 -0.8056
2 18 -0.800416 -0.823744
0 19 -0.206848 -0.75376
1 19 -0.204256 -0.7408
2 19 -0.19648 -0.75376
0 20 -0.76672 -0.826336
1 20 -0.76672 -0.81856
2 20 -0.764128 -0.836704
0 21 -0.698291 -0.290829
1 21 -0.723174 -0.278387
2 21 -0.735616 -0.290829
0 22 -0.757389 -0.604979
1 22 -0.760499 -0.595648
2 22 -0.757389 -0.6112
0 23 -0.266464 -0.774496
1 23 -0.265945 -0.76361
2 23 -0.256614 -0.776051
0 24 -0.832038 -0.810266
1 24 -0.832038 -0.800934
2 24 -0.832038 -0.819597
0 25 -0.209958 -0.754278
1 25 -0.206848 -0.741837
2 25 -0.197517 -0.754278
0 26 -0.776051 -0.757389
1 26 -0.77968 -0.745984
2 26 -0.776051 -0.76361
0 27 -0.268434 -0.776051
1 27 -0.264701 -0.761121
2 27 -0.257236 -0.776051
0 28 -0.761121 -0.604357
1 28 -0.761121 -0.596892
2 28 -0.757389 -0.611822
0 29 -0.746191 -0.604357
1 29 -0.749924 -0.596892
2 29 -0.746191 -0.611822
0 30 -0.813376 -0.537172
1 30 -0.817108 -0.525975
2 30 -0.813376 -0.540905
0 31 -0.776051 -0.761121
1 31 -0.776051 -0.749924
2 31 -0.776051 -0.768586
0 32 -0.208714 -0.753656
1 32 -0.204982 -0.738726
2 32 -0.197517 -0.753656
0 33 -0.249771 -0.701402
1 33 -0.246039 -0.686472
2 33 -0.238574 -0.697669
