44
0 0 -0.7714 -0.7372
1 0 -0.7375 -0.751
2 0 -0.718 -0.7765
0 1 -0.8002 -0.7372
1 1 -0.766 -0.7516
2 1 -0.7462 -0.7768
0 2 0.00440013 -0.7336
1 2 0.0368001 -0.748
2 2 0.0620001 -0.7732
0 3 -0.7714 -0.7372
1 3 -0.7375 -0.751
2 3 -0.7192 -0.7768
0 4 -0.7714 -0.7372
1 4 -0.7375 -0.751
2 4 -0.7174 -0.7804
0 5 0.00440013 -0.7336
1 5 -0.73864 -0.7516
2 5 -0.71704 -0.78184
0 6 -0.79912 -0.73864
1 6 -0.76672 -0.7516
2 6 -0.74512 -0.77752
0 7 -0.7732 -0.73648
1 7 -0.738208 -0.751168
2 7 -0.7192 -0.77752
0 8 -0.7732 -0.73648
1 8 -0.739 -0.7516
2 8 -0.72352 -0.77536
0 9 0.0324802 -0.81208
1 9 0.0692001 -0.82504
2 9 0.0951201 -0.85312
0 10 0.00440013 -0.73432
1 10 0.0368001 -0.74728
2 10 0.0627202 -0.7732
0 11 -0.61768 -0.25696
1 11 -0.59176 -0.26776
2 11 -0.57232 -0.28936
0 12 0.0411201 -0.77968
1 12 0.0756802 -0.79264
2 12 0.1016 -0.81856
0 13 0.0130402 -0.85528
1 13 0.0476002 -0.86824
2 13 0.0735202 -0.89632
0 14 0.00440013 -0.73432
1 14 0.0368003 -0.748576
2 14 0.0627202 -0.774496
0 15 -0.774496 -0.738208
1 15 -0.738208 -0.756352
2 15 -0.717472 -0.782272
0 16 0.0264322 -0.733024
1 16 0.0627202 -0.745984
2 16 0.0886402 -0.771904
0 17 -0.800416 -0.738208
1 17 -0.76672 -0.751168
2 17 -0.745984 -0.777088
0 18 -0.774496 -0.738208
1 18 -0.738208 -0.751168
2 18 -0.720064 -0.777088
0 19 0.00828826 -0.813376
1 19 0.0445763 -0.826336
2 19 0.0704962 -0.854848
0 20 0.0778402 -0.68464
1 20 0.111968 -0.696736
2 20 0.14048 -0.722656
0 21 0.0513155 -0.68896
1 21 0.0855298 -0.701402
2 21 0.110413 -0.726285
0 22 0.00465946 -0.732506
1 22 0.0357635 -0.748058
2 22 0.0637571 -0.772941
0 23 -0.776051 -0.738726
1 23 -0.738726 -0.757389
2 23 -0.716954 -0.782272
0 24 0.0077699 -0.813376
1 24 0.0419843 -0.825818
2 24 0.0699778 -0.853811
0 25 -0.774496 -0.738208
1 25 0.0482051 -0.869363
2 25 0.0730883 -0.897357
0 26 0.00154908 -0.698291
1 26 0.0357635 -0.710733
2 26 0.0606467 -0.735616
0 27 0.0295427 -0.810266
1 27 0.0699778 -0.825818
2 27 0.0948611 -0.853811
0 28 -0.409024 -0.807155
1 28 -0.374809 -0.819597
2 28 -0.353037 -0.84759
0 29 0.00465946 -0.69207
1 29 0.0388739 -0.704512
2 29 0.0637571 -0.729395
0 30 0.0295427 -0.716954
1 30 0.0668674 -0.729395
2 30 0.0917507 -0.754278
0 31 0.0575363 -0.788493
1 31 0.0917507 -0.800934
2 31 0.119744 -0.828928
0 32 0.0761987 -0.68585
1 32 0.110413 -0.698291
2 32 0.138407 -0.723174
0 33 0.0824195 -0.690204
1 33 0.116634 -0.701402
2 33 0.144628 -0.726285
0 34 0.0562922 -0.757389
1 34 0.0898844 -0.768586
2 34 0.116012 -0.794714
0 35 0.00403741 -0.734994
1 35 0.0376298 -0.746191
2 35 0.0637571 -0.772319
0 36 -0.798446 -0.738726
1 36 -0.768586 -0.753656
2 36 -0.746191 -0.779784
0 37 -0.776051 -0.738726
1 37 -0.738726 -0.757389
2 37 -0.720064 -0.779784
0 38 0.0301648 -0.813376
1 38 0.0674896 -0.828306
2 38 0.093617 -0.854433
0 39 0.0338973 -0.705134
1 39 0.0674896 -0.716331
2 39 0.093617 -0.742459
0 40 0.00403741 -0.693937
1 40 0.0376298 -0.705134
2 40 0.0637571 -0.731261
0 41 0.0525597 -0.690204
1 41 0.086152 -0.701402
2 41 0.112279 -0.727529
0 42 0.086152 -0.768586
1 42 0.123477 -0.783516
2 42 0.149604 -0.809643
0 43 0.0749546 -0.686472
1 43 0.116012 -0.701402
2 43 0.138407 -0.723796
