8
0 0 -0.675 -0.26875
1 0 -0.675 -0.26
2 0 -0.67 -0.25125
0 1 -0.6742 -0.271
1 1 -0.6742 -0.262
2 1 -0.6706 -0.253
0 2 -0.54424 -0.33472
1 2 -0.53776 -0.32608
2 2 -0.5248 -0.31528
0 3 -0.673408 -0.272166
1 3 -0.673408 -0.262835
2 3 -0.670816 -0.253504
0 4 -0.779784 -0.279631
1 4 -0.776051 -0.269056
2 4 -0.76361 -0.262835
0 5 -0.0699902 -0.863142
1 5 -0.0326653 -0.850701
2 5 0.0139907 -0.822707
0 6 -0.697669 -0.432663
1 6 -0.690204 -0.425198
2 6 -0.671542 -0.417733
0 7 -0.664077 -0.372943
1 7 -0.652879 -0.365478
2 7 -0.637949 -0.358013
