83
0 0 -0.65375 -0.79625
1 0 -0.657292 -0.827083
2 0 -0.658333 -0.852083
0 1 -0.68875 -0.845
1 1 -0.69375 -0.87875
2 1 -0.69625 -0.90375
0 2 -0.56375 -0.83875
1 2 -0.5665 -0.8725
2 2 -0.5675 -0.8975
0 3 -0.65375 -0.79625
1 3 -0.657292 -0.827083
2 3 -0.6575 -0.8525
0 4 -0.6875 -0.1125
1 4 -0.69 -0.14125
2 4 -0.69125 -0.16375
0 5 -0.215 -0.77
1 5 -0.21625 -0.8
2 5 -0.215 -0.82125
0 6 -0.5425 -0.13125
1 6 -0.545 -0.16
2 6 -0.54625 -0.18125
0 7 -0.0525 -0.56875
1 7 -0.0525 -0.595
2 7 -0.0525 -0.615
0 8 -0.688 -0.8605
1 8 -0.6925 -0.895
2 8 -0.694 -0.919
0 9 -0.046 -0.703
1 9 -0.0459999 -0.73
2 9 -0.0445 -0.7525
0 10 -0.565 -0.8395
1 10 -0.5665 -0.8725
2 10 -0.568 -0.8965
0 11 -0.0609999 -0.5935
1 11 -0.0609999 -0.6205
2 11 -0.0609999 -0.64
0 12 -0.412 -0.613
1 12 -0.4135 -0.6415
2 12 -0.415 -0.6625
0 13 -0.67 -0.145
1 13 -0.673 -0.1735
2 13 -0.6745 -0.196
0 14 -0.6535 -0.796
1 14 -0.6575 -0.8275
2 14 -0.658 -0.8515
0 15 -0.0549999 -0.5698
1 15 -0.0531999 -0.595
2 15 -0.0531999 -0.6148
0 16 -0.5428 -0.1306
1 16 -0.5446 -0.1576
2 16 -0.5464 -0.181
0 17 -0.565 -0.8395
1 17 -0.5665 -0.8725
2 17 -0.568 -0.8974
0 18 -0.0873999 -0.595
1 18 -0.0873999 -0.622
2 18 -0.0873999 -0.6418
0 19 -0.5356 -0.1234
1 19 -0.5374 -0.1522
2 19 -0.5392 -0.1738
0 20 -0.6526 -0.7948
1 20 -0.6562 -0.8272
2 20 -0.658 -0.8506
0 21 -0.0567999 -0.6616
1 21 -0.0567999 -0.6904
2 21 -0.0567999 -0.7102
0 22 -0.6904 -0.8452
1 22 -0.694 -0.8812
2 22 -0.6958 -0.9046
0 23 -0.0567999 -0.5536
1 23 -0.0567999 -0.5806
2 23 -0.0567999 -0.6004
0 24 -0.55 -0.1504
1 24 -0.5536 -0.1792
2 24 -0.5536 -0.2008
0 25 -0.0560799 -0.55288
1 25 -0.0560799 -0.58096
2 25 -0.0560799 -0.6004
0 26 -0.68896 -0.84664
1 26 -0.69544 -0.87904
2 26 -0.6976 -0.90496
0 27 -0.0539199 -0.568
1 27 -0.0539199 -0.59392
2 27 -0.0539199 -0.61336
0 28 -0.21808 -0.76672
1 28 -0.21808 -0.79696
2 28 -0.21808 -0.81856
0 29 -0.0582399 -0.57448
1 29 -0.0582399 -0.6004
2 29 -0.0582399 -0.61984
0 30 -0.0582399 -0.66304
1 30 -0.0582399 -0.69112
2 30 -0.0560799 -0.71056
0 31 -0.0452799 -0.55288
1 31 -0.0452799 -0.5788
2 31 -0.0452799 -0.59824
0 32 -0.0863199 -0.59392
1 32 -0.0863199 -0.622
2 32 -0.0863199 -0.64144
0 33 -0.38656 -0.60688
1 33 -0.38656 -0.63496
2 33 -0.38872 -0.65656
0 34 -0.54208 -0.12952
1 34 -0.54424 -0.1576
2 34 -0.5464 -0.1792
0 35 -0.0560799 -0.622
1 35 -0.0539199 -0.64792
2 35 -0.0539199 -0.66952
0 36 -0.0884799 -0.56152
1 36 -0.0884799 -0.5896
2 36 -0.0884799 -0.60904
0 37 -0.0171998 -0.55072
1 37 -0.0171998 -0.57664
2 37 -0.0171998 -0.59608
0 38 -0.68896 -0.84664
1 38 -0.696736 -0.880768
2 38 -0.696736 -0.904096
0 39 -0.564544 -0.839296
1 39 -0.567654 -0.872474
2 39 -0.569728 -0.89632
0 40 -0.543808 -0.129088
1 40 -0.543808 -0.1576
2 40 -0.5464 -0.178336
0 41 -0.217216 -0.76672
1 41 -0.217216 -0.795232
2 41 -0.217216 -0.815968
0 42 -0.0176318 -0.551584
1 42 -0.0176318 -0.577504
2 42 -0.0176318 -0.595648
0 43 -0.0124477 -0.554176
1 43 -0.0124477 -0.580096
2 43 -0.0124477 -0.59824
0 44 -0.0565118 -0.554176
1 44 -0.0565118 -0.580096
2 44 -0.0565118 -0.600832
0 45 -0.0850238 -0.556768
1 45 -0.0850238 -0.582688
2 45 -0.0850238 -0.603424
0 46 -0.0591038 -0.577504
1 46 -0.0591038 -0.603424
2 46 -0.0591038 -0.62416
0 47 -0.0591038 -0.66304
1 47 -0.0591038 -0.691552
2 47 -0.0565118 -0.712288
0 48 -0.0642878 -0.593056
1 48 -0.0616958 -0.618976
2 48 -0.0616958 -0.639712
0 49 -0.0331838 -0.704512
1 49 -0.0305918 -0.730432
2 49 -0.0305918 -0.751168
0 50 -0.0850238 -0.593056
1 50 -0.0850238 -0.621568
2 50 -0.0850238 -0.642304
0 51 -0.474342 -0.642304
1 51 -0.477453 -0.670297
2 51 -0.477453 -0.69207
0 52 -0.564544 -0.839296
1 52 -0.567654 -0.872474
2 52 -0.567654 -0.897357
0 53 -0.542771 -0.129088
1 53 -0.545881 -0.157081
2 53 -0.545881 -0.178854
0 54 -0.0886525 -0.561433
1 54 -0.0855422 -0.583206
2 54 -0.0855422 -0.601869
0 55 -0.0419965 -0.552102
1 55 -0.0419965 -0.580096
2 55 -0.0419965 -0.598758
0 56 -0.0575485 -0.555213
1 56 -0.0575485 -0.583206
2 56 -0.0575485 -0.601869
0 57 -0.0886525 -0.561433
1 57 -0.0886525 -0.589427
2 57 -0.0886525 -0.60809
0 58 -0.217216 -0.76672
1 58 -0.219289 -0.794714
2 58 -0.219289 -0.816486
0 59 -0.69207 -0.84448
1 59 -0.695181 -0.878694
2 59 -0.698291 -0.903578
0 60 -0.0637693 -0.592537
1 60 -0.0637693 -0.620531
2 60 -0.0637693 -0.639194
0 61 -0.0855422 -0.592537
1 61 -0.0855422 -0.620531
2 61 -0.0855422 -0.642304
0 62 -0.0140029 -0.552102
1 62 -0.0140029 -0.580096
2 62 -0.0140029 -0.598758
0 63 -0.0326653 -0.701402
1 63 -0.0326653 -0.729395
2 63 -0.0295549 -0.751168
0 64 -0.0544381 -0.636083
1 64 -0.0544381 -0.664077
2 64 -0.0513278 -0.682739
0 65 -0.060659 -0.664077
1 65 -0.0575485 -0.69207
2 65 -0.0575485 -0.710733
0 66 -0.0824317 -0.664077
1 66 -0.0824317 -0.69207
2 66 -0.0824317 -0.713843
0 67 -0.0388861 -0.576985
1 67 -0.0388861 -0.604979
2 67 -0.0388861 -0.623641
0 68 -0.00156136 -0.695181
1 68 -0.00156136 -0.720064
2 68 -0.00156136 -0.741837
0 69 -0.0594147 -0.555835
1 69 -0.0594147 -0.585695
2 69 -0.0594147 -0.604357
0 70 -0.0855421 -0.596892
1 70 -0.0855421 -0.623019
2 70 -0.0855421 -0.641682
0 71 -0.0706122 -0.705134
1 71 -0.0706122 -0.734994
2 71 -0.0706122 -0.753656
0 72 -0.0519498 -0.634217
1 72 -0.0519498 -0.664077
2 72 -0.0519498 -0.682739
0 73 -0.0594147 -0.664077
1 73 -0.0594147 -0.693937
2 73 -0.0594147 -0.712599
0 74 -0.219911 -0.764854
1 74 -0.219911 -0.794714
2 74 -0.219911 -0.817108
0 75 -0.0855421 -0.559567
1 75 -0.0855421 -0.585695
2 75 -0.0855421 -0.604357
0 76 -0.014625 -0.555835
1 76 -0.014625 -0.581962
2 76 -0.014625 -0.600625
0 77 -0.637949 -0.828306
1 77 -0.641682 -0.858166
2 77 -0.645414 -0.884293
0 78 -0.0780772 -0.555835
1 78 -0.0780772 -0.581962
2 78 -0.0780772 -0.600625
0 79 -0.00716 -0.626752
1 79 -0.00716 -0.652879
2 79 -0.00716 -0.671542
0 80 -0.0407523 -0.555835
1 80 -0.0407523 -0.581962
2 80 -0.0407523 -0.600625
0 81 -0.0818097 -0.667809
1 81 -0.0818097 -0.693937
2 81 -0.0818097 -0.716331
0 82 -0.477453 -0.660344
1 82 -0.477453 -0.690204
2 82 -0.477453 -0.712599
