28
0 0 -0.613 -0.2695
1 0 -0.625 -0.265
2 0 -0.6525 -0.26125
0 1 -0.613 -0.2695
1 1 -0.625 -0.265
2 1 -0.6535 -0.262
0 2 -0.493 -0.349
1 2 -0.4975 -0.3475
2 2 -0.5185 -0.3475
0 3 -0.6295 -0.6775
1 3 -0.6202 -0.685
2 3 -0.6205 -0.697
0 4 -0.613 -0.2692
1 4 -0.62416 -0.2656
2 4 -0.6526 -0.262
0 5 -0.6292 -0.6778
1 5 -0.6202 -0.685
2 5 -0.6202 -0.6976
0 6 -0.7084 -0.6274
1 6 -0.7012 -0.6364
2 6 -0.703 -0.649
0 7 -0.4636 -0.3034
1 7 -0.469 -0.3016
2 7 -0.4906 -0.2998
0 8 -0.613 -0.2692
1 8 -0.62416 -0.2656
2 8 -0.65224 -0.26344
0 9 -0.49456 -0.34768
1 9 -0.49888 -0.34768
2 9 -0.51832 -0.34768
0 10 -0.61984 -0.34984
1 10 -0.62416 -0.34984
2 10 -0.64576 -0.352
0 11 -0.6328 -0.406
1 11 -0.63928 -0.406
2 11 -0.65872 -0.41032
0 12 -0.62848 -0.67816
1 12 -0.61984 -0.6868
2 12 -0.61984 -0.6976
0 13 -0.90928 -0.568
1 13 -0.9028 -0.57664
2 13 -0.91144 -0.5896
0 14 -0.621568 -0.349408
1 14 -0.626752 -0.349408
2 14 -0.647488 -0.352
0 15 -0.61336 -0.26992
1 15 -0.62416 -0.266464
2 15 -0.65008 -0.263872
0 16 -0.634528 -0.40384
1 16 -0.639712 -0.406432
2 16 -0.660448 -0.409024
0 17 -0.629344 -0.678592
1 17 -0.618976 -0.686368
2 17 -0.618976 -0.699328
0 18 -0.652672 -0.411616
1 18 -0.657856 -0.414208
2 18 -0.678592 -0.4168
0 19 -0.46864 -0.279424
1 19 -0.471232 -0.276832
2 19 -0.49456 -0.276832
0 20 -0.75376 -0.608608
1 20 -0.745984 -0.616384
2 20 -0.748576 -0.629344
0 21 -0.642304 -0.409024
1 21 -0.645414 -0.412134
2 21 -0.667187 -0.415245
0 22 -0.6112 -0.272166
1 22 -0.623641 -0.265945
2 22 -0.651635 -0.262835
0 23 -0.474342 -0.293939
1 23 -0.480563 -0.290829
2 23 -0.499225 -0.290829
0 24 -0.496115 -0.346816
1 24 -0.502336 -0.346816
2 24 -0.520998 -0.346816
0 25 -0.611822 -0.272166
1 25 -0.623019 -0.268434
2 25 -0.649147 -0.268434
0 26 -0.641682 -0.682739
1 26 -0.634217 -0.690204
2 26 -0.634217 -0.701402
0 27 -0.611822 -0.346816
1 27 -0.615554 -0.346816
2 27 -0.637949 -0.346816
