19
0 0 -0.677083 -0.25
1 0 -0.6425 -0.25125
2 0 -0.616667 -0.246875
0 1 -0.6775 -0.25
1 1 -0.6425 -0.25125
2 1 -0.61625 -0.2475
0 2 -0.6778 -0.2494
1 2 -0.64 -0.253
2 2 -0.6175 -0.247
0 3 -0.6778 -0.2494
1 3 -0.64 -0.253
2 3 -0.6166 -0.2476
0 4 -0.6778 -0.2494
1 4 -0.63928 -0.25264
2 4 -0.61552 -0.24832
0 5 -0.57232 -0.26776
1 5 -0.5356 -0.26992
2 5 -0.50752 -0.2656
0 6 -0.39952 -0.7516
1 6 -0.35848 -0.76024
2 6 -0.32392 -0.7624
0 7 0.0513155 -0.278387
1 7 0.0948611 -0.278387
2 7 0.137888 -0.279424
0 8 -0.683776 -0.336448
1 8 -0.647488 -0.33904
2 8 -0.618976 -0.336448
0 9 -0.676 -0.250912
1 9 -0.63928 -0.25264
2 9 -0.6112 -0.250912
0 10 -0.68896 -0.328672
1 10 -0.652672 -0.331264
2 10 -0.62416 -0.328672
0 11 -0.880768 -0.577504
1 11 -0.83152 -0.582688
2 11 -0.79264 -0.582688
0 12 0.0523523 -0.276832
1 12 0.0948611 -0.278387
2 12 0.135296 -0.278387
0 13 -0.676518 -0.250393
1 13 -0.636083 -0.253504
2 13 -0.6112 -0.250393
0 14 -0.399693 -0.751168
1 14 -0.358013 -0.761121
2 14 -0.325043 -0.760499
0 15 -0.682739 -0.339351
1 15 -0.649147 -0.339351
2 15 -0.619287 -0.339351
0 16 -0.391606 -0.686472
1 16 -0.346816 -0.686472
2 16 -0.313223 -0.690204
0 17 0.0523523 -0.276832
1 17 0.093617 -0.279631
2 17 0.134674 -0.279631
0 18 -0.395338 -0.749924
1 18 -0.358013 -0.761121
2 18 -0.320688 -0.761121
