34
0 0 -0.0654999 -0.766
1 0 -0.04875 -0.7675
2 0 -0.0387499 -0.76375
0 1 0.2425 -0.7
1 1 0.265 -0.7025
2 1 0.27875 -0.69625
0 2 0.023 -0.745
1 2 0.0425001 -0.7465
2 2 0.0530001 -0.742
0 3 -0.0699999 -0.7675
1 3 -0.052 -0.7675
2 3 -0.043 -0.7645
0 4 -0.0699999 -0.7675
1 4 -0.052 -0.7675
2 4 -0.0441999 -0.7642
0 5 -0.0603999 -0.61984
1 5 -0.0423999 -0.6202
2 5 -0.0333999 -0.6148
0 6 -0.0355 -0.8545
1 6 -0.0189999 -0.8578
2 6 -0.00819988 -0.8542
0 7 -0.0205 -0.853
1 7 -0.00279992 -0.8578
2 7 0.00800012 -0.8542
0 8 -0.0647199 -0.76456
1 8 -0.0477999 -0.766
2 8 -0.0387999 -0.7624
0 9 -0.0344798 -0.90928
1 9 -0.0193598 -0.91144
2 9 -0.00855986 -0.91144
0 10 -0.0452799 -0.74944
1 10 -0.0279999 -0.74944
2 10 -0.0193598 -0.74728
0 11 -0.0207999 -0.8542
1 11 -0.00207984 -0.85744
2 11 0.00656013 -0.85528
0 12 0.0471682 -0.613792
1 12 0.0679043 -0.613792
2 12 0.0782722 -0.606016
0 13 -0.060659 -0.620531
1 13 -0.0431199 -0.61984
2 13 -0.0331838 -0.616384
0 14 0.0290243 -0.489376
1 14 0.0497602 -0.489376
2 14 0.0601283 -0.4816
0 15 -0.0409598 -0.733024
1 15 -0.0228158 -0.735616
2 15 -0.0124477 -0.730432
0 16 -0.0642878 -0.764128
1 16 -0.0487357 -0.76672
2 16 -0.0383678 -0.761536
0 17 -0.0202237 -0.854848
1 17 -0.00207977 -0.85744
2 17 0.00828826 -0.854848
0 18 -0.060659 -0.620531
1 18 -0.0431199 -0.61984
2 18 -0.0326653 -0.617421
0 19 0.0450947 -0.6112
1 19 0.0637571 -0.611822
2 19 0.0761987 -0.60809
0 20 -0.0388861 -0.735616
1 20 -0.0202237 -0.735616
2 20 -0.0108926 -0.732506
0 21 -0.0344798 -0.85528
1 21 -0.0171134 -0.860032
2 21 -0.00778211 -0.860032
0 22 -0.676518 -0.346816
1 22 -0.705134 -0.320688
2 22 -0.751168 -0.281497
0 23 0.23794 -0.698291
1 23 0.262823 -0.701402
2 23 0.275264 -0.695181
0 24 0.0189673 -0.738726
1 24 0.0376298 -0.738726
2 24 0.0488272 -0.734994
0 25 -0.0370199 -0.738726
1 25 -0.02209 -0.738726
2 25 -0.0108925 -0.734994
0 26 -0.0444848 -0.727529
1 26 -0.0295549 -0.734994
2 26 -0.0183575 -0.727529
0 27 -0.0631472 -0.764854
1 27 -0.0482173 -0.764854
2 27 -0.0370199 -0.761121
0 28 -0.0594147 -0.623019
1 28 -0.0407523 -0.623019
2 28 -0.0332874 -0.619287
0 29 0.0488272 -0.776051
1 29 0.0674896 -0.776051
2 29 0.078687 -0.772319
0 30 0.0450947 -0.611822
1 30 0.0668674 -0.61431
2 30 0.0749546 -0.608089
0 31 0.0338973 -0.492383
1 31 0.0525597 -0.492383
2 31 0.0637571 -0.484918
0 32 0.0264323 -0.749924
1 32 0.0450947 -0.749924
2 32 0.0562922 -0.746191
0 33 0.239184 -0.697669
1 33 0.261579 -0.701402
2 33 0.276509 -0.693937
