20
0 0 -0.621875 -0.4125
1 0 -0.6025 -0.424
2 0 -0.608333 -0.430208
0 1 -0.621875 -0.4125
1 1 -0.6025 -0.424
2 1 -0.60875 -0.43
0 2 -0.8812 -0.8416
1 2 -0.8362 -0.8542
2 2 -0.8308 -0.8668
0 3 -0.4654 -0.6706
1 3 -0.4222 -0.6814
2 3 -0.4096 -0.6904
0 4 -0.496 -0.3304
1 4 -0.478 -0.3394
2 4 -0.487 -0.3448
0 5 -0.622 -0.4042
1 5 -0.6004 -0.4168
2 5 -0.6076 -0.4222
0 6 -0.46648 -0.66952
1 6 -0.42328 -0.68032
2 6 -0.41032 -0.68896
0 7 -0.4708 -0.2548
1 7 -0.45136 -0.26128
2 7 -0.46 -0.2656
0 8 -0.84232 -0.53776
1 8 -0.79912 -0.55072
2 8 -0.78832 -0.55936
0 9 -0.62416 -0.41248
1 9 -0.60472 -0.42328
2 9 -0.6112 -0.42976
0 10 -0.622 -0.4042
1 10 -0.6004 -0.4168
2 10 -0.60688 -0.42112
0 11 -0.46864 -0.256096
1 11 -0.450496 -0.263872
2 11 -0.458272 -0.266464
0 12 -0.622 -0.40384
1 12 -0.603424 -0.4168
2 12 -0.606016 -0.421984
0 13 -0.512704 -0.310528
1 13 -0.49456 -0.318304
2 13 -0.504928 -0.323488
0 14 -0.489376 -0.8704
1 14 -0.445312 -0.88336
2 14 -0.434944 -0.89632
0 15 -0.440128 -0.243136
1 15 -0.421984 -0.250912
2 15 -0.427686 -0.253504
0 16 -0.838259 -0.548992
1 16 -0.794714 -0.561433
2 16 -0.785382 -0.570765
0 17 -0.751168 -0.580096
1 17 -0.710733 -0.589427
2 17 -0.698291 -0.598758
0 18 -0.580096 -0.626752
1 18 -0.53655 -0.636083
2 18 -0.527219 -0.645414
0 19 -0.846968 -0.537172
1 19 -0.802178 -0.552102
2 19 -0.790981 -0.559567
