43
0 0 -0.1144 -0.75376
1 0 -0.097 -0.763
2 0 -0.0699999 -0.7675
0 1 -0.109 -0.754
1 1 -0.0909999 -0.7624
2 1 -0.0654999 -0.766
0 2 -0.0805 -0.892
1 2 -0.0609999 -0.9025
2 2 -0.0355 -0.9085
0 3 -0.1072 -0.7534
1 3 -0.0909999 -0.7624
2 3 -0.0621999 -0.766
0 4 -0.1072 -0.7534
1 4 -0.0909999 -0.7624
2 4 -0.0657999 -0.766
0 5 -0.0801999 -0.892
1 5 -0.0621999 -0.9028
2 5 -0.0351999 -0.9082
0 6 -0.1025 -0.61125
1 6 -0.0865 -0.6175
2 6 -0.0585999 -0.6184
0 7 -0.0657999 -0.8416
1 7 -0.0477999 -0.8506
2 7 -0.0207999 -0.8542
0 8 -0.0783999 -0.8398
1 8 -0.0603999 -0.85096
2 8 -0.0333999 -0.8542
0 9 -0.2116 -0.0189999
1 9 -0.20296 -0.0171998
2 9 -0.1864 -0.00639992
0 10 -0.1144 -0.75376
1 10 -0.0981999 -0.7624
2 10 -0.0711999 -0.76456
0 11 0.42992 -0.9136
1 11 0.46016 -0.9244
2 11 0.49904 -0.93088
0 12 -0.0798399 -0.89416
1 12 -0.0603999 -0.90496
2 12 -0.0344798 -0.90928
0 13 -0.1018 -0.6112
1 13 -0.0863199 -0.61984
2 13 -0.0603999 -0.61984
0 14 -0.0668798 -0.841888
1 14 -0.0474399 -0.85096
2 14 -0.0215199 -0.85528
0 15 -0.0841599 -0.73432
1 15 -0.0668798 -0.7408
2 15 -0.0409599 -0.74512
0 16 -0.1072 -0.7534
1 16 -0.0909999 -0.7624
2 16 -0.0647199 -0.76456
0 17 -0.0798399 -0.84448
1 17 -0.0603999 -0.85096
2 17 -0.0344798 -0.85528
0 18 0.00310421 -0.606016
1 18 0.0212482 -0.6112
2 18 0.0471682 -0.613792
0 19 -0.0798399 -0.89416
1 19 -0.0591038 -0.904096
2 19 -0.0331838 -0.90928
0 20 -0.0876158 -0.738208
1 20 -0.0720638 -0.745984
2 20 -0.0461438 -0.748576
0 21 -0.101094 -0.61431
1 21 -0.0850238 -0.618976
2 21 -0.0591038 -0.621568
0 22 -0.00726376 -0.484192
1 22 0.0108802 -0.489376
2 22 0.0368003 -0.489376
0 23 -0.0668798 -0.84448
1 23 -0.0482173 -0.853811
2 23 -0.0202237 -0.854848
0 24 -0.0124477 -0.486784
1 24 0.00310421 -0.489376
2 24 0.0290243 -0.489376
0 25 -0.2116 -0.0193598
1 25 -0.201664 -0.0176318
2 25 -0.18352 -0.00985578
0 26 0.187136 -0.68896
1 26 0.210464 -0.696736
2 26 0.241568 -0.699328
0 27 -0.213069 -0.0108926
1 27 -0.203737 -0.00778211
2 27 -0.185075 0.00154908
0 28 0.00051225 -0.489376
1 28 0.0171011 -0.496115
2 28 0.0419843 -0.496115
0 29 0.169511 -0.679629
1 29 0.191284 -0.68585
2 29 0.222388 -0.68896
0 30 -0.212446 -0.02209
1 30 -0.203737 -0.0171134
2 30 -0.185075 -0.00778211
0 31 -0.101094 -0.61431
1 31 -0.0855422 -0.620531
2 31 -0.060659 -0.620531
0 32 0.00310421 -0.606016
1 32 0.0212482 -0.6112
2 32 0.0450947 -0.6112
0 33 -0.0202237 -0.738726
1 33 0.00154908 -0.744947
2 33 0.0264323 -0.748058
0 34 -0.107315 -0.751168
1 34 -0.0886525 -0.760499
2 34 -0.0637693 -0.76361
0 35 -0.212446 -0.02209
1 35 -0.203737 -0.0171134
2 35 -0.186319 -0.0108925
0 36 -0.00778211 -0.483673
1 36 0.0077699 -0.492383
2 36 0.0338973 -0.492383
0 37 -0.00342757 -0.496115
1 37 0.0152349 -0.499848
2 37 0.0413623 -0.499848
0 38 0.000304921 -0.604357
1 38 0.0189673 -0.611822
2 38 0.0450947 -0.611822
0 39 -0.100472 -0.615554
1 39 -0.0855421 -0.623019
2 39 -0.0594147 -0.623019
0 40 -0.0258224 -0.727529
1 40 -0.00716 -0.734994
2 40 0.0189673 -0.738726
0 41 -0.104205 -0.749924
1 41 -0.0892746 -0.761121
2 41 -0.0631472 -0.764854
0 42 -0.0818097 -0.727529
1 42 -0.0631472 -0.734994
2 42 -0.0370199 -0.738726
