41
0 0 -0.79048 -0.72784
1 0 0.0130402 -0.85528
2 0 -0.7375 -0.75
0 1 -0.7876 -0.7318
1 1 0.0130402 -0.85528
2 1 -0.735 -0.75375
0 2 0.0140001 -0.7975
1 2 0.0375001 -0.81
2 2 0.0725001 -0.82125
0 3 -0.79048 -0.72784
1 3 0.0130402 -0.85528
2 3 -0.7375 -0.75
0 4 -0.78832 -0.73216
1 4 -0.7714 -0.7372
2 4 -0.7375 -0.751
0 5 -0.79048 -0.72784
1 5 -0.7732 -0.73648
2 5 -0.739 -0.7516
0 6 -0.63496 -0.25048
1 6 -0.61768 -0.25696
2 6 -0.59176 -0.26776
0 7 -0.78832 -0.73216
1 7 -0.7732 -0.73648
2 7 -0.73864 -0.7516
0 8 -0.787456 -0.733024
1 8 0.00440013 -0.73432
2 8 0.0368001 -0.74728
0 9 0.0130402 -0.79912
1 9 0.0324802 -0.81208
2 9 0.0692001 -0.82504
0 10 0.00656013 -0.72352
1 10 0.0281602 -0.73432
2 10 0.0627202 -0.74728
0 11 -0.787456 -0.733024
1 11 0.0134722 -0.854848
2 11 -0.738208 -0.756352
0 12 -0.790048 -0.72784
1 12 -0.774496 -0.738208
2 12 -0.738208 -0.751168
0 13 -0.0176318 -0.725248
1 13 0.00440013 -0.73432
2 13 0.0368003 -0.748576
0 14 -0.795232 -0.725248
1 14 0.0134722 -0.854848
2 14 0.0549442 -0.872992
0 15 0.0606467 -0.679629
1 15 0.0761987 -0.68585
2 15 0.116634 -0.701402
0 16 0.0171011 -0.754278
1 16 0.0388739 -0.76361
2 16 0.0730883 -0.776051
0 17 0.0264323 -0.679629
1 17 0.0513155 -0.68896
2 17 0.0855298 -0.701402
0 18 0.00465946 -0.723174
1 18 0.0264323 -0.732506
2 18 0.0606467 -0.744947
0 19 -0.790048 -0.72784
1 19 -0.774496 -0.738208
2 19 -0.738726 -0.751168
0 20 -0.0171134 -0.682739
1 20 0.00465946 -0.69207
2 20 0.0388739 -0.704512
0 21 -0.790981 -0.734994
1 21 -0.776051 -0.738726
2 21 -0.738726 -0.757389
0 22 0.0357635 -0.776051
1 22 0.0575363 -0.788493
2 22 0.0917507 -0.800934
0 23 -0.0171134 -0.723174
1 23 0.00465946 -0.732506
2 23 0.0357635 -0.748058
0 24 -0.0140029 -0.800934
1 24 0.0077699 -0.813376
2 24 0.0419843 -0.825818
0 25 0.0544259 -0.676518
1 25 0.0761987 -0.68585
2 25 0.110413 -0.698291
0 26 0.0233219 -0.84448
1 26 0.0450947 -0.856922
2 26 0.0824195 -0.872474
0 27 -0.0202237 -0.68896
1 27 0.00154908 -0.698291
2 27 0.0357635 -0.710733
0 28 -0.790048 -0.72784
1 28 0.0139907 -0.853811
2 28 0.0482051 -0.869363
0 29 -0.00716 -0.843236
1 29 0.0152349 -0.854433
2 29 0.0488272 -0.869363
0 30 0.0413623 -0.843236
1 30 0.0637571 -0.854433
2 30 0.101082 -0.869363
0 31 0.0301648 -0.679007
1 31 0.0525597 -0.690204
2 31 0.086152 -0.701402
0 32 0.0544259 -0.676518
1 32 0.0824195 -0.690204
2 32 0.116012 -0.701402
0 33 0.00403741 -0.723796
1 33 0.0264323 -0.734994
2 33 0.0600246 -0.746191
0 34 -0.0183575 -0.723796
1 34 0.00403741 -0.734994
2 34 0.0376298 -0.746191
0 35 -0.0183575 -0.682739
1 35 0.00403741 -0.693937
2 35 0.0376298 -0.705134
0 36 -0.790981 -0.734994
1 36 -0.776051 -0.738726
2 36 -0.738726 -0.757389
0 37 0.0338973 -0.746191
1 37 0.0562922 -0.757389
2 37 0.0898844 -0.768586
0 38 -0.014625 -0.802178
1 38 0.0077699 -0.813376
2 38 0.0450947 -0.828306
0 39 0.0115024 -0.802178
1 39 0.0301648 -0.813376
2 39 0.0674896 -0.828306
0 40 0.0189673 -0.768586
1 40 0.0413623 -0.779784
2 40 0.0749546 -0.794714
