14
0 0 0.12625 -0.73375
1 0 0.14375 -0.74625
2 0 0.15375 -0.75375
0 1 -0.00249996 -0.79
1 1 0.00980008 -0.8038
2 1 0.02 -0.814
0 2 -0.5824 -0.8362
1 2 -0.58096 -0.85312
2 2 -0.5788 -0.86824
0 3 0.13616 -0.39952
1 3 0.15128 -0.40168
2 3 0.15992 -0.40384
0 4 -0.4924 -0.24184
1 4 -0.497152 -0.245728
2 4 -0.517888 -0.243136
0 5 0.124928 -0.735616
1 5 0.143072 -0.748576
2 5 0.15344 -0.756352
0 6 0.402272 -0.65008
1 6 0.4256 -0.657856
2 6 0.441152 -0.66304
0 7 0.00310421 -0.787456
1 7 0.0160643 -0.803008
2 7 0.0264323 -0.810266
0 8 0.437005 -0.676518
1 8 0.461888 -0.68585
2 8 0.480551 -0.69207
0 9 0.41461 -0.679007
1 9 0.440738 -0.690204
2 9 0.455668 -0.693937
0 10 0.0376298 -0.742459
1 10 0.0525597 -0.757389
2 10 0.0600246 -0.764854
0 11 0.134674 -0.402803
1 11 0.149604 -0.406536
2 11 0.157069 -0.406536
0 12 0.164534 -0.794714
1 12 0.183197 -0.809643
2 12 0.194394 -0.817108
0 13 0.00465946 -0.586317
1 13 0.0189673 -0.596892
2 13 0.0264323 -0.600625
