29
0 0 -0.019 -0.781
1 0 -0.00459989 -0.7858
2 0 0.00200005 -0.7915
0 1 0.3635 -0.919
1 1 0.386 -0.9265
2 1 0.3995 -0.934
0 2 -0.0189999 -0.7804
1 2 6.35783e-08 -0.78625
2 2 0.00500005 -0.79
0 3 0.35 -0.6868
1 3 0.3716 -0.6886
2 3 0.3842 -0.6904
0 4 -0.0135999 -0.7804
1 4 -0.00459989 -0.7858
2 4 0.00620009 -0.7894
0 5 0.31976 -0.66304
1 5 0.3392 -0.6652
2 5 0.35216 -0.66736
0 6 0.26792 -0.77752
1 6 0.28736 -0.78184
2 6 0.29816 -0.78616
0 7 0.1232 -0.78184
1 7 0.14048 -0.78616
2 7 0.14912 -0.79048
0 8 0.0238403 -0.885952
1 8 0.0411201 -0.892
2 8 0.0476002 -0.89848
0 9 0.11456 -0.595648
1 9 0.130112 -0.59824
2 9 0.137888 -0.59824
0 10 0.0964162 -0.453088
1 10 0.111968 -0.453088
2 10 0.119744 -0.450496
0 11 0.350432 -0.683776
1 11 0.371168 -0.686368
2 11 0.384128 -0.68896
0 12 0.0419842 -0.88336
1 12 0.0575363 -0.891136
2 12 0.0653123 -0.89632
0 13 0.0238403 -0.885952
1 13 0.0419842 -0.893728
2 13 0.0471682 -0.898912
0 14 0.0419842 -0.88336
1 14 0.0575363 -0.891136
2 14 0.0637571 -0.900467
0 15 -0.0108925 -0.611822
1 15 0.00154908 -0.61431
2 15 0.0077699 -0.61431
0 16 -0.0140029 -0.779162
1 16 0.00154908 -0.782272
2 16 0.0077699 -0.788493
0 17 0.122855 -0.782272
1 17 0.138407 -0.788493
2 17 0.147738 -0.791603
0 18 0.0077699 -0.760499
1 18 0.0233219 -0.76361
2 18 0.0295427 -0.76983
0 19 0.0948611 -0.452569
1 19 0.110413 -0.452569
2 19 0.119744 -0.452569
0 20 -0.424576 -0.390361
1 20 -0.424576 -0.393472
2 20 -0.440128 -0.390361
0 21 0.0855298 -0.452569
1 21 0.104192 -0.452569
2 21 0.110413 -0.452569
0 22 -0.0108925 -0.776051
1 22 0.000304921 -0.783516
2 22 0.0077699 -0.787249
0 23 0.0152349 -0.742459
1 23 0.0301648 -0.746191
2 23 0.0376298 -0.749924
0 24 0.086152 -0.738726
1 24 0.101082 -0.742459
2 24 0.108547 -0.746191
0 25 -0.0108925 -0.611822
1 25 0.00403741 -0.615554
2 25 0.0077699 -0.615554
0 26 0.0077699 -0.761121
1 26 0.0226998 -0.764854
2 26 0.0301648 -0.768586
0 27 0.0077699 -0.734994
1 27 0.0226998 -0.738726
2 27 0.0301648 -0.742459
0 28 0.325031 -0.761121
1 28 0.347426 -0.764854
2 28 0.358623 -0.768586
