37
0 0 -0.87 -0.47375
1 0 -0.865 -0.50125
2 0 -0.8625 -0.51625
0 1 -0.708866 -0.805911
1 1 -0.705134 -0.835771
2 1 -0.7015 -0.847
0 2 -0.71056 -0.79912
1 2 -0.7066 -0.829
2 2 -0.7012 -0.847
0 3 0.1124 -0.748
1 3 0.1232 -0.77752
2 3 0.1376 -0.7912
0 4 0.116 -0.847
1 4 0.1286 -0.8776
2 4 0.143 -0.8938
0 5 -0.7084 -0.80344
1 5 -0.7048 -0.8344
2 5 -0.6994 -0.8524
0 6 0.11672 -0.84664
1 6 0.12968 -0.87688
2 6 0.14264 -0.89416
0 7 0.0778402 -0.79696
1 7 0.0890001 -0.829
2 7 0.1016 -0.84448
0 8 -0.43192 -0.28288
1 8 -0.4276 -0.30664
2 8 -0.42328 -0.31744
0 9 0.10808 -0.77536
1 9 0.12104 -0.8056
2 9 0.134 -0.82072
0 10 -0.7084 -0.80344
1 10 -0.70408 -0.83368
2 10 -0.69976 -0.85312
0 11 -0.71056 -0.79912
1 11 -0.7066 -0.829
2 11 -0.70192 -0.84664
0 12 0.117152 -0.847072
1 12 0.130112 -0.878176
2 12 0.143072 -0.893728
0 13 -0.341632 -0.847072
1 13 -0.336448 -0.878176
2 13 -0.32608 -0.893728
0 14 0.0782722 -0.797824
1 14 0.0886402 -0.828928
2 14 0.104192 -0.841888
0 15 -0.712288 -0.800416
1 15 -0.707104 -0.828928
2 15 -0.70192 -0.847072
0 16 -0.756352 -0.800416
1 16 -0.75376 -0.83152
2 16 -0.748576 -0.849664
0 17 -0.709696 -0.8056
1 17 -0.704512 -0.834112
2 17 -0.699328 -0.852256
0 18 -0.757389 -0.819597
1 18 -0.754278 -0.850701
2 18 -0.751168 -0.869363
0 19 -0.340595 -0.84759
1 19 -0.334374 -0.878694
2 19 -0.325043 -0.894246
0 20 0.0756803 -0.758944
1 20 0.0855298 -0.788493
2 20 0.0979715 -0.804045
0 21 0.110413 -0.751168
1 21 0.122855 -0.779162
2 21 0.135296 -0.794714
0 22 0.125965 -0.748058
1 22 0.138407 -0.776051
2 22 0.150848 -0.791603
0 23 0.169511 -0.835149
1 23 0.181952 -0.866253
2 23 0.197504 -0.881805
0 24 0.104192 -0.797824
1 24 0.116634 -0.828928
2 24 0.132186 -0.84137
0 25 0.0761987 -0.797824
1 25 0.0886403 -0.828928
2 25 0.101082 -0.84448
0 26 -0.712288 -0.800416
1 26 -0.707104 -0.828928
2 26 -0.704512 -0.84759
0 27 -0.707622 -0.804045
1 27 -0.704512 -0.835149
2 27 -0.701402 -0.853811
0 28 0.078687 -0.798446
1 28 0.0898844 -0.828306
2 28 0.101082 -0.843236
0 29 0.127209 -0.749924
1 29 0.142139 -0.779784
2 29 0.153337 -0.794714
0 30 0.160802 -0.749924
1 30 0.175732 -0.779784
2 30 0.186929 -0.794714
0 31 0.0749546 -0.761121
1 31 0.0898844 -0.783516
2 31 0.0973494 -0.802178
0 32 -0.738726 -0.802178
1 32 -0.734994 -0.832038
2 32 -0.731261 -0.850701
0 33 0.130942 -0.820841
1 33 0.145872 -0.850701
2 33 0.157069 -0.865631
0 34 -0.708866 -0.805911
1 34 -0.705134 -0.835771
2 34 -0.701402 -0.854433
0 35 0.153337 -0.746191
1 35 0.168267 -0.776051
2 35 0.179464 -0.790981
0 36 0.108547 -0.779784
1 36 0.119744 -0.809643
2 36 0.134674 -0.824573
