10
0 0 0.19625 -0.87625
1 0 0.211458 -0.905208
2 0 0.221875 -0.914583
0 1 0.19625 -0.87625
1 1 0.211458 -0.905208
2 1 0.22125 -0.91625
0 2 -0.2665 -0.892
1 2 -0.2575 -0.925
2 2 -0.253 -0.94
0 3 -0.2656 -0.892
1 3 -0.2584 -0.9262
2 3 -0.253 -0.9406
0 4 -0.6436 -0.28288
1 4 -0.66736 -0.30016
2 4 -0.69976 -0.30448
0 5 0.161216 -0.683776
1 5 0.174176 -0.707104
2 5 0.181952 -0.71488
0 6 0.35432 -0.6436
1 6 0.368576 -0.665632
2 6 0.378944 -0.670816
0 7 0.358623 -0.652879
1 7 0.374797 -0.673408
2 7 0.384128 -0.676518
0 8 0.150848 -0.673408
1 8 0.163808 -0.696736
2 8 0.171999 -0.705134
0 9 0.358623 -0.652879
1 9 0.374797 -0.673408
2 9 0.38475 -0.679007
