47
0 0 -0.22875 -0.86875
1 0 -0.21875 -0.885
2 0 -0.21875 -0.8975
0 1 0.0890001 -0.829
1 1 0.1 -0.84375
2 1 0.105 -0.8575
0 2 -0.33875 -0.90625
1 2 -0.33 -0.92375
2 2 -0.33125 -0.935
0 3 -0.58125 -0.2925
1 3 -0.58 -0.30375
2 3 -0.585 -0.30625
0 4 0.1265 -0.9085
1 4 0.14 -0.9235
2 4 0.1445 -0.937
0 5 0.0890001 -0.829
1 5 0.1 -0.84375
2 5 0.1055 -0.856
0 6 0.0890001 -0.829
1 6 0.1 -0.84375
2 6 0.1052 -0.8578
0 7 0.1268 -0.9082
1 7 0.1412 -0.9226
2 7 0.1448 -0.937
0 8 -0.7066 -0.829
1 8 -0.7015 -0.847
2 8 -0.7084 -0.8578
0 9 0.1286 -0.8776
1 9 0.143 -0.8938
2 9 0.1466 -0.9082
0 10 -0.7048 -0.8344
1 10 -0.699328 -0.852256
2 10 -0.7048 -0.8614
0 11 0.1232 -0.77752
1 11 0.1376 -0.7912
2 11 0.14048 -0.80344
0 12 0.1448 -0.80344
1 12 0.15776 -0.8164
2 12 0.16208 -0.82936
0 13 -0.56152 -0.3304
1 13 -0.55936 -0.3412
2 13 -0.56368 -0.34552
0 14 0.12968 -0.87688
1 14 0.14264 -0.89416
2 14 0.14696 -0.90712
0 15 -0.4276 -0.3052
1 15 -0.424 -0.316
2 15 -0.42544 -0.3196
0 16 -0.70408 -0.83368
1 16 -0.699328 -0.852256
2 16 -0.70624 -0.86176
0 17 0.0890001 -0.829
1 17 0.1016 -0.84448
2 17 0.10592 -0.85744
0 18 -0.707104 -0.828928
1 18 -0.70192 -0.84664
2 18 -0.7084 -0.85744
0 19 -0.73648 -0.82936
1 19 -0.73216 -0.84664
2 19 -0.73864 -0.85744
0 20 -0.7516 -0.82936
1 20 -0.74728 -0.8488
2 20 -0.75376 -0.85744
0 21 0.119744 -0.8056
1 21 0.135296 -0.821152
2 21 0.137888 -0.834112
0 22 0.0886402 -0.828928
1 22 0.104192 -0.841888
2 22 0.106784 -0.85744
0 23 -0.707104 -0.828928
1 23 -0.70192 -0.847072
2 23 -0.709696 -0.85744
0 24 -0.704512 -0.834112
1 24 -0.699328 -0.852256
2 24 -0.707104 -0.862624
0 25 0.145664 -0.803008
1 25 0.158624 -0.81856
2 25 0.161216 -0.828928
0 26 -0.704512 -0.835149
1 26 -0.701402 -0.853811
2 26 -0.707622 -0.863142
0 27 -0.735616 -0.832038
1 27 -0.732506 -0.84759
2 27 -0.738726 -0.860032
0 28 0.0886403 -0.828928
1 28 0.101082 -0.84448
2 28 0.107303 -0.856922
0 29 0.122855 -0.779162
1 29 0.135296 -0.794714
2 29 0.138407 -0.807155
0 30 0.138407 -0.776051
1 30 0.150848 -0.791603
2 30 0.153959 -0.804045
0 31 0.144628 -0.850701
1 31 0.16018 -0.866253
2 31 0.16329 -0.878694
0 32 0.168267 -0.776051
1 32 0.181952 -0.788493
2 32 0.185063 -0.800934
0 33 -0.754278 -0.850701
1 33 -0.751168 -0.869363
2 33 -0.757389 -0.881805
0 34 0.0855298 -0.788493
1 34 0.0979715 -0.804045
2 34 0.101082 -0.813376
0 35 0.175732 -0.779784
1 35 0.188173 -0.791603
2 35 0.191284 -0.804045
0 36 0.119744 -0.809643
1 36 0.134674 -0.824573
2 36 0.138407 -0.835771
0 37 0.0898844 -0.783516
1 37 0.0973494 -0.802178
2 37 0.101082 -0.817108
0 38 0.0898844 -0.783516
1 38 0.0973494 -0.802178
2 38 0.104814 -0.809643
0 39 0.116012 -0.779784
1 39 0.134674 -0.794714
2 39 0.138407 -0.805911
0 40 0.142139 -0.779784
1 40 0.153337 -0.794714
2 40 0.157069 -0.805911
0 41 0.168267 -0.776051
1 41 0.179464 -0.790981
2 41 0.186929 -0.802178
0 42 0.0898844 -0.828306
1 42 0.101082 -0.843236
2 42 0.108547 -0.854433
0 43 -0.705134 -0.835771
1 43 -0.701402 -0.854433
2 43 -0.708866 -0.865631
0 44 -0.734994 -0.832038
1 44 -0.731261 -0.850701
2 44 -0.738726 -0.861898
0 45 -0.447593 -0.343083
1 45 -0.44386 -0.354281
2 45 -0.44386 -0.358013
0 46 0.175732 -0.779784
1 46 0.186929 -0.794714
2 46 0.194394 -0.805911
