49
0 0 -0.670833 -0.180208
1 0 -0.671875 -0.202083
2 0 -0.671875 -0.220833
0 1 -0.565625 -0.182292
1 1 -0.565625 -0.204167
2 1 -0.566667 -0.222917
0 2 -0.657292 -0.827083
1 2 -0.658333 -0.852083
2 2 -0.6575 -0.8775
0 3 -0.5665 -0.8725
1 3 -0.5675 -0.8975
2 3 -0.568 -0.9205
0 4 -0.694 -0.8815
1 4 -0.6958 -0.9046
2 4 -0.6955 -0.9295
0 5 -0.6575 -0.8275
1 5 -0.658 -0.8515
2 5 -0.658 -0.877
0 6 -0.5665 -0.8725
1 6 -0.5675 -0.8975
2 6 -0.568 -0.9208
0 7 -0.5446 -0.1576
1 7 -0.5464 -0.181
2 7 -0.5464 -0.199
0 8 -0.6562 -0.8272
1 8 -0.658 -0.8506
2 8 -0.658 -0.8758
0 9 -0.69544 -0.87904
1 9 -0.6976 -0.90496
2 9 -0.6976 -0.92872
0 10 -0.38008 -0.6868
1 10 -0.38008 -0.70624
2 10 -0.38008 -0.73
0 11 -0.0863199 -0.622
1 11 -0.0863199 -0.64144
2 11 -0.0863199 -0.66304
0 12 -0.38008 -0.66304
1 12 -0.38008 -0.68464
2 12 -0.38008 -0.70624
0 13 -0.53776 -0.15112
1 13 -0.53992 -0.17488
2 13 -0.53992 -0.19216
0 14 -0.65656 -0.8272
1 14 -0.658 -0.8506
2 14 -0.65872 -0.87472
0 15 -0.54424 -0.1576
1 15 -0.5464 -0.1792
2 15 -0.5464 -0.19864
0 16 -0.0850238 -0.582688
1 16 -0.0850238 -0.603424
2 16 -0.0850238 -0.621568
0 17 -0.0124477 -0.580096
1 17 -0.0124477 -0.59824
2 17 -0.00985578 -0.618976
0 18 -0.567654 -0.872474
1 18 -0.569728 -0.89632
2 18 -0.569728 -0.919648
0 19 -0.0616958 -0.618976
1 19 -0.0616958 -0.639712
2 19 -0.0616958 -0.660448
0 20 -0.0850238 -0.621568
1 20 -0.0850238 -0.642304
2 20 -0.0850238 -0.66304
0 21 -0.0565118 -0.580096
1 21 -0.0565118 -0.600832
2 21 -0.0539198 -0.618976
0 22 -0.0305918 -0.730432
1 22 -0.0305918 -0.751168
2 22 -0.0279998 -0.774496
0 23 -0.0140029 -0.580096
1 23 -0.0140029 -0.598758
2 23 -0.0150398 -0.613792
0 24 -0.733024 -0.860032
1 24 -0.735616 -0.885952
2 24 -0.735616 -0.90928
0 25 -0.554176 -0.180928
1 25 -0.554176 -0.201664
2 25 -0.556768 -0.219808
0 26 -0.0419965 -0.580096
1 26 -0.0419965 -0.598758
2 26 -0.0419965 -0.617421
0 27 -0.219289 -0.794714
1 27 -0.219289 -0.816486
2 27 -0.216179 -0.84137
0 28 -0.0886525 -0.589427
1 28 -0.0886525 -0.60809
2 28 -0.0886525 -0.626752
0 29 -0.0140029 -0.580096
1 29 -0.0140029 -0.598758
2 29 -0.0108926 -0.617421
0 30 -0.0855422 -0.620531
1 30 -0.0855422 -0.642304
2 30 -0.0855422 -0.660966
0 31 -0.477453 -0.670297
1 31 -0.477453 -0.69207
2 31 -0.477453 -0.713843
0 32 -0.0388861 -0.670297
1 32 -0.0357758 -0.68896
2 32 -0.0357758 -0.710733
0 33 -0.0544381 -0.664077
1 33 -0.0513278 -0.682739
2 33 -0.0513278 -0.704512
0 34 -0.00156136 -0.720064
1 34 -0.00156136 -0.741837
2 34 0.00154908 -0.76361
0 35 -0.555213 -0.178854
1 35 -0.558323 -0.200627
2 35 -0.558323 -0.219289
0 36 -0.656612 -0.824573
1 36 -0.656612 -0.850701
2 36 -0.656612 -0.873096
0 37 -0.0668797 -0.619287
1 37 -0.0631472 -0.641682
2 37 -0.0631472 -0.660344
0 38 -0.219911 -0.794714
1 38 -0.219911 -0.817108
2 38 -0.216179 -0.839503
0 39 -0.0855421 -0.585695
1 39 -0.0886525 -0.60809
2 39 -0.0855421 -0.623019
0 40 -0.0780772 -0.581962
1 40 -0.0780772 -0.600625
2 40 -0.0780772 -0.619287
0 41 -0.0407523 -0.581962
1 41 -0.0407523 -0.600625
2 41 -0.0407523 -0.619287
0 42 -0.0519498 -0.731261
1 42 -0.0482173 -0.749924
2 42 -0.0482173 -0.772319
0 43 -0.0594147 -0.693937
1 43 -0.0594147 -0.712599
2 43 -0.0556823 -0.734994
0 44 -0.014625 -0.581962
1 44 -0.014625 -0.600625
2 44 -0.0108925 -0.619287
0 45 -0.0780772 -0.731261
1 45 -0.0780772 -0.753656
2 45 -0.0743447 -0.772319
0 46 -0.0108925 -0.589427
1 46 -0.00778211 -0.604979
2 46 -0.00716 -0.626752
0 47 -0.014625 -0.581962
1 47 -0.014625 -0.600625
2 47 -0.0183575 -0.615554
0 48 -0.0706122 -0.734994
1 48 -0.0706122 -0.753656
2 48 -0.0668797 -0.776051
