16
0 0 0.185 -0.60375
1 0 0.2175 -0.6175
2 0 0.25 -0.62625
0 1 -0.6415 -0.265
1 1 -0.644792 -0.275
2 1 -0.65625 -0.28875
0 2 -0.6415 -0.265
1 2 -0.643 -0.2755
2 2 -0.655 -0.289
0 3 0.0800001 -0.8758
1 3 0.1115 -0.898
2 3 0.146 -0.9145
0 4 0.2195 -0.805
1 4 0.2564 -0.8254
2 4 0.2942 -0.838
0 5 -0.6415 -0.265
1 5 -0.643 -0.2755
2 5 -0.6544 -0.289
0 6 -0.55072 -0.34336
1 6 -0.54856 -0.35416
2 6 -0.55072 -0.37144
0 7 0.0778402 -0.87472
1 7 0.1106 -0.8974
2 7 0.1448 -0.9136
0 8 0.21608 -0.40816
1 8 0.249344 -0.4168
2 8 0.280448 -0.419392
0 9 0.0778402 -0.87472
1 9 0.110413 -0.894246
2 9 0.145664 -0.911872
0 10 -0.64144 -0.2656
1 10 -0.6436 -0.27424
2 10 -0.655264 -0.289792
0 11 -0.642304 -0.265945
1 11 -0.642304 -0.275277
2 11 -0.654746 -0.287718
0 12 0.0749546 -0.634217
1 12 0.104192 -0.647488
2 12 0.135296 -0.657856
0 13 0.227986 -0.839503
1 13 0.265311 -0.858166
2 13 0.302636 -0.873096
0 14 0.108547 -0.846968
1 14 0.138407 -0.866253
2 14 0.175732 -0.884293
0 15 0.0749546 -0.634217
1 15 0.104814 -0.649147
2 15 0.134674 -0.660344
