67
0 0 -0.035 -0.84
1 0 -0.03 -0.84
2 0 -0.0225 -0.83875
0 1 0.0312501 -0.84
1 1 0.0362501 -0.84
2 1 0.045 -0.83875
0 2 -0.0637499 -0.86
1 2 -0.05875 -0.86
2 2 -0.0512499 -0.85875
0 3 -0.0637499 -0.86
1 3 -0.0594999 -0.859
2 3 -0.0505 -0.8575
0 4 0.23 -0.8935
1 4 0.2375 -0.895
2 4 0.248 -0.8935
0 5 0.308 -0.946
1 5 0.3155 -0.9475
2 5 0.3275 -0.9475
0 6 -0.3385 -0.5215
1 6 -0.3385 -0.517
2 6 -0.337 -0.5125
0 7 -0.3355 -0.526
1 7 -0.334 -0.5215
2 7 -0.334 -0.517
0 8 -0.3295 -0.5275
1 8 -0.3295 -0.523
2 8 -0.328 -0.5185
0 9 0.0515001 -0.856
1 9 0.0575 -0.856
2 9 0.0665 -0.8545
0 10 -0.0355 -0.841
1 10 -0.0294999 -0.841
2 10 -0.0234999 -0.8395
0 11 0.0305 -0.8395
1 11 0.035 -0.8395
2 11 0.0440001 -0.8395
0 12 -0.304 -0.8335
1 12 -0.2995 -0.8335
2 12 -0.292 -0.832
0 13 -0.3376 -0.8344
1 13 -0.331 -0.832
2 13 -0.3235 -0.832
0 14 -0.3286 -0.5284
1 14 -0.3286 -0.523
2 14 -0.3268 -0.5194
0 15 -0.0351999 -0.8398
1 15 -0.0297999 -0.8398
2 15 -0.0225999 -0.838
0 16 0.3086 -0.9388
1 16 0.3176 -0.9406
2 16 0.3284 -0.9406
0 17 -0.3322 -0.5212
1 17 -0.3322 -0.5158
2 17 -0.3304 -0.5122
0 18 -0.0594999 -0.862
1 18 -0.0531999 -0.8614
2 18 -0.0459999 -0.8614
0 19 -0.3052 -0.8344
1 19 -0.2998 -0.8344
2 19 -0.2926 -0.8326
0 20 0.2456 -0.9298
1 20 0.2528 -0.9316
2 20 0.2636 -0.9316
0 21 0.3032 -0.9334
1 21 0.3104 -0.9352
2 21 0.323 -0.9352
0 22 -0.3484 -0.5122
1 22 -0.3502 -0.505
2 22 -0.3484 -0.5014
0 23 0.251 -0.9334
1 23 0.2582 -0.9352
2 23 0.269 -0.9352
0 24 0.0512001 -0.856
1 24 0.0584001 -0.8542
2 24 0.0656001 -0.8542
0 25 -0.0531999 -0.8542
1 25 -0.0477999 -0.856
2 25 -0.0405999 -0.8542
0 26 -0.175 -0.109
1 26 -0.172 -0.1015
2 26 -0.1702 -0.0945999
0 27 -0.3322 -0.5356
1 27 -0.33472 -0.53128
2 27 -0.33256 -0.52696
0 28 -0.3484 -0.5122
1 28 -0.34984 -0.50536
2 28 -0.34768 -0.5032
0 29 -0.0495998 -0.72136
1 29 -0.0431199 -0.72136
2 29 -0.0366398 -0.7192
0 30 -0.0639999 -0.8596
1 30 -0.0582399 -0.85744
2 30 -0.0539199 -0.85744
0 31 0.15344 -0.88984
1 31 0.15992 -0.88984
2 31 0.16856 -0.88984
0 32 0.3068 -0.88336
1 32 0.31544 -0.88552
2 32 0.32624 -0.88552
0 33 -0.33472 -0.83368
1 33 -0.3304 -0.83368
2 33 -0.32176 -0.83152
0 34 -0.0582399 -0.86176
1 34 -0.0531999 -0.8614
2 34 -0.0452799 -0.8596
0 35 -0.0517598 -0.85528
1 35 -0.0461438 -0.854848
2 35 -0.0409599 -0.85528
0 36 0.0519201 -0.85528
1 36 0.0562401 -0.85528
2 36 0.0648802 -0.85312
0 37 -0.173152 -0.110944
1 37 -0.173152 -0.10576
2 37 -0.17056 -0.0949599
0 38 0.0575363 -0.712288
1 38 0.0627202 -0.712288
2 38 0.0704962 -0.709696
0 39 -0.0544381 -0.716954
1 39 -0.0482173 -0.716954
2 39 -0.0409598 -0.71488
0 40 -0.0495998 -0.72136
1 40 -0.0431199 -0.72136
2 40 -0.0357758 -0.720064
0 41 -0.0668798 -0.856922
1 41 -0.0591038 -0.85744
2 41 -0.0513278 -0.854848
0 42 0.0523523 -0.854848
1 42 0.0575363 -0.854848
2 42 0.0653123 -0.854848
0 43 -0.0326653 -0.838259
1 43 -0.0295549 -0.838259
2 43 -0.0228158 -0.839296
0 44 -0.333856 -0.834112
1 44 -0.328672 -0.834112
2 44 -0.323488 -0.834112
0 45 -0.305344 -0.836704
1 45 -0.302752 -0.834112
2 45 -0.292384 -0.834112
0 46 -0.173152 -0.110944
1 46 -0.173152 -0.10576
2 46 -0.17056 -0.0953918
0 47 -0.0539198 -0.71488
1 47 -0.0482173 -0.716331
2 47 -0.0419965 -0.713843
0 48 -0.0668798 -0.856922
1 48 -0.0591038 -0.85744
2 48 -0.0513278 -0.853811
0 49 -0.334374 -0.835149
1 49 -0.328153 -0.835149
2 49 -0.321933 -0.832038
0 50 -0.0332874 -0.835771
1 50 -0.0295549 -0.838259
2 50 -0.0233341 -0.835149
0 51 -0.306381 -0.838259
1 51 -0.30327 -0.838259
2 51 -0.293939 -0.835149
0 52 0.0295427 -0.838259
1 52 0.032653 -0.838259
2 52 0.0419843 -0.838259
0 53 -0.0513278 -0.854848
1 53 -0.0482173 -0.856922
2 53 -0.0419965 -0.853811
0 54 0.129075 -0.875584
1 54 0.135296 -0.875584
2 54 0.144628 -0.875584
0 55 0.0513155 -0.853811
1 55 0.0544259 -0.853811
2 55 0.0637571 -0.853811
0 56 0.0482051 -0.723174
1 56 0.0513155 -0.720064
2 56 0.0606467 -0.720064
0 57 0.0544259 -0.713843
1 57 0.0606467 -0.713843
2 57 0.0668674 -0.710733
0 58 -0.0519498 -0.720064
1 58 -0.0482173 -0.716954
2 58 -0.0407523 -0.716331
0 59 -0.0519498 -0.854433
1 59 -0.0482173 -0.854433
2 59 -0.0407523 -0.854433
0 60 0.0488272 -0.854433
1 60 0.0562922 -0.854433
2 60 0.0637571 -0.854433
0 61 -0.309491 -0.835771
1 61 -0.305759 -0.835771
2 61 -0.294561 -0.835771
0 62 0.0264323 -0.839503
1 62 0.0338973 -0.839503
2 62 0.0413623 -0.839503
0 63 -0.331886 -0.835771
1 63 -0.328153 -0.835771
2 63 -0.320688 -0.835771
0 64 -0.249771 -0.511045
1 64 -0.249771 -0.507312
2 64 -0.246039 -0.50358
0 65 -0.343083 -0.824573
1 65 -0.339351 -0.824573
2 65 -0.331886 -0.820841
0 66 0.0482051 -0.723174
1 66 0.0525597 -0.723796
2 66 0.0600246 -0.723796
