9
0 0 -0.512704 -0.217216
1 0 -0.524109 -0.213069
2 0 -0.545 -0.20375
0 1 -0.55936 -0.867808
1 1 -0.483673 -0.872474
2 1 -0.4276 -0.883
0 2 -0.469988 -0.873096
1 2 -0.402803 -0.881805
2 2 -0.349408 -0.891136
0 3 -0.569728 -0.865216
1 3 -0.497152 -0.872992
2 3 -0.437536 -0.88336
0 4 -0.55936 -0.867808
1 4 -0.483673 -0.872474
2 4 -0.427686 -0.881805
0 5 -0.570765 -0.863142
1 5 -0.499225 -0.872474
2 5 -0.440128 -0.881805
0 6 -0.570765 -0.865631
1 6 -0.499848 -0.873096
2 6 -0.440128 -0.880561
0 7 -0.55936 -0.867808
1 7 -0.481185 -0.873096
2 7 -0.425198 -0.884293
0 8 -0.675274 -0.283364
1 8 -0.690204 -0.294561
2 8 -0.716331 -0.305759
