26
0 0 -0.835417 -0.811458
1 0 -0.76625 -0.825
2 0 -0.726042 -0.851042
0 1 -0.8365 -0.811
1 1 -0.766667 -0.825
2 1 -0.72625 -0.85125
0 2 -0.9316 -0.8686
1 2 -0.8632 -0.8794
2 2 -0.8305 -0.907
0 3 -0.8365 -0.811
1 3 -0.76625 -0.825
2 3 -0.727 -0.8515
0 4 -0.694 -0.757
1 4 -0.62875 -0.76875
2 4 -0.5905 -0.796
0 5 -0.931 -0.8725
1 5 -0.862624 -0.880768
2 5 -0.8308 -0.9082
0 6 -0.8395 -0.808
1 6 -0.7675 -0.8215
2 6 -0.7282 -0.847
0 7 -0.694 -0.757
1 7 -0.628 -0.769
2 7 -0.5914 -0.7966
0 8 -0.9295 -0.8665
1 8 -0.85744 -0.8704
2 8 -0.8272 -0.901
0 9 -0.69112 -0.75808
1 9 -0.62875 -0.76875
2 9 -0.5878 -0.7966
0 10 -0.244 -0.91
1 10 -0.186112 -0.917056
2 10 -0.145 -0.9442
0 11 -0.7228 -0.8776
1 11 -0.660966 -0.888026
2 11 -0.6166 -0.9154
0 12 -0.9298 -0.8722
1 12 -0.862624 -0.880768
2 12 -0.82936 -0.90712
0 13 -0.8434 -0.811
1 13 -0.76888 -0.82072
2 13 -0.73216 -0.84664
0 14 -0.696736 -0.758944
1 14 -0.6292 -0.7678
2 14 -0.59176 -0.79696
0 15 -0.9295 -0.8665
1 15 -0.85744 -0.8704
2 15 -0.8272 -0.90064
0 16 -0.7228 -0.8776
1 16 -0.65656 -0.88984
2 16 -0.61768 -0.91576
0 17 -0.810784 -0.878176
1 17 -0.745984 -0.888544
2 17 -0.717472 -0.914464
0 18 -0.93088 -0.87256
1 18 -0.860032 -0.881805
2 18 -0.828928 -0.90928
0 19 -0.7228 -0.8776
1 19 -0.6544 -0.8884
2 19 -0.618976 -0.914464
0 20 -0.696736 -0.758944
1 20 -0.629344 -0.769312
2 20 -0.590464 -0.795232
0 21 -0.84448 -0.810266
1 21 -0.76983 -0.819597
2 21 -0.732506 -0.84759
0 22 -0.691552 -0.758944
1 22 -0.62848 -0.76888
2 22 -0.586317 -0.797824
0 23 -0.573875 -0.452569
1 23 -0.514777 -0.465011
2 23 -0.477453 -0.489894
0 24 -0.690204 -0.761121
1 24 -0.630484 -0.772319
2 24 -0.585695 -0.798446
0 25 -0.242306 -0.764854
1 25 -0.182587 -0.772319
2 25 -0.148994 -0.794714
