9
0 0 -0.547 -0.37
1 0 -0.5575 -0.3805
2 0 -0.55375 -0.3925
0 1 -0.547 -0.37
1 1 -0.5575 -0.3805
2 1 -0.5545 -0.3925
0 2 -0.5482 -0.37
1 2 -0.5572 -0.3808
2 2 -0.5554 -0.3934
0 3 -0.7678 -0.595
1 3 -0.7444 -0.613
2 3 -0.7012 -0.6346
0 4 -0.88336 -0.55936
1 4 -0.85744 -0.57664
2 4 -0.81424 -0.60256
0 5 -0.60904 -0.6436
1 5 -0.58744 -0.66088
2 5 -0.53992 -0.68032
0 6 -0.815968 -0.587872
1 6 -0.79264 -0.603424
2 6 -0.748576 -0.626752
0 7 -0.42893 -0.705134
1 7 -0.402803 -0.727529
2 7 -0.354281 -0.738726
0 8 -0.741837 -0.424576
1 8 -0.764854 -0.436395
2 8 -0.757389 -0.45879
