8
0 0 -0.5716 -0.3142
1 0 -0.5572 -0.3052
2 0 -0.559 -0.3106
0 1 -0.6274 -0.3412
1 1 -0.6076 -0.3322
2 1 -0.604 -0.3376
0 2 -0.6616 -0.2566
1 2 -0.6526 -0.2476
2 2 -0.6562 -0.253
0 3 -0.502336 -0.271648
1 3 -0.484192 -0.26128
2 3 -0.484192 -0.263872
0 4 -0.493005 -0.256614
1 4 -0.477453 -0.247283
2 4 -0.477453 -0.250393
0 5 -0.639194 -0.343705
1 5 -0.617421 -0.334374
2 5 -0.61431 -0.340595
0 6 0.0139907 -0.822707
1 6 0.0637571 -0.805911
2 6 0.0948611 -0.800934
0 7 -0.667809 -0.257236
1 7 -0.660344 -0.246039
2 7 -0.664077 -0.253504
