30
0 0 0.10375 -0.885
1 0 -0.74512 -0.87904
2 0 -0.76 -0.898
0 1 0.1016 -0.84016
1 1 0.0998001 -0.8506
2 1 0.0980001 -0.8614
0 2 -0.78184 -0.892
1 2 -0.79912 -0.89848
2 2 -0.81856 -0.92008
0 3 -0.28936 -0.89632
1 3 -0.298 -0.90496
2 3 -0.30448 -0.92008
0 4 -0.72784 -0.87256
1 4 -0.745984 -0.880768
2 4 -0.76024 -0.89848
0 5 -0.47728 -0.69544
1 5 -0.48592 -0.69976
2 5 -0.49672 -0.71272
0 6 0.1016 -0.84016
1 6 0.0994401 -0.85096
2 6 0.0994401 -0.86176
0 7 0.106784 -0.834112
1 7 0.104192 -0.84448
2 7 0.104192 -0.85744
0 8 0.143072 -0.83152
1 8 0.14048 -0.841888
2 8 0.14048 -0.852256
0 9 -0.77968 -0.8704
1 9 -0.7948 -0.87472
2 9 -0.815968 -0.89632
0 10 -0.72784 -0.87256
1 10 -0.745984 -0.880768
2 10 -0.761536 -0.898912
0 11 -0.0668797 -0.328153
1 11 -0.0668798 -0.328153
2 11 -0.0746558 -0.336448
0 12 -0.476416 -0.694144
1 12 -0.486784 -0.699328
2 12 -0.497152 -0.712288
0 13 0.188173 -0.828928
1 13 0.185063 -0.838259
2 13 0.185063 -0.850701
0 14 -0.729395 -0.875584
1 14 -0.744947 -0.878694
2 14 -0.76361 -0.900467
0 15 -0.782272 -0.872474
1 15 -0.797824 -0.875584
2 15 -0.816486 -0.897357
0 16 0.157069 -0.832038
1 16 0.153959 -0.84137
2 16 0.153959 -0.853811
0 17 -0.738726 -0.866253
1 17 -0.754278 -0.872474
2 17 -0.772941 -0.891136
0 18 0.110413 -0.832038
1 18 0.110413 -0.84137
2 18 0.107303 -0.853811
0 19 0.157069 -0.850701
1 19 0.153959 -0.860032
2 19 0.153959 -0.872474
0 20 -0.0668797 -0.328153
1 20 -0.0668798 -0.328153
2 20 -0.076211 -0.334374
0 21 -0.574497 -0.346816
1 21 -0.585695 -0.346816
2 21 -0.604357 -0.354281
0 22 0.104814 -0.835771
1 22 0.101082 -0.854433
2 22 0.0973494 -0.865631
0 23 -0.469988 -0.693937
1 23 -0.484918 -0.697669
2 23 -0.492383 -0.712599
0 24 0.104814 -0.835771
1 24 0.104814 -0.846968
2 24 0.101082 -0.858166
0 25 0.157069 -0.832038
1 25 0.157069 -0.843236
2 25 0.157069 -0.854433
0 26 0.194394 -0.832038
1 26 0.194394 -0.843236
2 26 0.194394 -0.854433
0 27 0.186929 -0.828306
1 27 0.186929 -0.839503
2 27 0.186929 -0.850701
0 28 0.198126 -0.843236
1 28 0.198126 -0.854433
2 28 0.198126 -0.865631
0 29 -0.0668797 -0.328153
1 29 -0.0668798 -0.328153
2 29 -0.0743447 -0.335618
