19
0 0 -0.0711999 -0.33688
1 0 -0.0909999 -0.3448
2 0 -0.0963999 -0.361
0 1 -0.49672 -0.71272
1 1 -0.52696 -0.73432
2 1 -0.5356 -0.7516
0 2 -0.0711999 -0.33688
1 2 -0.0909999 -0.3448
2 2 -0.0971199 -0.36064
0 3 -0.497152 -0.712288
1 3 -0.525664 -0.733024
2 3 -0.536032 -0.751168
0 4 -0.0711999 -0.33688
1 4 -0.0927998 -0.344224
2 4 -0.0979838 -0.362368
0 5 0.138407 -0.853811
1 5 0.122855 -0.872474
2 5 0.119744 -0.897357
0 6 0.194394 -0.853811
1 6 0.178842 -0.872474
2 6 0.175732 -0.897357
0 7 0.153959 -0.853811
1 7 0.138407 -0.872474
2 7 0.135296 -0.894246
0 8 0.185063 -0.850701
1 8 0.172621 -0.866253
2 8 0.169511 -0.891136
0 9 -0.629862 -0.312601
1 9 -0.660966 -0.321933
2 9 -0.670297 -0.337485
0 10 -0.076211 -0.334374
1 10 -0.0948734 -0.343705
2 10 -0.101094 -0.359257
0 11 -0.496115 -0.710733
1 11 -0.527219 -0.732506
2 11 -0.53655 -0.751168
0 12 0.313833 -0.163924
1 12 0.291438 -0.171389
2 12 0.291438 -0.182587
0 13 -0.604357 -0.354281
1 13 -0.637949 -0.369211
2 13 -0.645414 -0.380408
0 14 0.325031 -0.171389
1 14 0.310101 -0.175122
2 14 0.306368 -0.190052
0 15 -0.0743447 -0.335618
1 15 -0.0948734 -0.343705
2 15 -0.100472 -0.361746
0 16 -0.44386 -0.697669
1 16 -0.47372 -0.716331
2 16 -0.481185 -0.734994
0 17 -0.451325 -0.331886
1 17 -0.481185 -0.343083
2 17 -0.48865 -0.358013
0 18 -0.481185 -0.652879
1 18 -0.507312 -0.671542
2 18 -0.51851 -0.690204
