27
0 0 -0.2962 -0.9046
1 0 -0.3052 -0.9262
2 0 -0.2998 -0.9388
0 1 -0.64 -0.3664
1 1 -0.649 -0.3808
2 1 -0.6472 -0.3898
0 2 -0.0927998 -0.344224
1 2 -0.0979838 -0.362368
2 2 -0.0949599 -0.36928
0 3 -0.52912 -0.33256
1 3 -0.53992 -0.3412
2 3 -0.53776 -0.352
0 4 -0.4708 -0.71704
1 4 -0.47944 -0.73648
2 4 -0.47296 -0.74728
0 5 -0.52696 -0.73432
1 5 -0.5356 -0.7516
2 5 -0.52912 -0.7624
0 6 -0.52048 -0.66952
1 6 -0.52696 -0.6868
2 6 -0.52264 -0.6976
0 7 -0.0927998 -0.344224
1 7 -0.0979838 -0.362368
2 7 -0.0953918 -0.370144
0 8 -0.603424 -0.354592
1 8 -0.6112 -0.367552
2 8 -0.608608 -0.37792
0 9 -0.603424 -0.346816
1 9 -0.6112 -0.359776
2 9 -0.608608 -0.370144
0 10 -0.525664 -0.733024
1 10 -0.536032 -0.751168
2 10 -0.528256 -0.761536
0 11 -0.471232 -0.717472
1 11 -0.479008 -0.735616
2 11 -0.473824 -0.745984
0 12 -0.50752 -0.670816
1 12 -0.515296 -0.686368
2 12 -0.510112 -0.699328
0 13 -0.0927998 -0.344224
1 13 -0.101094 -0.359257
2 13 -0.0979837 -0.368589
0 14 0.172621 -0.866253
1 14 0.169511 -0.891136
2 14 0.178842 -0.903578
0 15 -0.639194 -0.365478
1 15 -0.645414 -0.38103
2 15 -0.645414 -0.390361
0 16 -0.527219 -0.732506
1 16 -0.53655 -0.751168
2 16 -0.530329 -0.760499
0 17 -0.471232 -0.716954
1 17 -0.480563 -0.735616
2 17 -0.474342 -0.744947
0 18 0.262304 -0.180928
1 18 0.259712 -0.194406
2 18 0.269043 -0.194406
0 19 -0.520998 -0.670297
1 19 -0.527219 -0.68585
2 19 -0.520998 -0.701402
0 20 0.310101 -0.175122
1 20 0.306368 -0.190052
2 20 0.321298 -0.186319
0 21 0.265311 -0.175122
1 21 0.261579 -0.186319
2 21 0.272776 -0.186319
0 22 -0.527219 -0.732506
1 22 -0.53655 -0.751168
2 22 -0.529707 -0.761121
0 23 -0.47372 -0.716331
1 23 -0.481185 -0.734994
2 23 -0.47372 -0.746191
0 24 -0.514777 -0.671542
1 24 -0.51851 -0.690204
2 24 -0.514777 -0.701402
0 25 -0.604357 -0.343083
1 25 -0.611822 -0.358013
2 25 -0.611822 -0.365478
0 26 -0.0948734 -0.343705
1 26 -0.100472 -0.361746
2 26 -0.0967396 -0.369211
