25
0 0 -0.4775 -0.79125
1 0 -0.4775 -0.76625
2 0 -0.48625 -0.75
0 1 -0.478 -0.7915
1 1 -0.478 -0.766
2 1 -0.487 -0.7495
0 2 -0.478 -0.7912
1 2 -0.478 -0.766
2 2 -0.487 -0.7498
0 3 -0.4618 -0.7894
1 3 -0.4618 -0.7642
2 3 -0.4708 -0.748
0 4 -0.52696 -0.35848
1 4 -0.54208 -0.32608
2 4 -0.55936 -0.31096
0 5 -0.46216 -0.78832
1 5 -0.46216 -0.7624
2 5 -0.4708 -0.74728
0 6 -0.47728 -0.79048
1 6 -0.47728 -0.76456
2 6 -0.48592 -0.74944
0 7 -0.65872 -0.37792
1 7 -0.676 -0.34552
2 7 -0.69976 -0.32608
0 8 -0.45784 -0.72352
1 8 -0.45784 -0.6976
2 8 -0.46648 -0.68032
0 9 -0.471232 -0.725248
1 9 -0.471232 -0.696736
2 9 -0.479008 -0.681184
0 10 -0.453088 -0.758944
1 10 -0.453088 -0.733024
2 10 -0.460864 -0.717472
0 11 -0.419392 -0.774496
1 11 -0.419392 -0.748576
2 11 -0.427168 -0.733024
0 12 -0.59824 -0.393472
1 12 -0.613792 -0.362368
2 12 -0.634528 -0.341632
0 13 -0.476416 -0.790048
1 13 -0.476416 -0.764128
2 13 -0.486784 -0.748576
0 14 -0.45879 -0.723174
1 14 -0.45879 -0.698291
2 14 -0.468121 -0.682739
0 15 -0.461901 -0.788493
1 15 -0.461901 -0.76361
2 15 -0.471232 -0.748058
0 16 -0.474342 -0.791603
1 16 -0.477453 -0.76361
2 16 -0.486784 -0.748058
0 17 -0.452569 -0.776051
1 17 -0.452569 -0.751168
2 17 -0.461901 -0.735616
0 18 -0.421465 -0.772941
1 18 -0.421465 -0.748058
2 18 -0.427686 -0.732506
0 19 -0.469988 -0.727529
1 19 -0.471232 -0.698291
2 19 -0.480563 -0.682739
0 20 0.332496 -0.156459
1 20 0.339961 -0.119134
2 20 0.339961 -0.0967396
0 21 -0.596892 -0.384141
1 21 -0.615554 -0.350548
2 21 -0.634217 -0.331886
0 22 -0.421465 -0.772319
1 22 -0.421465 -0.746191
2 22 -0.42893 -0.731261
0 23 -0.47372 -0.790981
1 23 -0.477453 -0.764854
2 23 -0.481185 -0.749924
0 24 -0.462523 -0.787249
1 24 -0.462523 -0.764854
2 24 -0.469988 -0.746191
