32
0 0 -0.714583 -0.271875
1 0 -0.73625 -0.24
2 0 -0.76 -0.21125
0 1 -0.84 -0.8725
1 1 -0.83125 -0.85375
2 1 -0.82125 -0.82875
0 2 -0.7138 -0.2728
1 2 -0.7375 -0.2395
2 2 -0.76 -0.2095
0 3 -0.714583 -0.271875
1 3 -0.73625 -0.24
2 3 -0.76 -0.2125
0 4 -0.7138 -0.2728
1 4 -0.7372 -0.2404
2 4 -0.7606 -0.2116
0 5 -0.9334 -0.6022
1 5 -0.9334 -0.5806
2 5 -0.9298 -0.5554
0 6 -0.8056 -0.3628
1 6 -0.8254 -0.3376
2 6 -0.847 -0.3124
0 7 -0.8416 -0.874
1 7 -0.8326 -0.856
2 7 -0.8218 -0.8308
0 8 -0.7138 -0.2728
1 8 -0.73648 -0.24184
2 8 -0.76024 -0.2116
0 9 -0.86824 -0.86824
1 9 -0.86176 -0.8488
2 9 -0.85096 -0.82504
0 10 -0.80344 -0.68896
1 10 -0.79912 -0.66736
2 10 -0.79048 -0.64144
0 11 -0.86176 -0.8488
1 11 -0.85312 -0.82936
2 11 -0.84448 -0.8056
0 12 -0.30448 -0.82288
1 12 -0.28936 -0.79912
2 12 -0.27424 -0.77104
0 13 -0.76672 -0.681184
1 13 -0.758944 -0.657856
2 13 -0.751168 -0.634528
0 14 -0.712288 -0.27424
1 14 -0.735616 -0.243136
2 14 -0.758944 -0.212032
0 15 -0.803008 -0.68896
1 15 -0.797824 -0.668224
2 15 -0.790048 -0.642304
0 16 -0.777088 -0.694144
1 16 -0.771904 -0.670816
2 16 -0.764128 -0.644896
0 17 -0.813376 -0.862624
1 17 -0.8056 -0.841888
2 17 -0.795232 -0.81856
0 18 -0.860032 -0.847072
1 18 -0.852256 -0.828928
2 18 -0.841888 -0.8056
0 19 -0.787456 -0.665632
1 19 -0.782272 -0.642304
2 19 -0.774496 -0.616384
0 20 -0.243136 -0.800416
1 20 -0.227584 -0.777088
2 20 -0.212032 -0.748576
0 21 -0.76672 -0.679629
1 21 -0.760499 -0.657856
2 21 -0.751168 -0.632973
0 22 -0.816486 -0.863142
1 22 -0.807155 -0.84448
2 22 -0.794714 -0.819597
0 23 -0.302752 -0.821152
1 23 -0.289792 -0.797824
2 23 -0.275277 -0.76983
0 24 -0.807155 -0.654746
1 24 -0.800934 -0.632973
2 24 -0.794714 -0.604979
0 25 -0.880561 -0.873096
1 25 -0.873096 -0.854433
2 25 -0.861898 -0.832038
0 26 -0.302026 -0.820841
1 26 -0.287096 -0.798446
2 26 -0.272166 -0.768586
0 27 0.175732 -0.253504
1 27 0.194394 -0.216179
2 27 0.216789 -0.175122
0 28 -0.805911 -0.656612
1 28 -0.802178 -0.634217
2 28 -0.794714 -0.608089
0 29 -0.287096 -0.820841
1 29 -0.272166 -0.794714
2 29 -0.257236 -0.768586
0 30 -0.242306 -0.798446
1 30 -0.227376 -0.772319
2 30 -0.212446 -0.746191
0 31 -0.297049 -0.741837
1 31 -0.284608 -0.720064
2 31 -0.268434 -0.686472
