9
0 0 -0.4456 -0.2998
1 0 -0.4384 -0.3016
2 0 -0.4258 -0.3016
0 1 -0.46648 -0.2872
1 1 -0.46216 -0.28936
2 1 -0.4492 -0.28936
0 2 -0.466048 -0.2872
1 2 -0.460864 -0.289792
2 2 -0.447904 -0.289792
0 3 -0.667187 -0.589427
1 3 -0.626752 -0.592537
2 3 -0.583206 -0.592537
0 4 -0.664077 -0.598758
1 4 -0.623641 -0.601869
2 4 -0.580096 -0.601869
0 5 -0.664077 -0.600625
1 5 -0.623019 -0.604357
2 5 -0.57823 -0.604357
0 6 -0.462523 -0.272166
1 6 -0.455058 -0.275899
2 6 -0.44386 -0.275899
0 7 -0.451325 -0.309491
1 7 -0.44386 -0.313223
2 7 -0.432663 -0.313223
0 8 -0.675274 -0.589427
1 8 -0.634217 -0.59316
2 8 -0.585695 -0.59316
