39
0 0 0.3005 -0.934
1 0 0.308 -0.9295
2 0 0.323 -0.937
0 1 -0.3775 -0.874
1 1 -0.376 -0.8665
2 1 -0.3715 -0.868
0 2 -0.58 -0.3565
1 2 -0.5965 -0.346
2 2 -0.607 -0.343
0 3 0.134 -0.8542
1 3 0.1376 -0.8488
2 3 0.1502 -0.8542
0 4 -0.658 -0.2785
1 4 -0.6796 -0.2674
2 4 -0.694 -0.262
0 5 -0.5806 -0.3574
1 5 -0.5986 -0.3448
2 5 -0.6076 -0.343
0 6 -0.00207984 -0.66952
1 6 -0.00156136 -0.664077
2 6 0.00800012 -0.6616
0 7 0.00620009 -0.8884
1 7 0.00800012 -0.883
2 7 0.0152001 -0.8884
0 8 0.46232 -0.92224
1 8 0.47312 -0.91792
2 8 0.49472 -0.92872
0 9 -0.6562 -0.28
1 9 -0.67816 -0.26776
2 9 -0.69112 -0.26344
0 10 0.0324802 -0.86176
1 10 0.0346401 -0.85528
2 10 0.0432802 -0.8596
0 11 0.24848 -0.7408
1 11 0.25496 -0.73216
2 11 0.27008 -0.73648
0 12 -0.00467173 -0.673408
1 12 -0.00156136 -0.664077
2 12 0.00440013 -0.66304
0 13 0.16856 -0.87688
1 13 0.17504 -0.8704
2 13 0.18584 -0.87688
0 14 -0.00999991 -0.8956
1 14 -0.00726376 -0.888544
2 14 8.01722e-05 -0.89416
0 15 0.1592 -0.6454
1 15 0.16424 -0.63712
2 15 0.17504 -0.63712
0 16 0.56384 -0.88768
1 16 0.5768 -0.8812
2 16 0.60272 -0.892
0 17 0.00620009 -0.8884
1 17 0.00800012 -0.883
2 17 0.0152002 -0.88768
0 18 0.33488 -0.92872
1 18 0.34352 -0.9244
2 18 0.3608 -0.93304
0 19 -0.77104 -0.36928
1 19 -0.79264 -0.36064
2 19 -0.8056 -0.35632
0 20 0.5984 -0.89632
1 20 0.61352 -0.89416
2 20 0.63944 -0.9028
0 21 -0.00467173 -0.670816
1 21 -0.00207977 -0.66304
2 21 0.00569623 -0.66304
0 22 -0.333856 -0.865216
1 22 -0.333856 -0.85744
2 22 -0.328672 -0.860032
0 23 -0.655264 -0.282016
1 23 -0.678592 -0.269056
2 23 -0.691552 -0.263872
0 24 -0.37792 -0.875584
1 24 -0.37792 -0.8704
2 24 -0.372736 -0.8704
0 25 -0.00985578 -0.893728
1 25 -0.00726376 -0.888544
2 25 0.00051225 -0.893728
0 26 0.290816 -0.897357
1 26 0.298592 -0.891136
2 26 0.314144 -0.898912
0 27 0.158624 -0.644896
1 27 0.163808 -0.63712
2 27 0.174176 -0.63712
0 28 -0.654746 -0.281497
1 28 -0.676518 -0.269056
2 28 -0.69207 -0.262835
0 29 -0.00467173 -0.673408
1 29 -0.00156136 -0.664077
2 29 0.00465946 -0.664077
0 30 -0.340595 -0.875584
1 30 -0.340595 -0.866253
2 30 -0.334374 -0.869363
0 31 -0.37792 -0.878694
1 31 -0.37792 -0.869363
2 31 -0.371699 -0.872474
0 32 0.502324 -0.884915
1 32 0.514765 -0.878694
2 32 0.536538 -0.888026
0 33 -0.376676 -0.880561
1 33 -0.376676 -0.873096
2 33 -0.372943 -0.873096
0 34 -0.339351 -0.876828
1 34 -0.339351 -0.869363
2 34 -0.335618 -0.869363
0 35 -0.00342757 -0.675274
1 35 -0.00156136 -0.664077
2 35 0.0077699 -0.667809
0 36 0.00403741 -0.682739
1 36 0.0077699 -0.675274
2 36 0.0152349 -0.675274
0 37 0.0338973 -0.839503
1 37 0.0376298 -0.835771
2 37 0.0450947 -0.839503
0 38 0.168267 -0.876828
1 38 0.171999 -0.873096
2 38 0.183197 -0.876828
