27
0 0 -0.516667 -0.269792
1 0 -0.5375 -0.263542
2 0 -0.558333 -0.251042
0 1 -0.51625 -0.27
1 1 -0.5375 -0.26375
2 1 -0.55875 -0.25125
0 2 -0.76 -0.6055
1 2 -0.7555 -0.607
2 2 -0.757 -0.598
0 3 -0.5155 -0.2695
1 3 -0.5375 -0.26375
2 3 -0.559 -0.2515
0 4 -0.2782 -0.7786
1 4 -0.2692 -0.7786
2 4 -0.2656 -0.7642
0 5 -0.7606 -0.604
1 5 -0.757 -0.6058
2 5 -0.757 -0.5968
0 6 -0.8146 -0.55
1 6 -0.8146 -0.5518
2 6 -0.8182 -0.5428
0 7 -0.838 -0.8002
1 7 -0.8326 -0.8074
2 7 -0.8344 -0.7984
0 8 -0.7606 -0.604
1 8 -0.75592 -0.60688
2 8 -0.75808 -0.59608
0 9 -0.838 -0.80128
1 9 -0.83152 -0.80776
2 9 -0.83368 -0.79912
0 10 -0.85312 -0.52696
1 10 -0.85312 -0.52912
2 10 -0.85744 -0.52048
0 11 -0.43192 -0.32392
1 11 -0.44488 -0.3196
2 11 -0.46432 -0.30664
0 12 -0.27856 -0.77752
1 12 -0.26776 -0.77536
2 12 -0.2656 -0.76456
0 13 -0.621568 -0.258688
1 13 -0.63712 -0.25696
2 13 -0.66088 -0.244
0 14 -0.761536 -0.603424
1 14 -0.756352 -0.606016
2 14 -0.758944 -0.595648
0 15 -0.279424 -0.777088
1 15 -0.266464 -0.774496
2 15 -0.263872 -0.761536
0 16 -0.621568 -0.258688
1 16 -0.634528 -0.258688
2 16 -0.657856 -0.245728
0 17 -0.219808 -0.756352
1 17 -0.206848 -0.75376
2 17 -0.204256 -0.7408
0 18 -0.853811 -0.527219
1 18 -0.853811 -0.530329
2 18 -0.856922 -0.520998
0 19 -0.828928 -0.558323
1 19 -0.825818 -0.561433
2 19 -0.828928 -0.552102
0 20 -0.76361 -0.601869
1 20 -0.757389 -0.604979
2 20 -0.760499 -0.595648
0 21 -0.838259 -0.804045
1 21 -0.832038 -0.809643
2 21 -0.832038 -0.800934
0 22 -0.259725 -0.701402
1 22 -0.250393 -0.698291
2 22 -0.247283 -0.68585
0 23 -0.278387 -0.776051
1 23 -0.269056 -0.776051
2 23 -0.265945 -0.76361
0 24 -0.813376 -0.53344
1 24 -0.813376 -0.537172
2 24 -0.817108 -0.525975
0 25 -0.76361 -0.601869
1 25 -0.761121 -0.604357
2 25 -0.761121 -0.596892
0 26 -0.279631 -0.776051
1 26 -0.268434 -0.776051
2 26 -0.264701 -0.761121
