45
0 0 -0.2325 -0.82875
1 0 -0.225 -0.83375
2 0 -0.236458 -0.834375
0 1 0.18125 -0.83625
1 1 0.19125 -0.83625
2 1 0.1825 -0.83875
0 2 0.4115 -0.8455
1 2 0.422 -0.8455
2 2 0.4145 -0.8455
0 3 0.155 -0.8185
1 3 0.1655 -0.82
2 3 0.1565 -0.8215
0 4 0.404 -0.85
1 4 0.4145 -0.8485
2 4 0.407 -0.85
0 5 0.4085 -0.913
1 5 0.419 -0.913
2 5 0.4115 -0.9145
0 6 -0.2008 -0.8272
1 6 -0.1918 -0.8326
2 6 -0.2026 -0.8344
0 7 0.2654 -0.8776
1 7 0.2744 -0.8776
2 7 0.2672 -0.8794
0 8 0.0836001 -0.8218
1 8 0.0926001 -0.8236
2 8 0.0836001 -0.8254
0 9 0.476 -0.9262
1 9 0.4868 -0.9244
2 9 0.4796 -0.9262
0 10 -0.298 -0.4798
1 10 -0.298 -0.4816
2 10 -0.316 -0.4798
0 11 0.0541667 -0.844792
1 11 0.0602001 -0.847
2 11 0.0530001 -0.847
0 12 0.4688 -0.9118
1 12 0.4796 -0.91
2 12 0.4724 -0.9118
0 13 -0.19648 -0.47728
1 13 -0.1936 -0.478
2 13 -0.2098 -0.4762
0 14 0.0648802 -0.84016
1 14 0.0746001 -0.8416
2 14 0.0656001 -0.8434
0 15 0.0566001 -0.6868
1 15 0.0665 -0.688
2 15 0.0566001 -0.6904
0 16 0.1808 -0.8362
1 16 0.1898 -0.8362
2 16 0.1808 -0.838
0 17 0.0575363 -0.68896
1 17 0.0648802 -0.68896
2 17 0.0562401 -0.69112
0 18 0.47528 -0.92656
1 18 0.48608 -0.9244
2 18 0.4796 -0.92656
0 19 0.47528 -0.91792
1 19 0.48824 -0.91792
2 19 0.4796 -0.91792
0 20 -0.2008 -0.8272
1 20 -0.19216 -0.83368
2 20 -0.20296 -0.83584
0 21 0.41912 -0.84448
1 21 0.42776 -0.84232
2 21 0.42128 -0.84448
0 22 0.4688 -0.91144
1 22 0.4796 -0.90928
2 22 0.47312 -0.91144
0 23 -0.231731 -0.832038
1 23 -0.224992 -0.836704
2 23 -0.23536 -0.839296
0 24 0.0575363 -0.68896
1 24 0.0668674 -0.68896
2 24 0.0575363 -0.691552
0 25 0.0627202 -0.694144
1 25 0.0730883 -0.698291
2 25 0.0627202 -0.696736
0 26 0.156032 -0.81856
1 26 0.163808 -0.821152
2 26 0.156032 -0.821152
0 27 -0.201664 -0.828928
1 27 -0.19216 -0.83368
2 27 -0.204256 -0.836704
0 28 0.0824195 -0.816486
1 28 0.0948611 -0.822707
2 28 0.0855298 -0.822707
0 29 0.153959 -0.819597
1 29 0.16329 -0.819597
2 29 0.153959 -0.822707
0 30 0.0824195 -0.807155
1 30 0.0948611 -0.810266
2 30 0.0855298 -0.810266
0 31 0.178842 -0.835149
1 31 0.188173 -0.835149
2 31 0.178842 -0.838259
0 32 -0.203737 -0.828928
1 32 -0.194406 -0.835149
2 32 -0.203737 -0.838259
0 33 0.0637571 -0.838259
1 33 0.0761987 -0.838259
2 33 0.0668674 -0.84137
0 34 -0.231731 -0.832038
1 34 -0.22551 -0.838259
2 34 -0.234841 -0.84137
0 35 0.0575363 -0.68896
1 35 0.0674896 -0.690204
2 35 0.0575363 -0.69207
0 36 0.185063 -0.84448
1 36 0.197504 -0.84448
2 36 0.188173 -0.84448
0 37 0.086152 -0.809643
1 37 0.093617 -0.809643
2 37 0.086152 -0.813376
0 38 0.153337 -0.820841
1 38 0.164534 -0.820841
2 38 0.153337 -0.820841
0 39 -0.231109 -0.832038
1 39 -0.223644 -0.839503
2 39 -0.234841 -0.839503
0 40 -0.201249 -0.832038
1 40 -0.197517 -0.835771
2 40 -0.204982 -0.839503
0 41 0.179464 -0.835771
1 41 0.186929 -0.835771
2 41 0.179464 -0.835771
0 42 0.0562922 -0.690204
1 42 0.0674896 -0.690204
2 42 0.0562922 -0.693937
0 43 -0.242306 -0.817108
1 43 -0.234841 -0.824573
2 43 -0.246039 -0.824573
0 44 0.168267 -0.693937
1 44 0.179464 -0.693937
2 44 0.168267 -0.693937
