21
0 0 0.432292 -0.3375
1 0 0.380208 -0.338542
2 0 0.323958 -0.340625
0 1 -0.569792 -0.34375
1 1 -0.4165 -0.3505
2 1 -0.47 -0.3525
0 2 0.729167 -0.348958
1 2 0.6775 -0.34875
2 2 0.6225 -0.35
0 3 0.431 -0.3385
1 3 0.3785 -0.3385
2 3 0.323 -0.34
0 4 0.2795 -0.346
1 4 0.2285 -0.346
2 4 0.173 -0.3475
0 5 0.7265 -0.346
1 5 0.6755 -0.346
2 5 0.62 -0.3475
0 6 -0.36496 -0.352
1 6 -0.4168 -0.352
2 6 -0.47296 -0.352
0 7 -0.357184 -0.357184
1 7 -0.409024 -0.357184
2 7 -0.463456 -0.357184
0 8 -0.36496 -0.292384
1 8 -0.4168 -0.292384
2 8 -0.471232 -0.292384
0 9 -0.371699 -0.349926
1 9 -0.421465 -0.349926
2 9 -0.477453 -0.349926
0 10 -0.517888 -0.349926
1 10 -0.570765 -0.349926
2 10 -0.626752 -0.349926
0 11 -0.359257 -0.356147
1 11 -0.409024 -0.356147
2 11 -0.465011 -0.356147
0 12 -0.514777 -0.350548
1 12 -0.567032 -0.350548
2 12 -0.623019 -0.350548
0 13 0.42954 -0.339351
1 13 0.377286 -0.339351
2 13 0.321298 -0.343083
0 14 -0.316956 -0.331886
1 14 -0.369211 -0.331886
2 14 -0.425198 -0.331886
0 15 -0.507312 -0.294561
1 15 -0.559567 -0.294561
2 15 -0.615554 -0.294561
0 16 -0.372943 -0.350548
1 16 -0.425198 -0.350548
2 16 -0.481185 -0.350548
0 17 -0.0258224 -0.305759
1 17 -0.0780772 -0.305759
2 17 -0.130332 -0.305759
0 18 -0.712599 -0.350548
1 18 -0.764854 -0.350548
2 18 -0.817108 -0.350548
0 19 -0.358013 -0.358013
1 19 -0.410268 -0.358013
2 19 -0.466255 -0.358013
0 20 -0.749924 -0.350548
1 20 -0.802178 -0.350548
2 20 -0.854433 -0.350548
