28
0 0 0.0225 -0.36875
1 0 0.02 -0.365
2 0 -0.2 -0.354167
0 1 -0.365625 -0.361458
1 1 -0.36875 -0.357292
2 1 -0.344792 -0.354167
0 2 0.5225 -0.33375
1 2 0.52 -0.33
2 2 0.5025 -0.3275
0 3 0.0225 -0.36875
1 3 0.02 -0.365
2 3 0.00375004 -0.3625
0 4 0.3625 -0.32375
1 4 0.36 -0.32
2 4 0.3425 -0.3175
0 5 0.10625 -0.275
1 5 0.10375 -0.27125
2 5 0.0875 -0.26875
0 6 0.0762501 -0.275
1 6 0.00125001 -0.27125
2 6 0.13 -0.26875
0 7 -0.343 -0.367
1 7 -0.346 -0.3625
2 7 -0.361 -0.3595
0 8 0.0206001 -0.3682
1 8 0.0188001 -0.3646
2 8 0.0026001 -0.3628
0 9 0.0296001 -0.3232
1 9 0.0278001 -0.3196
2 9 0.0116001 -0.3178
0 10 -0.3196 -0.3286
1 10 -0.3232 -0.325
2 10 -0.3394 -0.3214
0 11 -0.18568 -0.36064
1 11 -0.18784 -0.35632
2 11 -0.20296 -0.35416
0 12 0.37808 -0.31744
1 12 0.37592 -0.31528
2 12 0.35864 -0.31096
0 13 0.54872 -0.31744
1 13 0.54656 -0.31312
2 13 0.52928 -0.31096
0 14 0.0303202 -0.32392
1 14 0.0281602 -0.3196
2 14 0.0108802 -0.31744
0 15 -0.175744 -0.36496
1 15 -0.178336 -0.362368
2 15 -0.193888 -0.359776
0 16 -0.123904 -0.318304
1 16 -0.126496 -0.31312
2 16 -0.142048 -0.310528
0 17 -0.129088 -0.318822
1 17 -0.132198 -0.315712
2 17 -0.14775 -0.312601
0 18 0.517876 -0.356147
1 18 0.216167 -0.353037
2 18 0.200615 -0.349926
0 19 0.219277 -0.349926
1 19 0.216167 -0.346816
2 19 0.200615 -0.343705
0 20 0.0171011 -0.365478
1 20 0.0139907 -0.362368
2 20 -0.00156136 -0.359257
0 21 -0.321933 -0.365478
1 21 -0.325043 -0.362368
2 21 -0.340595 -0.359257
0 22 -0.362368 -0.365478
1 22 -0.365478 -0.362368
2 22 -0.38103 -0.359257
0 23 -0.331264 -0.328153
1 23 -0.334374 -0.325043
2 23 -0.349926 -0.321933
0 24 -0.410268 -0.260969
1 24 -0.414 -0.257236
2 24 -0.42893 -0.253504
0 25 0.0152349 -0.324421
1 25 0.0115024 -0.320688
2 25 -0.00342757 -0.316956
0 26 -0.126599 -0.324421
1 26 -0.130332 -0.320688
2 26 -0.145262 -0.316956
0 27 -0.361746 -0.365478
1 27 -0.365478 -0.361746
2 27 -0.380408 -0.358013
