11
0 0 -0.3625 -0.351042
1 0 -0.0594999 -0.3565
2 0 -0.3175 -0.34625
0 1 -0.401042 -0.351042
1 1 -0.0594999 -0.3565
2 1 -0.11 -0.355
0 2 -0.00423985 -0.36712
1 2 -0.0517598 -0.36496
2 2 -0.1036 -0.3628
0 3 -0.0331838 -0.36496
1 3 -0.0772478 -0.362368
2 3 -0.13168 -0.359776
0 4 0.47744 -0.346816
1 4 0.135296 -0.343705
2 4 0.0824195 -0.343705
0 5 -0.160192 -0.309491
1 5 -0.206848 -0.306381
2 5 -0.259725 -0.30327
0 6 -0.160192 -0.356147
1 6 -0.206848 -0.353037
2 6 -0.259725 -0.353037
0 7 0.183197 -0.346816
1 7 0.134674 -0.343083
2 7 0.0824195 -0.343083
0 8 -0.0332874 -0.365478
1 8 -0.0780772 -0.365478
2 8 -0.130332 -0.361746
0 9 -0.02209 -0.313223
1 9 -0.0668797 -0.309491
2 9 -0.119134 -0.309491
0 10 0.179464 -0.320688
1 10 0.42954 -0.316956
2 10 0.0824195 -0.316956
