10
0 0 -0.26 -0.30625
1 0 -0.30375 -0.30625
2 0 -0.3625 -0.3075
0 1 0.773 -0.3505
1 1 0.7325 -0.3505
2 1 0.674 -0.352
0 2 0.6506 -0.3736
1 2 0.6092 -0.3736
2 2 0.5498 -0.3754
0 3 0.437005 -0.298294
1 3 0.392215 -0.298294
2 3 0.336228 -0.298294
0 4 0.44447 -0.298294
1 4 0.39968 -0.298294
2 4 0.343693 -0.298294
0 5 0.448203 -0.365478
1 5 0.407145 -0.365478
2 5 0.347426 -0.365478
0 6 -0.574497 -0.305759
1 6 -0.619287 -0.305759
2 6 -0.675274 -0.305759
0 7 0.769196 -0.354281
1 7 0.728139 -0.354281
2 7 0.672152 -0.354281
0 8 0.160802 -0.354281
1 8 0.116012 -0.354281
2 8 0.0600246 -0.354281
0 9 0.0189673 -0.354281
1 9 -0.02209 -0.354281
2 9 -0.0818097 -0.354281
