23
0 0 0.00875003 -0.405
1 0 -0.1075 -0.27375
2 0 -0.25125 -0.275
0 1 0.00800006 -0.406
1 1 -0.0654999 -0.409
2 1 -0.0654999 -0.4105
0 2 -0.33904 -0.29584
1 2 -0.3394 -0.298
2 2 -0.3394 -0.2998
0 3 -0.5446 -0.37
1 3 -0.5464 -0.3736
2 3 -0.5464 -0.3754
0 4 0.17504 -0.31312
1 4 0.17504 -0.31744
2 4 0.17504 -0.3196
0 5 0.32408 -0.352
1 5 0.32192 -0.35416
2 5 0.32408 -0.35632
0 6 -0.38008 -0.3736
1 6 -0.38008 -0.37576
2 6 -0.38008 -0.37792
0 7 -0.11224 -0.32176
1 7 -0.11224 -0.32392
2 7 -0.11224 -0.32608
0 8 0.31544 -0.34768
1 8 0.31328 -0.34984
2 8 0.31544 -0.352
0 9 0.0130402 -0.3196
1 9 0.0130402 -0.32176
2 9 0.0130402 -0.32392
0 10 0.324512 -0.352
1 10 0.32192 -0.354592
2 10 0.324512 -0.357184
0 11 -0.37792 -0.372736
1 11 -0.37792 -0.375328
2 11 -0.37792 -0.37792
0 12 0.480032 -0.307936
1 12 0.47744 -0.310528
2 12 0.47744 -0.31312
0 13 0.0134722 -0.318304
1 13 0.0134722 -0.320896
2 13 0.0134722 -0.323488
0 14 -0.340595 -0.312601
1 14 -0.340595 -0.315712
2 14 -0.340595 -0.318822
0 15 -0.293939 -0.38103
1 15 -0.297049 -0.384141
2 15 -0.297049 -0.384141
0 16 0.611188 -0.359257
1 16 0.611188 -0.362368
2 16 0.611188 -0.365478
0 17 0.164534 -0.350548
1 17 0.164534 -0.354281
2 17 0.164534 -0.354281
0 18 -0.268434 -0.324421
1 18 -0.268434 -0.328153
2 18 -0.268434 -0.331886
0 19 -0.339351 -0.302026
1 19 -0.339351 -0.305759
2 19 -0.339351 -0.305759
0 20 -0.414 -0.324421
1 20 -0.414 -0.331886
2 20 -0.414 -0.331886
0 21 -0.257236 -0.320688
1 21 -0.257236 -0.324421
2 21 -0.257236 -0.328153
0 22 -0.272166 -0.361746
1 22 -0.272166 -0.365478
2 22 -0.272166 -0.365478
