50
0 0 0.866667 -0.317708
1 0 0.834375 -0.34375
2 0 0.75 -0.317708
0 1 -0.377083 -0.322917
1 1 -0.436458 -0.322917
2 1 -0.497917 -0.322917
0 2 -0.0729167 -0.35
1 2 -0.13125 -0.35
2 2 -0.192708 -0.35
0 3 -0.0833333 -0.35
1 3 -0.14375 -0.35
2 3 -0.204167 -0.35
0 4 -0.659375 -0.305208
1 4 -0.717708 -0.30625
2 4 -0.778125 -0.30625
0 5 -0.659375 -0.301042
1 5 -0.717708 -0.302083
2 5 -0.777083 -0.302083
0 6 -0.2375 -0.341667
1 6 -0.295833 -0.341667
2 6 -0.358333 -0.341667
0 7 -0.36625 -0.34875
1 7 -0.426042 -0.348958
2 7 -0.488542 -0.348958
0 8 0.659375 -0.308333
1 8 0.6 -0.309375
2 8 0.539583 -0.309375
0 9 -0.364583 -0.347917
1 9 -0.426042 -0.348958
2 9 -0.486458 -0.347917
0 10 -0.215 -0.34375
1 10 -0.27625 -0.3425
2 10 -0.33625 -0.3425
0 11 0.6625 -0.32625
1 11 0.60375 -0.3275
2 11 0.5425 -0.3275
0 12 -0.07375 -0.3075
1 12 0.0112501 -0.30875
2 12 -0.04875 -0.30875
0 13 -0.0725 -0.35
1 13 -0.1325 -0.35
2 13 -0.1925 -0.35
0 14 -0.8095 -0.304
1 14 -0.868 -0.3055
2 14 -0.9265 -0.3055
0 15 -0.217 -0.343
1 15 -0.277 -0.343
2 15 -0.3385 -0.343
0 16 0.215 -0.31
1 16 0.155 -0.31
2 16 0.0950001 -0.31
0 17 -0.364 -0.3235
1 17 -0.424 -0.325
2 17 -0.4855 -0.3235
0 18 0.395 -0.2965
1 18 0.335 -0.2965
2 18 0.275 -0.2965
0 19 0.5495 -0.3745
1 19 0.488 -0.376
2 19 0.428 -0.376
0 20 -0.3646 -0.3052
1 20 -0.424 -0.3052
2 20 -0.4852 -0.3052
0 21 0.0692001 -0.307
1 21 0.00980008 -0.3088
2 21 -0.0495999 -0.3088
0 22 0.0638001 -0.3124
1 22 0.00440013 -0.3124
2 22 -0.0549999 -0.3124
0 23 -0.3682 -0.3502
1 23 -0.4294 -0.3502
2 23 -0.4906 -0.3502
0 24 0.674 -0.352
1 24 0.6146 -0.352
2 24 0.5534 -0.352
0 25 -0.514 -0.32392
1 25 -0.57448 -0.32392
2 25 -0.63496 -0.32392
0 26 0.33704 -0.36064
1 26 0.27656 -0.36064
2 26 0.21608 -0.36064
0 27 -0.0819998 -0.32824
1 27 -0.14032 -0.32824
2 27 -0.2008 -0.32824
0 28 0.591488 -0.294976
1 28 0.53144 -0.29152
2 28 0.47096 -0.29368
0 29 0.51632 -0.3088
1 29 0.45584 -0.3088
2 29 0.39536 -0.3088
0 30 0.66752 -0.30664
1 30 0.6092 -0.3088
2 30 0.54872 -0.3088
0 31 0.64376 -0.3736
1 31 0.58328 -0.3736
2 31 0.5228 -0.3736
0 32 -0.23536 -0.34336
1 32 -0.29584 -0.34336
2 32 -0.35632 -0.34336
0 33 -0.0819998 -0.30664
1 33 -0.14032 -0.30664
2 33 -0.2008 -0.30664
0 34 0.0653123 -0.346816
1 34 0.00569623 -0.346816
2 34 -0.0539198 -0.346816
0 35 -0.23536 -0.344224
1 35 -0.294976 -0.344224
2 35 -0.354592 -0.344224
0 36 0.0679043 -0.307936
1 36 0.00828826 -0.307936
2 36 -0.0513278 -0.307936
0 37 0.55209 -0.374809
1 37 0.489882 -0.374809
2 37 0.430784 -0.374809
0 38 0.346804 -0.365478
1 38 0.287706 -0.365478
2 38 0.225498 -0.365478
0 39 0.337472 -0.306381
1 39 0.278375 -0.306381
2 39 0.216167 -0.306381
0 40 0.564532 -0.365478
1 40 0.502324 -0.365478
2 40 0.443226 -0.365478
0 41 0.0575363 -0.353037
1 41 -0.00156136 -0.353037
2 41 -0.060659 -0.353037
0 42 -0.0793214 -0.353037
1 42 -0.138419 -0.353037
2 42 -0.200627 -0.353037
0 43 -0.673408 -0.30327
1 43 -0.732506 -0.30327
2 43 -0.791603 -0.30327
0 44 0.642292 -0.376676
1 44 0.582572 -0.376676
2 44 0.522852 -0.376676
0 45 0.343693 -0.298294
1 45 0.283973 -0.298294
2 45 0.224254 -0.298294
0 46 0.522852 -0.343083
1 46 0.463133 -0.343083
2 46 0.403413 -0.343083
0 47 0.522852 -0.354281
1 47 0.466865 -0.354281
2 47 0.403413 -0.354281
0 48 0.0600246 -0.354281
1 48 0.000304921 -0.354281
2 48 -0.0594147 -0.354281
0 49 -0.0780772 -0.343083
1 49 -0.137797 -0.343083
2 49 -0.197517 -0.343083
