24
0 0 -0.326042 -0.365625
1 0 -0.327083 -0.361458
2 0 -0.330208 -0.357292
0 1 -0.326042 -0.365625
1 1 -0.327083 -0.361458
2 1 -0.184375 -0.357292
0 2 0.034375 -0.328125
1 2 0.0333333 -0.323958
2 2 0.03125 -0.319792
0 3 0.404167 -0.327083
1 3 0.255208 -0.323958
2 3 0.253125 -0.319792
0 4 -0.365625 -0.365625
1 4 -0.365625 -0.361458
2 4 -0.36875 -0.357292
0 5 -0.365625 -0.365625
1 5 0.0225 -0.36875
2 5 0.02 -0.365
0 6 0.06875 -0.35375
1 6 0.5225 -0.33375
2 6 0.52 -0.33
0 7 0.00500005 -0.41625
1 7 0.10625 -0.275
2 7 0.10375 -0.27125
0 8 0.1825 -0.41625
1 8 0.1075 -0.4125
2 8 -0.0425 -0.40875
0 9 0.0775 -0.27875
1 9 -0.28875 -0.275
2 9 0.00125001 -0.27125
0 10 -0.343 -0.37
1 10 -0.343 -0.367
2 10 -0.346 -0.3625
0 11 0.254 -0.3715
1 11 0.2525 -0.367
2 11 0.251 -0.3625
0 12 0.3635 -0.328
1 12 0.362 -0.3235
2 12 0.3605 -0.3205
0 13 -0.2116 -0.3268
1 13 -0.2134 -0.3232
2 13 -0.2152 -0.3196
0 14 0.6758 -0.343
1 14 0.674 -0.3394
2 14 0.6722 -0.3358
0 15 0.0216801 -0.3736
1 15 0.0195201 -0.36928
2 15 0.0173601 -0.36496
0 16 -0.3412 -0.37144
1 16 -0.34336 -0.36712
2 16 -0.34552 -0.3628
0 17 0.0171011 -0.371699
1 17 0.0171011 -0.365478
2 17 0.0139907 -0.362368
0 18 -0.321933 -0.368589
1 18 -0.321933 -0.365478
2 18 -0.325043 -0.362368
0 19 -0.126599 -0.372943
1 19 -0.126599 -0.365478
2 19 -0.130332 -0.361746
0 20 -0.126599 -0.328153
1 20 -0.126599 -0.324421
2 20 -0.130332 -0.320688
0 21 0.0152349 -0.328153
1 21 0.0152349 -0.324421
2 21 0.0115024 -0.320688
0 22 0.209324 -0.331886
1 22 0.209324 -0.328153
2 22 0.205591 -0.324421
0 23 0.216789 -0.324421
1 23 0.213056 -0.320688
2 23 0.213056 -0.316956
