35
0 0 0.46875 -0.351042
1 0 0.407292 -0.351042
2 0 0.352083 -0.351042
0 1 -0.426042 -0.348958
1 1 -0.488542 -0.348958
2 1 -0.544792 -0.348958
0 2 0.898958 -0.352083
1 2 0.840625 -0.352083
2 2 0.7875 -0.352083
0 3 -0.585417 -0.305208
1 3 -0.644792 -0.305208
2 3 -0.7 -0.305208
0 4 0.834375 -0.34375
1 4 0.75 -0.317708
2 4 0.696875 -0.317708
0 5 0.884375 -0.328125
1 5 0.827083 -0.328125
2 5 0.772917 -0.328125
0 6 0.6125 -0.3275
1 6 0.5525 -0.32625
2 6 0.49625 -0.3275
0 7 -0.585 -0.305
1 7 -0.6475 -0.305
2 7 -0.7 -0.305
0 8 -0.71875 -0.3025
1 8 -0.7775 -0.3025
2 8 -0.83 -0.3025
0 9 0.4675 -0.35125
1 9 0.40625 -0.35125
2 9 0.35125 -0.35125
0 10 -0.718 -0.3025
1 10 -0.778 -0.3025
2 10 -0.832 -0.3025
0 11 0.53144 -0.29152
1 11 0.4715 -0.292
2 11 0.416 -0.292
0 12 0.5858 -0.3754
1 12 0.5246 -0.3754
2 12 0.4688 -0.3754
0 13 0.467 -0.352
1 13 0.4058 -0.352
2 13 0.35 -0.352
0 14 -0.2764 -0.343
1 14 -0.3394 -0.343
2 14 -0.3934 -0.343
0 15 0.287 -0.3574
1 15 0.2276 -0.3574
2 15 0.1718 -0.3574
0 16 0.46664 -0.352
1 16 0.40616 -0.352
2 16 0.35 -0.352
0 17 -0.57448 -0.32392
1 17 -0.63496 -0.32392
2 17 -0.68896 -0.32392
0 18 -0.14032 -0.32824
1 18 -0.2008 -0.32824
2 18 -0.2548 -0.32824
0 19 0.74096 -0.3088
1 19 0.68264 -0.3088
2 19 0.62864 -0.3088
0 20 0.2852 -0.30448
1 20 0.22472 -0.30448
2 20 0.17072 -0.30448
0 21 0.583712 -0.375328
1 21 0.524096 -0.375328
2 21 0.467072 -0.375328
0 22 0.277856 -0.305344
1 22 0.215648 -0.305344
2 22 0.161216 -0.305344
0 23 -0.424576 -0.305344
1 23 -0.486784 -0.305344
2 23 -0.541216 -0.305344
0 24 -0.00156136 -0.353037
1 24 -0.060659 -0.353037
2 24 -0.116646 -0.353037
0 25 0.502324 -0.365478
1 25 0.443226 -0.365478
2 25 0.387239 -0.365478
0 26 0.280241 -0.309491
1 26 0.216789 -0.309491
2 26 0.164534 -0.309491
0 27 0.283973 -0.354281
1 27 0.224254 -0.354281
2 27 0.168267 -0.354281
0 28 -0.294561 -0.346816
1 28 -0.358013 -0.346816
2 28 -0.414 -0.346816
0 29 0.000304921 -0.354281
1 29 -0.0594147 -0.354281
2 29 -0.115402 -0.354281
0 30 0.492992 -0.376676
1 30 0.42954 -0.376676
2 30 0.373553 -0.376676
0 31 -0.137797 -0.343083
1 31 -0.197517 -0.343083
2 31 -0.253504 -0.343083
0 32 -0.731261 -0.305759
1 32 -0.790981 -0.305759
2 32 -0.846968 -0.305759
0 33 0.608699 -0.343083
1 33 0.54898 -0.343083
2 33 0.492992 -0.343083
0 34 0.276509 -0.365478
1 34 0.216789 -0.365478
2 34 0.160802 -0.365478
