26
0 0 -0.165 -0.3525
1 0 -0.215 -0.35125
2 0 -0.259375 -0.352083
0 1 0.321875 -0.322917
1 1 -0.15625 -0.328125
2 1 0.225 -0.321875
0 2 -0.369792 -0.345833
1 2 -0.42 -0.34375
2 2 -0.2605 -0.352
0 3 -0.1555 -0.3085
1 3 -0.205 -0.307
2 3 -0.2515 -0.307
0 4 -0.5275 -0.3505
1 4 -0.5785 -0.349
2 4 -0.625 -0.349
0 5 0.323 -0.322
1 5 -0.1585 -0.3295
2 5 -0.205 -0.3295
0 6 0.6326 -0.3394
1 6 0.5822 -0.3394
2 6 0.5354 -0.3394
0 7 -0.3826 -0.3502
1 7 -0.433 -0.3484
2 7 -0.4798 -0.3484
0 8 -0.1558 -0.307
1 8 -0.2062 -0.307
2 8 -0.2512 -0.307
0 9 -0.5104 -0.352
1 9 -0.5608 -0.352
2 9 -0.6076 -0.352
0 10 0.0303202 -0.3196
1 10 -0.0193598 -0.3196
2 10 -0.0647199 -0.3196
0 11 0.63296 -0.33904
1 11 0.58328 -0.33904
2 11 0.53576 -0.33904
0 12 0.9224 -0.34768
1 12 0.87488 -0.34768
2 12 0.82952 -0.34552
0 13 0.0290243 -0.33904
1 13 -0.0202237 -0.336448
2 13 -0.0668798 -0.336448
0 14 -0.515296 -0.302752
1 14 -0.564544 -0.302752
2 14 -0.6112 -0.302752
0 15 -0.165376 -0.294976
1 15 -0.214624 -0.292384
2 15 -0.26128 -0.292384
0 16 -0.157081 -0.359257
1 16 -0.206848 -0.356147
2 16 -0.253504 -0.356147
0 17 -0.166413 -0.293939
1 17 -0.216179 -0.293939
2 17 -0.262835 -0.293939
0 18 -0.172633 -0.30327
1 18 -0.2224 -0.30327
2 18 -0.269056 -0.30327
0 19 -0.315712 -0.30327
1 19 -0.365478 -0.30327
2 19 -0.412134 -0.30327
0 20 -0.555213 -0.30327
1 20 -0.604979 -0.30327
2 20 -0.651635 -0.30327
0 21 -0.552102 -0.349926
1 21 -0.601869 -0.349926
2 21 -0.648525 -0.349926
0 22 0.169511 -0.30327
1 22 0.119744 -0.30327
2 22 0.0730883 -0.30327
0 23 -0.365478 -0.349926
1 23 -0.415245 -0.346816
2 23 -0.461901 -0.346816
0 24 -0.592537 -0.234841
1 24 -0.642304 -0.234841
2 24 -0.68585 -0.234841
0 25 -0.313223 -0.305759
1 25 -0.361746 -0.305759
2 25 -0.410268 -0.305759
