14
0 0 0.784375 -0.334375
1 0 0.748958 -0.334375
2 0 0.709375 -0.334375
0 1 -0.588542 -0.344792
1 1 -0.623958 -0.345833
2 1 -0.66625 -0.34625
0 2 0.75625 -0.29375
1 2 0.7225 -0.29375
2 2 0.68125 -0.295
0 3 0.00800006 -0.3475
1 3 -0.0279999 -0.3475
2 3 -0.0684999 -0.349
0 4 -0.259 -0.3625
1 4 -0.2965 -0.364
2 4 -0.337 -0.364
0 5 0.8702 -0.352
1 5 0.836 -0.352
2 5 0.7964 -0.352
0 6 -0.0616958 -0.289792
1 6 -0.0979838 -0.292384
2 6 -0.13816 -0.29152
0 7 0.765152 -0.359776
1 7 0.728864 -0.359776
2 7 0.689984 -0.359776
0 8 -0.0953918 -0.36496
1 8 -0.134272 -0.367552
2 8 -0.173152 -0.367552
0 9 -0.0948734 -0.365478
1 9 -0.132198 -0.365478
2 9 -0.172633 -0.365478
0 10 0.776039 -0.318822
1 10 0.741824 -0.318822
2 10 0.701389 -0.318822
0 11 0.763597 -0.359257
1 11 0.729383 -0.359257
2 11 0.688948 -0.359257
0 12 0.303258 -0.353037
1 12 0.265933 -0.353037
2 12 0.225498 -0.353037
0 13 0.765464 -0.361746
1 13 0.731871 -0.361746
2 13 0.690814 -0.361746
