37
0 0 -0.1275 -0.3225
1 0 -0.1275 -0.32375
2 0 -0.12625 -0.32625
0 1 -0.0637499 -0.3525
1 1 -0.0637499 -0.35375
2 1 -0.0637499 -0.35625
0 2 -0.25125 -0.27375
1 2 -0.065 -0.41
2 2 -0.21 -0.41125
0 3 -0.21125 -0.4075
1 3 0.1525 -0.41
2 3 0.00750001 -0.4125
0 4 -0.065 -0.4075
1 4 -0.1075 -0.275
2 4 -0.035 -0.2775
0 5 0.00650005 -0.409
1 5 0.0800001 -0.4105
2 5 0.0800001 -0.4135
0 6 0.152 -0.409
1 6 -0.2515 -0.274
2 6 0.00800006 -0.4135
0 7 0.1754 -0.3574
1 7 0.1754 -0.3592
2 7 0.1754 -0.361
0 8 -0.3934 -0.3844
1 8 -0.3934 -0.3862
2 8 -0.3934 -0.388
0 9 -0.1378 -0.4078
1 9 0.00800012 -0.4114
2 9 0.00800012 -0.4132
0 10 0.17504 -0.31744
1 10 0.17504 -0.3196
2 10 0.17504 -0.32176
0 11 0.32192 -0.35416
1 11 0.32408 -0.35632
2 11 0.32408 -0.35848
0 12 -0.11224 -0.32392
1 12 -0.11224 -0.32608
2 12 -0.11224 -0.32824
0 13 -0.39304 -0.3844
1 13 -0.39304 -0.38656
2 13 -0.39304 -0.38872
0 14 -0.54208 -0.30448
1 14 -0.54208 -0.30664
2 14 -0.54208 -0.3088
0 15 -0.3394 -0.298
1 15 -0.33904 -0.30016
2 15 -0.33904 -0.30232
0 16 -0.3412 -0.36928
1 16 -0.3412 -0.37144
2 16 -0.3412 -0.3736
0 17 0.17504 -0.35848
1 17 0.17504 -0.36064
2 17 0.17504 -0.3628
0 18 0.1556 -0.31744
1 18 0.1556 -0.3196
2 18 0.1556 -0.32176
0 19 -0.88336 -0.36064
1 19 -0.88336 -0.3628
2 19 -0.88336 -0.36496
0 20 -0.8596 -0.32176
1 20 -0.8596 -0.32392
2 20 -0.8596 -0.32608
0 21 0.0134722 -0.320896
1 21 0.0134722 -0.323488
2 21 0.0134722 -0.32608
0 22 -0.340595 -0.315712
1 22 -0.340595 -0.318822
2 22 -0.340595 -0.318822
0 23 0.611188 -0.362368
1 23 0.611188 -0.365478
2 23 0.611188 -0.368589
0 24 -0.415245 -0.325043
1 24 -0.415245 -0.325043
2 24 -0.415245 -0.328153
0 25 0.172621 -0.318822
1 25 0.172621 -0.318822
2 25 0.172621 -0.321933
0 26 -0.297049 -0.384141
1 26 -0.297049 -0.384141
2 26 -0.297049 -0.387251
0 27 -0.257236 -0.324421
1 27 -0.257236 -0.328153
2 27 -0.257236 -0.328153
0 28 -0.272166 -0.365478
1 28 -0.272166 -0.365478
2 28 -0.272166 -0.369211
0 29 -0.417733 -0.354281
1 29 -0.417733 -0.354281
2 29 -0.417733 -0.358013
0 30 -0.298294 -0.384141
1 30 -0.298294 -0.384141
2 30 -0.298294 -0.387873
0 31 -0.391606 -0.384141
1 31 -0.391606 -0.384141
2 31 -0.391606 -0.387873
0 32 -0.339351 -0.305759
1 32 -0.339351 -0.305759
2 32 -0.339351 -0.309491
0 33 -0.268434 -0.328153
1 33 -0.268434 -0.331886
2 33 -0.268434 -0.331886
0 34 -0.600625 -0.361746
1 34 -0.600625 -0.365478
2 34 -0.600625 -0.365478
0 35 -0.414 -0.331886
1 35 -0.414 -0.331886
2 35 -0.414 -0.331886
0 36 -0.596892 -0.316956
1 36 -0.596892 -0.320688
2 36 -0.596892 -0.320688
