25
0 0 -0.36875 -0.357292
1 0 0.3425 -0.3175
2 0 -0.401042 -0.351042
0 1 0.5525 -0.3175
1 1 0.964583 -0.315625
2 1 0.51625 -0.31125
0 2 0.36 -0.32
1 2 0.00375004 -0.3625
2 2 0.325 -0.31375
0 3 0.08125 -0.35625
1 3 0.065 -0.35375
2 3 0.0475 -0.35
0 4 0.02 -0.365
1 4 -0.2 -0.354167
2 4 -0.0137499 -0.35875
0 5 0.253125 -0.319792
1 5 0.383333 -0.316667
2 5 0.365 -0.315
0 6 -0.184375 -0.357292
1 6 0.00375004 -0.3625
2 6 -0.0145 -0.358
0 7 0.3755 -0.3235
1 7 0.359 -0.3205
2 7 0.3395 -0.3175
0 8 -0.2155 -0.319
1 8 -0.232 -0.316
2 8 -0.2485 -0.313
0 9 0.1088 -0.3196
1 9 0.0926001 -0.316
2 9 0.0746001 -0.3124
0 10 0.0278001 -0.3196
1 10 0.0116001 -0.3178
2 10 -0.00639992 -0.3142
0 11 -0.3232 -0.325
1 11 -0.3394 -0.3214
2 11 -0.3556 -0.3178
0 12 -0.1774 -0.325
1 12 -0.1936 -0.3214
2 12 -0.2116 -0.3178
0 13 0.0281602 -0.3196
1 13 0.0108802 -0.31744
2 13 -0.00639985 -0.31312
0 14 0.0303202 -0.3736
1 14 0.0130402 -0.37144
2 14 -0.00423985 -0.36712
0 15 0.0679043 -0.352
1 15 0.0523523 -0.346816
2 15 0.0342082 -0.344224
0 16 -0.323488 -0.362368
1 16 -0.33904 -0.359776
2 16 -0.357184 -0.354592
0 17 0.0290243 -0.370144
1 17 0.0134722 -0.367552
2 17 -0.00467173 -0.36496
0 18 0.0139907 -0.362368
1 18 -0.00156136 -0.359257
2 18 -0.0202237 -0.356147
0 19 0.0668674 -0.315712
1 19 0.0513155 -0.312601
2 19 0.032653 -0.309491
0 20 -0.325043 -0.362368
1 20 -0.340595 -0.359257
2 20 -0.359257 -0.356147
0 21 0.0699778 -0.325043
1 21 0.0544259 -0.321933
2 21 0.0357635 -0.318822
0 22 -0.130332 -0.320688
1 22 -0.145262 -0.316956
2 22 -0.163924 -0.313223
0 23 0.0115024 -0.320688
1 23 -0.00342757 -0.316956
2 23 -0.02209 -0.313223
0 24 0.0264323 -0.369211
1 24 0.0115024 -0.369211
2 24 -0.00716 -0.365478
