17
0 0 0.460417 -0.314583
1 0 0.426042 -0.314583
2 0 0.384375 -0.314583
0 1 0.36875 -0.309375
1 1 -0.401042 -0.34375
2 1 -0.440625 -0.34375
0 2 -0.3664 -0.343
1 2 -0.4024 -0.343
2 2 -0.4438 -0.343
0 3 -0.0387999 -0.3628
1 3 -0.0729999 -0.3628
2 3 -0.1144 -0.3628
0 4 0.1574 -0.2872
1 4 0.122336 -0.289792
2 4 0.0821602 -0.28936
0 5 -0.0953918 -0.354592
1 5 -0.13168 -0.354592
2 5 -0.173152 -0.354592
0 6 0.207872 -0.372736
1 6 0.171584 -0.372736
2 6 0.130112 -0.372736
0 7 0.111968 -0.372736
1 7 0.0756803 -0.372736
2 7 0.0368003 -0.372736
0 8 -0.36496 -0.302752
1 8 -0.401248 -0.302752
2 8 -0.44272 -0.302752
0 9 -0.0948734 -0.30327
1 9 -0.132198 -0.30327
2 9 -0.172633 -0.30327
0 10 0.0855298 -0.340595
1 10 0.0482051 -0.340595
2 10 0.0077699 -0.340595
0 11 -0.359257 -0.346816
1 11 -0.396582 -0.346816
2 11 -0.437017 -0.346816
0 12 -0.675274 -0.343083
1 12 -0.712599 -0.343083
2 12 -0.749924 -0.343083
0 13 -0.361746 -0.350548
1 13 -0.399071 -0.350548
2 13 -0.440128 -0.350548
0 14 0.157069 -0.309491
1 14 0.123477 -0.309491
2 14 0.0824195 -0.309491
0 15 -0.0370199 -0.298294
1 15 -0.0706122 -0.298294
2 15 -0.111669 -0.298294
0 16 -0.365478 -0.305759
1 16 -0.402803 -0.305759
2 16 -0.44386 -0.305759
