26
0 0 -0.028125 -0.338542
1 0 -0.0760417 -0.3375
2 0 -0.117708 -0.3375
0 1 -0.733333 -0.304167
1 1 -0.486458 -0.304167
2 1 -0.380208 -0.305208
0 2 -0.188542 -0.30625
1 2 -0.2375 -0.305208
2 2 -0.279167 -0.305208
0 3 -0.733333 -0.304167
1 3 -0.486458 -0.304167
2 3 -0.821875 -0.304167
0 4 0.7475 -0.367
1 4 0.7 -0.3675
2 4 0.65875 -0.3675
0 5 -0.8245 -0.3505
1 5 -0.86875 -0.35125
2 5 -0.91 -0.35125
0 6 0.266 -0.3505
1 6 0.2195 -0.3505
2 6 0.1775 -0.3505
0 7 0.86 -0.3505
1 7 0.8135 -0.3505
2 7 0.773 -0.3505
0 8 -0.8245 -0.3505
1 8 -0.86875 -0.35125
2 8 -0.913 -0.3505
0 9 0.7388 -0.3736
1 9 0.692 -0.3736
2 9 0.6506 -0.3736
0 10 0.8324 -0.3736
1 10 0.7856 -0.3736
2 10 0.746 -0.3736
0 11 0.1124 -0.3034
1 11 0.0656001 -0.3034
2 11 0.0242001 -0.3034
0 12 0.2528 -0.31096
1 12 0.20528 -0.31096
2 12 0.16424 -0.31096
0 13 0.83168 -0.3736
1 13 0.78632 -0.3736
2 13 0.74528 -0.3736
0 14 -0.0254078 -0.341632
1 14 -0.0720638 -0.341632
2 14 -0.113536 -0.341632
0 15 0.52928 -0.354592
1 15 0.482624 -0.354592
2 15 0.441152 -0.354592
0 16 0.828916 -0.371699
1 16 0.78226 -0.371699
2 16 0.741824 -0.371699
0 17 0.751156 -0.365478
1 17 0.7045 -0.365478
2 17 0.664064 -0.365478
0 18 0.536538 -0.353037
1 18 0.486772 -0.353037
2 18 0.446336 -0.353037
0 19 0.856909 -0.353037
1 19 0.810253 -0.353037
2 19 0.769818 -0.353037
0 20 0.53405 -0.350548
1 20 0.485527 -0.354281
2 20 0.44447 -0.354281
0 21 0.743069 -0.372943
1 21 0.694546 -0.372943
2 21 0.653489 -0.372943
0 22 0.828916 -0.372943
1 22 0.784126 -0.372943
2 22 0.743069 -0.372943
0 23 0.858776 -0.354281
1 23 0.810253 -0.354281
2 23 0.769196 -0.354281
0 24 0.526585 -0.298294
1 24 0.478063 -0.298294
2 24 0.437005 -0.298294
0 25 -0.484918 -0.305759
1 25 -0.53344 -0.305759
2 25 -0.574497 -0.305759
