15
0 0 0.68125 -0.295
1 0 0.63125 -0.295
2 0 0.58375 -0.295
0 1 -0.178 -0.3685
1 1 -0.2275 -0.37
2 1 -0.2755 -0.37
0 2 -0.13816 -0.29152
1 2 -0.188704 -0.294976
2 2 -0.23536 -0.29368
0 3 0.50768 -0.34336
1 3 0.45584 -0.34552
2 3 0.40832 -0.34552
0 4 -0.0902078 -0.375328
1 4 -0.142048 -0.375328
2 4 -0.188704 -0.375328
0 5 -0.13816 -0.29152
1 5 -0.188704 -0.294976
2 5 -0.23536 -0.294976
0 6 -0.0616958 -0.354592
1 6 -0.113536 -0.354592
2 6 -0.160192 -0.357184
0 7 0.695168 -0.328672
1 7 0.643328 -0.328672
2 7 0.596672 -0.328672
0 8 0.811808 -0.352
1 8 0.76256 -0.352
2 8 0.718496 -0.352
0 9 -0.206848 -0.305344
1 9 -0.258688 -0.307936
2 9 -0.305344 -0.307936
0 10 -0.0917629 -0.374809
1 10 -0.14464 -0.374809
2 10 -0.191296 -0.374809
0 11 0.701389 -0.318822
1 11 0.651623 -0.318822
2 11 0.604967 -0.318822
0 12 -0.0668797 -0.320688
1 12 -0.119134 -0.320688
2 12 -0.163924 -0.320688
0 13 0.746801 -0.302026
1 13 0.698279 -0.302026
2 13 0.649757 -0.302026
0 14 0.687081 -0.302026
1 14 0.634827 -0.302026
2 14 0.586304 -0.302026
