25
0 0 -0.00249996 -0.3655
1 0 -0.04125 -0.36625
2 0 -0.0666667 -0.367708
0 1 0.0775 -0.36625
1 1 0.0395833 -0.366667
2 1 0.015625 -0.367708
0 2 0.0775 -0.36625
1 2 0.03875 -0.36625
2 2 -0.551042 -0.344792
0 3 -0.0409599 -0.32608
1 3 -0.0798399 -0.32608
2 3 -0.1036 -0.32608
0 4 -0.0409599 -0.33904
1 4 -0.0798399 -0.33904
2 4 -0.1036 -0.33904
0 5 0.26144 -0.30448
1 5 0.22472 -0.30448
2 5 0.20096 -0.30448
0 6 -0.15112 -0.30016
1 6 -0.19 -0.30016
2 6 -0.21376 -0.30016
0 7 -0.15976 -0.29368
1 7 -0.19864 -0.29368
2 7 -0.2224 -0.29368
0 8 -0.00985578 -0.372736
1 8 -0.0487357 -0.372736
2 8 -0.0720638 -0.372736
0 9 0.863648 -0.328672
1 9 0.82736 -0.328672
2 9 0.804032 -0.328672
0 10 0.106784 -0.333856
1 10 0.0679043 -0.333856
2 10 0.0445763 -0.333856
0 11 -0.160192 -0.294976
1 11 -0.199072 -0.294976
2 11 -0.2224 -0.294976
0 12 0.24416 -0.305344
1 12 0.20528 -0.305344
2 12 0.181952 -0.305344
0 13 -0.341632 -0.305344
1 13 -0.380512 -0.305344
2 13 -0.406432 -0.305344
0 14 -0.219289 -0.30327
1 14 -0.256614 -0.30327
2 14 -0.281497 -0.30327
0 15 -0.213069 -0.30327
1 15 -0.250393 -0.30327
2 15 -0.275277 -0.30327
0 16 0.872461 -0.337485
1 16 0.835137 -0.337485
2 16 0.813364 -0.337485
0 17 0.0357635 -0.306381
1 17 -0.00156136 -0.306381
2 17 -0.0264446 -0.306381
0 18 0.869351 -0.318822
1 18 0.835137 -0.318822
2 18 0.810253 -0.318822
0 19 0.107303 -0.30327
1 19 0.0699778 -0.30327
2 19 0.0450947 -0.30327
0 20 0.86313 -0.328153
1 20 0.825805 -0.328153
2 20 0.804033 -0.328153
0 21 0.108547 -0.316956
1 21 0.0674896 -0.316956
2 21 0.0450947 -0.316956
0 22 0.858776 -0.361746
1 22 0.821451 -0.361746
2 22 0.799056 -0.361746
0 23 -0.484918 -0.350548
1 23 -0.522242 -0.350548
2 23 -0.54837 -0.350548
0 24 0.855043 -0.298294
1 24 0.817718 -0.298294
2 24 0.795323 -0.298294
