23
0 0 0.358333 -0.3375
1 0 0.304167 -0.339583
2 0 0.246875 -0.339583
0 1 -0.796875 -0.351042
1 1 -0.851042 -0.352083
2 1 -0.90625 -0.352083
0 2 -0.222917 -0.346875
1 2 -0.276042 -0.347917
2 2 -0.335417 -0.346875
0 3 -0.414583 -0.352083
1 3 -0.46875 -0.352083
2 3 -0.526042 -0.352083
0 4 -0.436 -0.361
1 4 -0.4915 -0.361
2 4 -0.5485 -0.361
0 5 0.4004 -0.3016
1 5 0.3464 -0.3034
2 5 0.2888 -0.3034
0 6 0.2204 -0.343
1 6 0.1664 -0.3448
2 6 0.1106 -0.3448
0 7 -0.63496 -0.34984
1 7 -0.68896 -0.34984
2 7 -0.74512 -0.34984
0 8 0.2204 -0.34768
1 8 0.1664 -0.34984
2 8 0.11024 -0.34984
0 9 -0.36712 -0.34768
1 9 -0.42328 -0.34768
2 9 -0.47944 -0.34768
0 10 -0.409024 -0.357184
1 10 -0.463456 -0.357184
2 10 -0.52048 -0.357184
0 11 -0.433907 -0.359257
1 11 -0.489894 -0.359257
2 11 -0.548992 -0.359257
0 12 0.673396 -0.346816
1 12 0.617408 -0.346816
2 12 0.561421 -0.346816
0 13 -0.76361 -0.349926
1 13 -0.816486 -0.349926
2 13 -0.872474 -0.349926
0 14 -0.570765 -0.349926
1 14 -0.626752 -0.349926
2 14 -0.682739 -0.349926
0 15 -0.369211 -0.331886
1 15 -0.425198 -0.331886
2 15 -0.481185 -0.331886
0 16 -0.559567 -0.294561
1 16 -0.615554 -0.294561
2 16 -0.671542 -0.294561
0 17 -0.425198 -0.350548
1 17 -0.481185 -0.350548
2 17 -0.537172 -0.350548
0 18 -0.567032 -0.350548
1 18 -0.623019 -0.350548
2 18 -0.679007 -0.350548
0 19 -0.764854 -0.350548
1 19 -0.817108 -0.350548
2 19 -0.873096 -0.350548
0 20 -0.410268 -0.358013
1 20 -0.466255 -0.358013
2 20 -0.522242 -0.358013
0 21 -0.436395 -0.358013
1 21 -0.48865 -0.361746
2 21 -0.54837 -0.361746
0 22 -0.0780772 -0.305759
1 22 -0.130332 -0.305759
2 22 -0.186319 -0.305759
