37
0 0 -0.0114583 -0.327083
1 0 -0.0583333 -0.326042
2 0 -0.107292 -0.326042
0 1 -0.15625 -0.328125
1 1 0.225 -0.321875
2 1 -0.253125 -0.328125
0 2 0.5875 -0.341667
1 2 -0.642708 -0.351042
2 2 -0.692708 -0.351042
0 3 -0.215 -0.35125
1 3 -0.259375 -0.352083
2 3 -0.309375 -0.352083
0 4 0.421875 -0.345833
1 4 0.375 -0.345833
2 4 0.325 -0.345833
0 5 -0.0124999 -0.32625
1 5 -0.05875 -0.32625
2 5 -0.1075 -0.32625
0 6 0.58375 -0.33875
1 6 0.53625 -0.33875
2 6 0.48625 -0.33875
0 7 -0.419792 -0.34375
1 7 -0.465625 -0.342708
2 7 -0.31 -0.35125
0 8 -0.42 -0.34375
1 8 -0.2605 -0.352
2 8 -0.6625 -0.34375
0 9 -0.5785 -0.349
1 9 -0.625 -0.349
2 9 -0.6745 -0.349
0 10 0.875 -0.3505
1 10 0.83 -0.349
2 10 0.779 -0.349
0 11 0.4562 -0.3016
1 11 0.4094 -0.3016
2 11 0.359 -0.3016
0 12 -0.0193598 -0.3088
1 12 -0.0647199 -0.3088
2 12 -0.1144 -0.3088
0 13 -0.16624 -0.30232
1 13 -0.2116 -0.30232
2 13 -0.26128 -0.30232
0 14 -0.569728 -0.302752
1 14 -0.616384 -0.302752
2 14 -0.665632 -0.302752
0 15 -0.561952 -0.349408
1 15 -0.608608 -0.349408
2 15 -0.657856 -0.349408
0 16 -0.217216 -0.352
1 16 -0.263872 -0.352
2 16 -0.31312 -0.352
0 17 -0.600832 -0.349408
1 17 -0.647488 -0.349408
2 17 -0.696736 -0.349408
0 18 -0.603424 -0.302752
1 18 -0.65008 -0.302752
2 18 -0.699328 -0.302752
0 19 -0.608608 -0.302752
1 19 -0.655264 -0.302752
2 19 -0.704512 -0.302752
0 20 -0.0171134 -0.349926
1 20 -0.0637693 -0.349926
2 20 -0.113536 -0.349926
0 21 -0.415245 -0.346816
1 21 -0.461901 -0.346816
2 21 -0.511667 -0.346816
0 22 -0.0171134 -0.331264
1 22 -0.0637693 -0.331264
2 22 -0.113536 -0.331264
0 23 0.284595 -0.321933
1 23 0.23794 -0.321933
2 23 0.188173 -0.321933
0 24 0.564532 -0.340595
1 24 0.517876 -0.340595
2 24 0.468109 -0.340595
0 25 -0.362368 -0.349926
1 25 -0.409024 -0.349926
2 25 -0.45879 -0.349926
0 26 -0.206848 -0.356147
1 26 -0.253504 -0.356147
2 26 -0.30327 -0.356147
0 27 -0.160192 -0.30327
1 27 -0.206848 -0.30327
2 27 -0.256614 -0.30327
0 28 -0.601869 -0.349926
1 28 -0.648525 -0.349926
2 28 -0.698291 -0.349926
0 29 0.275264 -0.328153
1 29 0.228608 -0.328153
2 29 0.178842 -0.328153
0 30 -0.231109 -0.361746
1 30 -0.279631 -0.358013
2 30 -0.328153 -0.358013
0 31 -0.369211 -0.361746
1 31 -0.417733 -0.361746
2 31 -0.466255 -0.361746
0 32 -0.219911 -0.305759
1 32 -0.268434 -0.305759
2 32 -0.316956 -0.305759
0 33 -0.167657 -0.331886
1 33 -0.212446 -0.331886
2 33 -0.260969 -0.331886
0 34 -0.361746 -0.305759
1 34 -0.410268 -0.305759
2 34 -0.462523 -0.305759
0 35 -0.417733 -0.350548
1 35 -0.462523 -0.350548
2 35 -0.514777 -0.350548
0 36 -0.02209 -0.350548
1 36 -0.0668797 -0.350548
2 36 -0.115402 -0.350548
