11
0 0 0.216667 -0.332292
1 0 -0.8625 -0.323958
2 0 0.56875 -0.325
0 1 -0.21875 -0.35125
1 1 -0.27625 -0.35
2 1 -0.3225 -0.34875
0 2 -0.81 -0.30375
1 2 -0.86375 -0.305
2 2 -0.91 -0.30375
0 3 0.221 -0.3505
1 3 0.164 -0.3505
2 3 0.119 -0.3505
0 4 -0.37 -0.3055
1 4 -0.4255 -0.3055
2 4 -0.4735 -0.304
0 5 0.0497602 -0.294976
1 5 -0.00467173 -0.294976
2 5 -0.0513278 -0.294976
0 6 -0.66304 -0.302752
1 6 -0.717472 -0.302752
2 6 -0.764128 -0.302752
0 7 0.371687 -0.306381
1 7 0.3157 -0.306381
2 7 0.269043 -0.306381
0 8 0.0413623 -0.298294
1 8 -0.014625 -0.298294
2 8 -0.0594147 -0.298294
0 9 -0.53344 -0.343083
1 9 -0.589427 -0.343083
2 9 -0.637949 -0.343083
0 10 0.664687 -0.354281
1 10 0.608699 -0.354281
2 10 0.56391 -0.354281
