25
0 0 -0.488542 -0.348958
1 0 -0.544792 -0.348958
2 0 -0.597917 -0.347917
0 1 0.394792 -0.308333
1 1 0.7875 -0.352083
2 1 0.2875 -0.308333
0 2 0.398 -0.352
1 2 0.3425 -0.352
2 2 0.2885 -0.352
0 3 0.5408 -0.3088
1 3 0.4868 -0.3088
2 3 0.4328 -0.3088
0 4 -0.3394 -0.343
1 4 -0.3934 -0.343
2 4 -0.4474 -0.343
0 5 0.4058 -0.352
1 5 0.35 -0.352
2 5 0.296 -0.352
0 6 -0.0441999 -0.352
1 6 -0.0981999 -0.352
2 6 -0.1522 -0.352
0 7 0.4292 -0.3754
1 7 0.3734 -0.3754
2 7 0.3194 -0.3754
0 8 0.3986 -0.352
1 8 0.3428 -0.352
2 8 0.2888 -0.352
0 9 0.39752 -0.352
1 9 0.34352 -0.352
2 9 0.28952 -0.352
0 10 0.47096 -0.29368
1 10 0.4166 -0.2926
2 10 0.36296 -0.29368
0 11 0.22472 -0.30448
1 11 0.17072 -0.30448
2 11 0.11672 -0.30448
0 12 0.215648 -0.305344
1 12 0.161216 -0.305344
2 12 0.109376 -0.305344
0 13 0.472256 -0.294976
1 13 0.4166 -0.2926
2 13 0.363392 -0.294976
0 14 0.443226 -0.365478
1 14 0.387239 -0.365478
2 14 0.334362 -0.365478
0 15 -0.060659 -0.353037
1 15 -0.116646 -0.353037
2 15 -0.169523 -0.353037
0 16 0.47122 -0.293939
1 16 0.415232 -0.293939
2 16 0.362356 -0.293939
0 17 0.39346 -0.334374
1 17 0.337472 -0.334374
2 17 0.284595 -0.334374
0 18 0.222388 -0.297049
1 18 0.169511 -0.297049
2 18 0.116634 -0.297049
0 19 -0.200627 -0.353037
1 19 -0.256614 -0.353037
2 19 -0.309491 -0.349926
0 20 0.216789 -0.365478
1 20 0.160802 -0.365478
2 20 0.108547 -0.365478
0 21 0.522852 -0.376676
1 21 0.466865 -0.376676
2 21 0.410878 -0.376676
0 22 0.42954 -0.376676
1 22 0.373553 -0.376676
2 22 0.321298 -0.376676
0 23 -0.358013 -0.346816
1 23 -0.414 -0.346816
2 23 -0.466255 -0.343083
0 24 -0.0594147 -0.354281
1 24 -0.115402 -0.354281
2 24 -0.167657 -0.354281
