22
0 0 -0.2275 -0.37
1 0 -0.2755 -0.37
2 0 -0.3175 -0.3715
0 1 -0.1135 -0.313
1 1 -0.16 -0.313
2 1 -0.2005 -0.3145
0 2 0.4544 -0.3448
1 2 0.4076 -0.3466
2 2 0.3662 -0.3466
0 3 -0.5662 -0.3106
1 3 -0.613 -0.3106
2 3 -0.6544 -0.3124
0 4 0.76256 -0.352
1 4 0.7172 -0.352
2 4 0.67616 -0.35416
0 5 0.638144 -0.359776
1 5 0.591488 -0.362368
2 5 0.550016 -0.362368
0 6 0.700352 -0.359776
1 6 0.653696 -0.362368
2 6 0.612224 -0.362368
0 7 -0.142048 -0.375328
1 7 -0.188704 -0.375328
2 7 -0.230176 -0.37792
0 8 -0.113536 -0.354592
1 8 -0.160192 -0.357184
2 8 -0.201664 -0.357184
0 9 -0.37792 -0.302752
1 9 -0.424576 -0.305344
2 9 -0.466048 -0.305344
0 10 0.653696 -0.320896
1 10 0.60704 -0.320896
2 10 0.565568 -0.323488
0 11 0.635552 -0.297568
1 11 0.586304 -0.30016
2 11 0.544832 -0.30016
0 12 0.76256 -0.352
1 12 0.718496 -0.352
2 12 0.677024 -0.354592
0 13 -0.11872 -0.320896
1 13 -0.165376 -0.320896
2 13 -0.206848 -0.320896
0 14 0.651623 -0.318822
1 14 0.604967 -0.318822
2 14 0.564532 -0.321933
0 15 0.639181 -0.359257
1 15 0.589415 -0.362368
2 15 0.54898 -0.362368
0 16 -0.14464 -0.374809
1 16 -0.191296 -0.374809
2 16 -0.231731 -0.37792
0 17 0.654733 -0.340595
1 17 0.608077 -0.340595
2 17 0.567642 -0.340595
0 18 -0.447593 -0.365478
1 18 -0.496115 -0.369211
2 18 -0.537172 -0.369211
0 19 0.698279 -0.302026
1 19 0.649757 -0.302026
2 19 0.608699 -0.302026
0 20 -0.384141 -0.302026
1 20 -0.432663 -0.302026
2 20 -0.47372 -0.302026
0 21 0.175732 -0.354281
1 21 0.127209 -0.358013
2 21 0.086152 -0.358013
