20
0 0 0.7875 -0.355208
1 0 0.683333 -0.294792
2 0 0.63125 -0.294792
0 1 0.748958 -0.334375
1 1 0.709375 -0.334375
2 1 0.659375 -0.334375
0 2 0.78875 -0.35625
1 2 0.75 -0.35625
2 2 0.7 -0.35625
0 3 0.7225 -0.29375
1 3 0.68125 -0.295
2 3 0.63125 -0.295
0 4 -0.47375 -0.3075
1 4 -0.515 -0.30875
2 4 -0.565 -0.31
0 5 0.41875 -0.30375
1 5 0.37625 -0.30375
2 5 0.32625 -0.305
0 6 0.791072 -0.36496
1 6 0.752192 -0.36496
2 6 0.702944 -0.36496
0 7 -0.0513278 -0.372736
1 7 -0.0902078 -0.375328
2 7 -0.142048 -0.375328
0 8 0.72368 -0.297568
1 8 0.687392 -0.297568
2 8 0.635552 -0.297568
0 9 0.791072 -0.359776
1 9 0.752192 -0.359776
2 9 0.700352 -0.359776
0 10 0.728864 -0.359776
1 10 0.689984 -0.359776
2 10 0.638144 -0.359776
0 11 0.850688 -0.352
1 11 0.811808 -0.352
2 11 0.76256 -0.352
0 12 0.734048 -0.328672
1 12 0.695168 -0.328672
2 12 0.643328 -0.328672
0 13 0.741824 -0.318822
1 13 0.701389 -0.318822
2 13 0.651623 -0.318822
0 14 0.729383 -0.359257
1 14 0.688948 -0.359257
2 14 0.639181 -0.359257
0 15 0.723162 -0.297049
1 15 0.685837 -0.297049
2 15 0.636071 -0.297049
0 16 -0.620531 -0.349926
1 16 -0.660966 -0.349926
2 16 -0.710733 -0.353037
0 17 0.731871 -0.361746
1 17 0.690814 -0.361746
2 17 0.642292 -0.361746
0 18 0.791591 -0.361746
1 18 0.750534 -0.361746
2 18 0.702011 -0.361746
0 19 -0.02209 -0.354281
1 19 -0.0631472 -0.354281
2 19 -0.115402 -0.358013
