21
0 0 -0.415 -0.305
1 0 -0.46625 -0.305
2 0 -0.515 -0.30375
0 1 0.4575 -0.3075
1 1 0.40625 -0.3075
2 1 0.35875 -0.3075
0 2 0.788 -0.373
1 2 0.7385 -0.3745
2 2 0.6905 -0.373
0 3 0.1565 -0.349
1 3 0.1055 -0.349
2 3 0.059 -0.349
0 4 0.9095 -0.3505
1 4 0.86 -0.3505
2 4 0.8135 -0.3505
0 5 0.881 -0.3736
1 5 0.8324 -0.3736
2 5 0.7856 -0.3736
0 6 0.88136 -0.3736
1 6 0.83168 -0.3736
2 6 0.78632 -0.3736
0 7 -0.12304 -0.30448
1 7 -0.17272 -0.30448
2 7 -0.22024 -0.30448
0 8 0.158624 -0.305344
1 8 0.106784 -0.305344
2 8 0.0601283 -0.305344
0 9 0.303776 -0.305344
1 9 0.251936 -0.305344
2 9 0.20528 -0.305344
0 10 0.878682 -0.371699
1 10 0.828916 -0.371699
2 10 0.78226 -0.371699
0 11 0.791591 -0.371699
1 11 0.741824 -0.371699
2 11 0.695168 -0.371699
0 12 -0.779162 -0.349926
1 12 -0.828928 -0.349926
2 12 -0.875584 -0.349926
0 13 -0.776051 -0.290829
1 13 -0.825818 -0.290829
2 13 -0.872474 -0.290829
0 14 0.589415 -0.362368
1 14 0.536538 -0.362368
2 14 0.489882 -0.362368
0 15 -0.791603 -0.356147
1 15 -0.84137 -0.359257
2 15 -0.888026 -0.356147
0 16 0.300148 -0.349926
1 16 0.247271 -0.349926
2 16 0.200615 -0.349926
0 17 0.877438 -0.372943
1 17 0.828916 -0.372943
2 17 0.784126 -0.372943
0 18 -0.768586 -0.358013
1 18 -0.817108 -0.358013
2 18 -0.865631 -0.358013
0 19 0.578839 -0.305759
1 19 0.530317 -0.305759
2 19 0.481795 -0.305759
0 20 -0.764854 -0.302026
1 20 -0.813376 -0.302026
2 20 -0.861898 -0.302026
