9
0 0 -0.3178 -0.3394
1 0 -0.3394 -0.3394
2 0 -0.3412 -0.343
0 1 0.1916 -0.3178
1 1 0.1718 -0.3196
2 1 0.17 -0.3232
0 2 -0.3178 -0.2944
1 2 -0.3385 -0.2935
2 2 -0.3394 -0.298
0 3 -0.275277 -0.37792
1 3 -0.293939 -0.38103
2 3 -0.297049 -0.384141
0 4 -0.101094 -0.318822
1 4 -0.122867 -0.321933
2 4 -0.122867 -0.325043
0 5 0.505434 -0.365478
1 5 0.483661 -0.368589
2 5 0.480551 -0.371699
0 6 -0.246039 -0.324421
1 6 -0.268434 -0.324421
2 6 -0.268434 -0.328153
0 7 -0.249771 -0.358013
1 7 -0.272166 -0.361746
2 7 -0.272166 -0.365478
0 8 -0.567032 -0.302026
1 8 -0.589427 -0.302026
2 8 -0.589427 -0.305759
