12
0 0 -0.619792 -0.335417
1 0 -0.657292 -0.334375
2 0 -0.69375 -0.334375
0 1 -0.76 -0.3
1 1 -0.79625 -0.3
2 1 -0.83125 -0.3
0 2 0.1475 -0.3745
1 2 0.1085 -0.373
2 2 0.074 -0.373
0 3 0.161216 -0.36496
1 3 0.124928 -0.36496
2 3 0.0886402 -0.36496
0 4 0.122336 -0.31312
1 4 0.0860483 -0.31312
2 4 0.0497602 -0.31312
0 5 -0.18352 -0.305344
1 5 -0.219808 -0.305344
2 5 -0.256096 -0.305344
0 6 -0.331264 -0.344224
1 6 -0.370144 -0.341632
2 6 -0.406432 -0.341632
0 7 -0.321933 -0.349926
1 7 -0.359257 -0.346816
2 7 -0.396582 -0.346816
0 8 0.123477 -0.343083
1 8 0.086152 -0.343083
2 8 0.0525597 -0.343083
0 9 0.000304921 -0.298294
1 9 -0.0370199 -0.298294
2 9 -0.0706122 -0.298294
0 10 -0.324421 -0.350548
1 10 -0.361746 -0.350548
2 10 -0.399071 -0.350548
0 11 -0.637949 -0.343083
1 11 -0.675274 -0.343083
2 11 -0.712599 -0.343083
