42
0 0 0.586458 -0.35
1 0 0.535417 -0.347917
2 0 0.482292 -0.346875
0 1 0.440625 -0.326042
1 1 0.386458 -0.322917
2 1 0.334375 -0.322917
0 2 0.13125 -0.326042
1 2 0.0791667 -0.325
2 2 0.0270833 -0.322917
0 3 0.871875 -0.307292
1 3 0.963542 -0.30625
2 3 0.771875 -0.303125
0 4 -0.460417 -0.351042
1 4 -0.514583 -0.348958
2 4 -0.566667 -0.347917
0 5 -0.263542 -0.308333
1 5 -0.315625 -0.30625
2 5 -0.366667 -0.305208
0 6 -0.0594999 -0.3565
1 6 -0.11 -0.355
2 6 -0.369792 -0.345833
0 7 0.427083 -0.325
1 7 0.373958 -0.322917
2 7 0.321875 -0.322917
0 8 -0.407292 -0.308333
1 8 -0.498958 -0.30625
2 8 -0.551042 -0.305208
0 9 0.588542 -0.348958
1 9 0.535 -0.3475
2 9 0.777083 -0.345833
0 10 0.427083 -0.325
1 10 0.373958 -0.322917
2 10 -0.107292 -0.329167
0 11 0.5875 -0.3025
1 11 0.535 -0.30125
2 11 0.4825 -0.3
0 12 -0.4475 -0.3075
1 12 -0.5 -0.30625
2 12 -0.55125 -0.305
0 13 0.87625 -0.35
1 13 0.535 -0.3475
2 13 0.77625 -0.34625
0 14 -0.00374997 -0.30875
1 14 -0.0562499 -0.3075
2 14 -0.1075 -0.30625
0 15 -0.42125 -0.355
1 15 -0.47625 -0.35375
2 15 -0.5275 -0.3525
0 16 0.4275 -0.325
1 16 -0.0562499 -0.33125
2 16 0.3225 -0.3225
0 17 -0.0594999 -0.3565
1 17 -0.3175 -0.34625
2 17 -0.37 -0.345
0 18 -0.0594999 -0.3565
1 18 -0.3175 -0.34625
2 18 -0.51625 -0.345
0 19 0.57875 -0.35
1 19 0.525 -0.3475
2 19 0.4725 -0.34625
0 20 -0.0594999 -0.3565
1 20 -0.11 -0.355
2 20 -0.163 -0.3535
0 21 0.575 -0.3235
1 21 0.5225 -0.322
2 21 0.47 -0.3205
0 22 0.14 -0.3265
1 22 0.0875 -0.325
2 22 0.0365 -0.3235
0 23 0.434 -0.307
1 23 0.3815 -0.304
2 23 0.329 -0.304
0 24 0.2906 -0.307
1 24 0.2384 -0.3052
2 24 0.1862 -0.3052
0 25 -0.0594999 -0.3565
1 25 -0.1126 -0.3538
2 25 -0.1648 -0.352
0 26 0.7352 -0.343
1 26 0.6848 -0.3412
2 26 0.6326 -0.3394
0 27 -0.2764 -0.3538
1 27 -0.3304 -0.352
2 27 -0.3826 -0.3502
0 28 -0.0625599 -0.30448
1 28 -0.1144 -0.30232
2 28 -0.16624 -0.30232
0 29 -0.4168 -0.30664
1 29 -0.46864 -0.30448
2 29 -0.52048 -0.30448
0 30 -0.0642878 -0.354592
1 30 -0.116128 -0.352
2 30 -0.167968 -0.352
0 31 -0.0616958 -0.297568
1 31 -0.113536 -0.294976
2 31 -0.165376 -0.294976
0 32 -0.0731005 -0.312601
1 32 -0.125977 -0.309491
2 32 -0.175744 -0.309491
0 33 -0.203737 -0.297049
1 33 -0.256614 -0.293939
2 33 -0.309491 -0.293939
0 34 -0.0793214 -0.362368
1 34 -0.132198 -0.359257
2 34 -0.181965 -0.359257
0 35 -0.0699902 -0.306381
1 35 -0.119757 -0.30327
2 35 -0.172633 -0.30327
0 36 -0.446349 -0.353037
1 36 -0.499225 -0.349926
2 36 -0.552102 -0.349926
0 37 -0.0706122 -0.354281
1 37 -0.122867 -0.350548
2 37 -0.175122 -0.350548
0 38 -0.260969 -0.354281
1 38 -0.313223 -0.350548
2 38 -0.365478 -0.350548
0 39 -0.0780772 -0.365478
1 39 -0.130332 -0.361746
2 39 -0.182587 -0.361746
0 40 -0.0668797 -0.309491
1 40 -0.119134 -0.309491
2 40 -0.171389 -0.305759
0 41 0.138407 -0.354281
1 41 0.0824195 -0.354281
2 41 0.0338973 -0.350548
