33
0 0 0.940625 -0.376042
1 0 0.884375 -0.375
2 0 0.834375 -0.375
0 1 0.376042 -0.351042
1 1 0.315 -0.35
2 1 0.265625 -0.351042
0 2 0.395833 -0.303125
1 2 0.3375 -0.304167
2 2 0.286458 -0.304167
0 3 -0.222917 -0.322917
1 3 -0.28125 -0.322917
2 3 0.715625 -0.33125
0 4 0.845 -0.375
1 4 0.7875 -0.375
2 4 0.73875 -0.375
0 5 -0.21 -0.32375
1 5 -0.26875 -0.32375
2 5 -0.32 -0.32375
0 6 -0.6575 -0.34625
1 6 -0.71625 -0.34625
2 6 -0.7675 -0.34625
0 7 -0.67 -0.3275
1 7 -0.72875 -0.32875
2 7 -0.77875 -0.3275
0 8 -0.0639999 -0.3235
1 8 -0.121 -0.3235
2 8 -0.172 -0.3235
0 9 -0.5095 -0.322
1 9 -0.5695 -0.322
2 9 -0.6205 -0.322
0 10 -0.0639999 -0.3025
1 10 -0.1225 -0.3025
2 10 -0.1735 -0.3025
0 11 -0.0747999 -0.3484
1 11 -0.1342 -0.3484
2 11 -0.1846 -0.3484
0 12 -0.2134 -0.3052
1 12 -0.2728 -0.3052
2 12 -0.3232 -0.3052
0 13 0.9368 -0.3736
1 13 0.881 -0.3736
2 13 0.8324 -0.3736
0 14 -0.7084 -0.361
1 14 -0.766 -0.361
2 14 -0.8164 -0.361
0 15 -0.66952 -0.32824
1 15 -0.72784 -0.32824
2 15 -0.77752 -0.32824
0 16 -0.65872 -0.30232
1 16 -0.71704 -0.30232
2 16 -0.76672 -0.30232
0 17 -0.733024 -0.357184
1 17 -0.79264 -0.357184
2 17 -0.841888 -0.357184
0 18 -0.517888 -0.32608
1 18 -0.577504 -0.32608
2 18 -0.629344 -0.32608
0 19 0.635552 -0.302752
1 19 0.578528 -0.302752
2 19 0.526688 -0.302752
0 20 0.21824 -0.352
1 20 0.161216 -0.352
2 20 0.109376 -0.352
0 21 -0.670816 -0.328672
1 21 -0.72784 -0.328672
2 21 -0.77968 -0.328672
0 22 -0.707622 -0.356147
1 22 -0.76672 -0.356147
2 22 -0.816486 -0.356147
0 23 0.645402 -0.353037
1 23 0.586304 -0.353037
2 23 0.536538 -0.353037
0 24 -0.713843 -0.290829
1 24 -0.76983 -0.290829
2 24 -0.819597 -0.290829
0 25 -0.0668798 -0.30327
1 25 -0.125977 -0.30327
2 25 -0.175744 -0.30327
0 26 0.649757 -0.365478
1 26 0.590037 -0.365478
2 26 0.537782 -0.365478
0 27 -0.734994 -0.358013
1 27 -0.790981 -0.358013
2 27 -0.843236 -0.358013
0 28 0.698279 -0.302026
1 28 0.642292 -0.302026
2 28 0.590037 -0.302026
0 29 -0.372943 -0.305759
1 29 -0.432663 -0.305759
2 29 -0.484918 -0.305759
0 30 0.851311 -0.372943
1 30 0.791591 -0.372943
2 30 0.743069 -0.372943
0 31 0.642292 -0.298294
1 31 0.582572 -0.298294
2 31 0.53405 -0.298294
0 32 -0.705134 -0.302026
1 32 -0.764854 -0.302026
2 32 -0.813376 -0.302026
