28
0 0 -0.466667 -0.304167
1 0 -0.525 -0.305208
2 0 -0.585417 -0.305208
0 1 0.116667 -0.308333
1 1 0.0604167 -0.308333
2 1 0 -0.309375
0 2 0.721875 -0.35
1 2 0.664583 -0.351042
2 2 0.604167 -0.351042
0 3 -0.0249999 -0.325
1 3 -0.0824999 -0.32625
2 3 -0.1425 -0.32625
0 4 -0.30375 -0.30625
1 4 -0.3625 -0.3075
2 4 -0.4225 -0.3075
0 5 0.6065 -0.3745
1 5 0.5465 -0.376
2 5 0.488 -0.376
0 6 -0.304 -0.3235
1 6 -0.364 -0.3235
2 6 -0.424 -0.325
0 7 0.1268 -0.307
1 7 0.0692001 -0.307
2 7 0.00980008 -0.3088
0 8 0.7316 -0.3502
1 8 0.674 -0.352
2 8 0.6146 -0.352
0 9 0.1214 -0.3106
1 9 0.0638001 -0.3124
2 9 0.00440013 -0.3124
0 10 0.6092 -0.3736
1 10 0.5498 -0.3754
2 10 0.4886 -0.3754
0 11 0.404 -0.35416
1 11 0.34568 -0.35632
2 11 0.2852 -0.35632
0 12 0.70208 -0.3736
1 12 0.64376 -0.3736
2 12 0.58328 -0.3736
0 13 0.72368 -0.352
1 13 0.666656 -0.352
2 13 0.60704 -0.352
0 14 0.122336 -0.344224
1 14 0.0653123 -0.346816
2 14 0.00569623 -0.346816
0 15 -0.0228158 -0.352
1 15 -0.0798398 -0.352
2 15 -0.139456 -0.352
0 16 0.394496 -0.294976
1 16 0.33488 -0.294976
2 16 0.275264 -0.294976
0 17 0.132186 -0.349926
1 17 0.0730883 -0.353037
2 17 0.0139907 -0.353037
0 18 0.701389 -0.371699
1 18 0.642292 -0.374809
2 18 0.583194 -0.374809
0 19 0.39657 -0.306381
1 19 0.337472 -0.306381
2 19 0.278375 -0.306381
0 20 -0.617421 -0.30327
1 20 -0.673408 -0.30327
2 20 -0.732506 -0.30327
0 21 0.575107 -0.335618
1 21 0.515387 -0.335618
2 21 0.455668 -0.335618
0 22 0.392215 -0.298294
1 22 0.336228 -0.298294
2 22 0.276509 -0.298294
0 23 0.407145 -0.365478
1 23 0.347426 -0.365478
2 23 0.287706 -0.365478
0 24 0.728139 -0.354281
1 24 0.672152 -0.354281
2 24 0.612432 -0.354281
0 25 0.39968 -0.298294
1 25 0.343693 -0.298294
2 25 0.283973 -0.298294
0 26 -0.02209 -0.354281
1 26 -0.0818097 -0.354281
2 26 -0.141529 -0.354281
0 27 -0.02209 -0.343083
1 27 -0.0780772 -0.343083
2 27 -0.137797 -0.343083
