25
0 0 -0.401042 -0.34375
1 0 -0.44125 -0.34375
2 0 -0.486458 -0.344792
0 1 0.930208 -0.295833
1 1 0.891667 -0.294792
2 1 0.85 -0.295
0 2 0.1225 -0.2875
1 2 0.0815 -0.289
2 2 0.0362501 -0.28875
0 3 0.0475 -0.34625
1 3 0.00750001 -0.34625
2 3 -0.0387499 -0.34625
0 4 0.191 -0.325
1 4 0.1505 -0.325
2 4 0.104 -0.325
0 5 0.191 -0.3085
1 5 0.152 -0.31
2 5 0.1055 -0.31
0 6 0.9305 -0.2965
1 6 0.893 -0.295
2 6 0.8495 -0.295
0 7 -0.5536 -0.3232
1 7 -0.595 -0.325
2 7 -0.64 -0.325
0 8 0.1628 -0.3664
1 8 0.1214 -0.3664
2 8 0.0746001 -0.3664
0 9 0.0476001 -0.3466
1 9 0.00800012 -0.3466
2 9 -0.0387999 -0.3466
0 10 0.1988 -0.3466
1 10 0.1592 -0.3466
2 10 0.1124 -0.3466
0 11 0.78416 -0.34336
1 11 0.74528 -0.34336
2 11 0.69992 -0.34336
0 12 -0.71272 -0.33904
1 12 -0.7516 -0.3412
2 12 -0.7948 -0.3412
0 13 0.0756803 -0.372736
1 13 0.0368003 -0.372736
2 13 -0.00985578 -0.372736
0 14 0.171584 -0.372736
1 14 0.130112 -0.372736
2 14 0.0834563 -0.372736
0 15 0.0886402 -0.36496
1 15 0.0471682 -0.36496
2 15 0.00051225 -0.36496
0 16 0.0761987 -0.371699
1 16 0.0357635 -0.371699
2 16 -0.0108926 -0.371699
0 17 0.169511 -0.371699
1 17 0.129075 -0.371699
2 17 0.0824195 -0.371699
0 18 0.0482051 -0.340595
1 18 0.0077699 -0.340595
2 18 -0.0388861 -0.340595
0 19 -0.132198 -0.30327
1 19 -0.172633 -0.30327
2 19 -0.219289 -0.30327
0 20 -0.0731005 -0.297049
1 20 -0.113536 -0.297049
2 20 -0.160192 -0.297049
0 21 0.122855 -0.306381
1 21 0.0824195 -0.306381
2 21 0.0357635 -0.306381
0 22 0.0488272 -0.324421
1 22 0.0077699 -0.324421
2 22 -0.0370199 -0.324421
0 23 -0.399071 -0.350548
1 23 -0.440128 -0.350548
2 23 -0.484918 -0.350548
0 24 0.194394 -0.316956
1 24 0.153337 -0.316956
2 24 0.108547 -0.316956
