29
0 0 0.535417 -0.305208
1 0 0.482292 -0.304167
2 0 0.432292 -0.303125
0 1 0.373958 -0.322917
1 1 0.321875 -0.322917
2 1 -0.15625 -0.328125
0 2 0.0885417 -0.346875
1 2 0.0375 -0.345833
2 2 -0.0114583 -0.344792
0 3 -0.498958 -0.30625
1 3 -0.551042 -0.305208
2 3 -0.601042 -0.304167
0 4 -0.109375 -0.355208
1 4 -0.161458 -0.354167
2 4 -0.2125 -0.3525
0 5 0.24 -0.3025
1 5 0.18875 -0.30125
2 5 0.13875 -0.30125
0 6 -0.111458 -0.354167
1 6 -0.165 -0.3525
2 6 -0.215 -0.35125
0 7 -0.4975 -0.35375
1 7 -0.55 -0.3525
2 7 0.875 -0.35
0 8 -0.325 -0.30625
1 8 -0.5225 -0.305
2 8 -0.5725 -0.30375
0 9 -0.46 -0.30625
1 9 -0.5125 -0.305
2 9 -0.5625 -0.30375
0 10 -0.11 -0.355
1 10 -0.51625 -0.345
2 10 -0.42 -0.34375
0 11 -0.1045 -0.3085
1 11 -0.1555 -0.3085
2 11 -0.205 -0.307
0 12 -0.4762 -0.352
1 12 -0.5284 -0.3502
2 12 -0.5788 -0.3502
0 13 0.6848 -0.3412
1 13 0.6326 -0.3394
2 13 0.5822 -0.3394
0 14 -0.1144 -0.30232
1 14 -0.16624 -0.30232
2 14 -0.21592 -0.30016
0 15 0.6848 -0.3412
1 15 0.63296 -0.33904
2 15 0.58328 -0.33904
0 16 -0.13168 -0.359776
1 16 -0.18352 -0.359776
2 16 -0.232768 -0.359776
0 17 0.6848 -0.341632
1 17 0.63296 -0.341632
2 17 0.583712 -0.33904
0 18 -0.10576 -0.359776
1 18 -0.1576 -0.357184
2 18 -0.206848 -0.357184
0 19 0.238976 -0.305344
1 19 0.187136 -0.302752
2 19 0.137888 -0.302752
0 20 -0.107315 -0.359257
1 20 -0.157081 -0.359257
2 20 -0.206848 -0.356147
0 21 -0.312601 -0.349926
1 21 -0.365478 -0.349926
2 21 -0.415245 -0.346816
0 22 -0.542771 -0.237952
1 22 -0.592537 -0.234841
2 22 -0.642304 -0.234841
0 23 -0.499225 -0.349926
1 23 -0.552102 -0.349926
2 23 -0.601869 -0.349926
0 24 -0.0637693 -0.353037
1 24 -0.116646 -0.349926
2 24 -0.166413 -0.349926
0 25 -0.130332 -0.361746
1 25 -0.182587 -0.361746
2 25 -0.231109 -0.361746
0 26 0.0824195 -0.316956
1 26 0.0301648 -0.316956
2 26 -0.0183575 -0.316956
0 27 -0.119134 -0.309491
1 27 -0.171389 -0.305759
2 27 -0.219911 -0.305759
0 28 -0.260969 -0.309491
1 28 -0.313223 -0.305759
2 28 -0.361746 -0.305759
