20
0 0 0.296875 -0.332292
1 0 0.230208 -0.332292
2 0 0.173958 -0.332292
0 1 -0.301042 -0.348958
1 1 -0.36875 -0.347917
2 1 -0.426042 -0.347917
0 2 -0.59375 -0.321875
1 2 -0.660417 -0.321875
2 2 -0.717708 -0.321875
0 3 -0.15625 -0.3075
1 3 -0.36875 -0.30625
2 3 -0.27875 -0.30625
0 4 -0.3085 -0.3265
1 4 -0.376 -0.325
2 4 -0.433 -0.325
0 5 0.2888 -0.352
1 5 0.2204 -0.3502
2 5 0.1646 -0.3502
0 6 0.28952 -0.352
1 6 0.22256 -0.352
2 6 0.1664 -0.352
0 7 0.36296 -0.29368
1 7 0.296 -0.29368
2 7 0.23984 -0.29152
0 8 0.57464 -0.30664
1 8 0.50768 -0.30664
2 8 0.45152 -0.30664
0 9 0.87272 -0.35416
1 9 0.80792 -0.352
2 9 0.75392 -0.352
0 10 0.435968 -0.352
1 10 0.368576 -0.352
2 10 0.311552 -0.352
0 11 -0.153971 -0.349926
1 11 -0.2224 -0.349926
2 11 -0.278387 -0.349926
0 12 -0.449459 -0.343705
1 12 -0.517888 -0.340595
2 12 -0.573875 -0.340595
0 13 0.437005 -0.328153
1 13 0.368576 -0.328153
2 13 0.312589 -0.328153
0 14 -0.169523 -0.353037
1 14 -0.234841 -0.349926
2 14 -0.293939 -0.349926
0 15 0.116012 -0.298294
1 15 0.0488272 -0.298294
2 15 -0.00716 -0.298294
0 16 -0.596892 -0.305759
1 16 -0.664077 -0.305759
2 16 -0.720064 -0.305759
0 17 -0.466255 -0.343083
1 17 -0.53344 -0.343083
2 17 -0.589427 -0.343083
0 18 0.108547 -0.365478
1 18 0.0413623 -0.365478
2 18 -0.014625 -0.365478
0 19 0.287706 -0.309491
1 19 0.220521 -0.309491
2 19 0.164534 -0.309491
