46
0 0 0.335417 -0.303125
1 0 0.282292 -0.304167
2 0 0.230208 -0.304167
0 1 -0.31 -0.35125
1 1 -0.365 -0.35125
2 1 -0.414583 -0.352083
0 2 -0.116667 -0.322917
1 2 -0.169792 -0.322917
2 2 -0.220833 -0.322917
0 3 0.61875 -0.34375
1 3 0.566667 -0.344792
2 3 0.513542 -0.344792
0 4 0.325 -0.345833
1 4 0.122917 -0.346875
2 4 0.0708333 -0.346875
0 5 -0.1075 -0.32625
1 5 -0.16 -0.32625
2 5 -0.2125 -0.32625
0 6 -0.6625 -0.34375
1 6 -0.569792 -0.34375
2 6 -0.7675 -0.34375
0 7 -0.1075 -0.3225
1 7 -0.16125 -0.3225
2 7 -0.2125 -0.3225
0 8 -0.26625 -0.3275
1 8 -0.32 -0.3275
2 8 -0.37125 -0.3275
0 9 -0.6975 -0.3025
1 9 -0.75 -0.30375
2 9 -0.8 -0.30375
0 10 -0.675 -0.34875
1 10 -0.7275 -0.34875
2 10 -0.77875 -0.34875
0 11 -0.2665 -0.328
1 11 -0.319 -0.328
2 11 -0.3715 -0.328
0 12 -0.1165 -0.3265
1 12 -0.1705 -0.3265
2 12 -0.2215 -0.3265
0 13 -0.3295 -0.361
1 13 -0.3835 -0.361
2 13 -0.436 -0.361
0 14 0.0665 -0.3025
1 14 0.0125001 -0.3025
2 14 -0.0385 -0.3025
0 15 -0.331 -0.355
1 15 -0.3865 -0.355
2 15 -0.4375 -0.355
0 16 -0.70125 -0.34375
1 16 -0.364 -0.3505
2 16 -0.4165 -0.3505
0 17 -0.3034 -0.361
1 17 -0.3574 -0.361
2 17 -0.4096 -0.361
0 18 -0.523 -0.3034
1 18 -0.577 -0.3034
2 18 -0.6274 -0.3034
0 19 -0.30448 -0.36064
1 19 -0.35848 -0.36064
2 19 -0.41032 -0.36064
0 20 -0.10792 -0.34768
1 20 -0.16192 -0.34768
2 20 -0.21376 -0.34768
0 21 -0.3304 -0.35848
1 21 -0.3844 -0.35848
2 21 -0.43624 -0.35848
0 22 0.1772 -0.3196
1 22 0.1232 -0.3196
2 22 0.0713601 -0.3196
0 23 -0.3196 -0.30016
1 23 -0.3736 -0.30016
2 23 -0.42544 -0.30016
0 24 -0.302752 -0.357184
1 24 -0.357184 -0.357184
2 24 -0.409024 -0.357184
0 25 -0.328672 -0.357184
1 25 -0.383104 -0.357184
2 25 -0.434944 -0.357184
0 26 -0.26128 -0.349408
1 26 -0.315712 -0.349408
2 26 -0.367552 -0.349408
0 27 -0.699328 -0.302752
1 27 -0.751168 -0.302752
2 27 -0.803008 -0.302752
0 28 0.33488 -0.302752
1 28 0.280448 -0.302752
2 28 0.228608 -0.302752
0 29 -0.113536 -0.325043
1 29 -0.166413 -0.325043
2 29 -0.219289 -0.325043
0 30 -0.328153 -0.359257
1 30 -0.384141 -0.359257
2 30 -0.433907 -0.359257
0 31 -0.465011 -0.349926
1 31 -0.517888 -0.349926
2 31 -0.570765 -0.349926
0 32 -0.698291 -0.349926
1 32 -0.751168 -0.349926
2 32 -0.800934 -0.349926
0 33 0.779149 -0.346816
1 33 0.726272 -0.346816
2 33 0.673396 -0.346816
0 34 0.766708 -0.340595
1 34 0.713831 -0.340595
2 34 0.660954 -0.340595
0 35 -0.734994 -0.231109
1 35 -0.787249 -0.231109
2 35 -0.835771 -0.231109
0 36 -0.320688 -0.350548
1 36 -0.372943 -0.350548
2 36 -0.425198 -0.350548
0 37 -0.328153 -0.358013
1 37 -0.384141 -0.358013
2 37 -0.436395 -0.358013
0 38 -0.260969 -0.331886
1 38 -0.316956 -0.331886
2 38 -0.369211 -0.331886
0 39 0.776661 -0.346816
1 39 0.724406 -0.346816
2 39 0.672152 -0.346816
0 40 -0.305759 -0.358013
1 40 -0.358013 -0.358013
2 40 -0.410268 -0.358013
0 41 0.0264323 -0.305759
1 41 -0.0258224 -0.305759
2 41 -0.0780772 -0.305759
0 42 -0.455058 -0.294561
1 42 -0.507312 -0.294561
2 42 -0.559567 -0.294561
0 43 -0.514777 -0.350548
1 43 -0.567032 -0.350548
2 43 -0.619287 -0.350548
0 44 -0.660344 -0.350548
1 44 -0.712599 -0.350548
2 44 -0.764854 -0.350548
0 45 0.0413623 -0.305759
1 45 -0.0108925 -0.305759
2 45 -0.0631472 -0.305759
