26
0 0 0.71875 -0.317708
1 0 0.665625 -0.316667
2 0 0.598958 -0.315625
0 1 0.4875 -0.327083
1 1 0.433333 -0.327083
2 1 0.366667 -0.326042
0 2 0.696875 -0.317708
1 2 0.66875 -0.342708
2 2 0.602083 -0.341667
0 3 -0.542708 -0.347917
1 3 0.298958 -0.351042
2 3 -0.665625 -0.346875
0 4 -0.545 -0.34875
1 4 -0.59875 -0.34875
2 4 -0.6675 -0.3475
0 5 0.35 -0.352
1 5 0.2975 -0.352
2 5 0.23 -0.3505
0 6 -0.2545 -0.3265
1 6 -0.3085 -0.3265
2 6 -0.376 -0.325
0 7 0.7775 -0.3535
1 7 0.7235 -0.352
2 7 0.659 -0.352
0 8 0.7784 -0.3538
1 8 0.2942 -0.307
2 8 0.2276 -0.307
0 9 -0.0981999 -0.352
1 9 -0.1522 -0.352
2 9 -0.2206 -0.3502
0 10 0.7784 -0.3538
1 10 0.7244 -0.352
2 10 0.6596 -0.352
0 11 0.4166 -0.2926
1 11 0.36296 -0.29368
2 11 0.296 -0.29368
0 12 0.17072 -0.30448
1 12 0.11672 -0.30448
2 12 0.0497601 -0.30448
0 13 0.77984 -0.35416
1 13 0.72584 -0.352
2 13 0.66104 -0.352
0 14 0.34352 -0.352
1 14 0.28952 -0.352
2 14 0.22256 -0.352
0 15 0.62864 -0.3088
1 15 0.57464 -0.30664
2 15 0.50768 -0.30664
0 16 0.161216 -0.305344
1 16 0.109376 -0.305344
2 16 0.0419842 -0.305344
0 17 0.350432 -0.352
1 17 0.296 -0.352
2 17 0.228608 -0.352
0 18 0.16018 -0.297049
1 18 0.107303 -0.297049
2 18 0.0419843 -0.297049
0 19 -0.256614 -0.353037
1 19 -0.309491 -0.349926
2 19 -0.37792 -0.349926
0 20 0.387239 -0.365478
1 20 0.334362 -0.365478
2 20 0.265933 -0.365478
0 21 -0.68896 -0.325043
1 21 -0.744947 -0.321933
2 21 -0.810266 -0.321933
0 22 0.452557 -0.365478
1 22 0.39968 -0.365478
2 22 0.331252 -0.365478
0 23 -0.414 -0.346816
1 23 -0.466255 -0.343083
2 23 -0.53344 -0.343083
0 24 0.164534 -0.309491
1 24 0.112279 -0.309491
2 24 0.0450947 -0.309491
0 25 -0.115402 -0.354281
1 25 -0.167657 -0.354281
2 25 -0.234841 -0.354281
