20
0 0 -0.536458 -0.328125
1 0 -0.167708 -0.322917
2 0 -0.075 -0.322917
0 1 -0.0916667 -0.325
1 1 -0.15625 -0.322917
2 1 -0.209375 -0.323958
0 2 -0.403125 -0.346875
1 2 -0.0208333 -0.348958
2 2 -0.222917 -0.347917
0 3 -0.39875 -0.32375
1 3 -0.46375 -0.3225
2 3 -0.51875 -0.3225
0 4 -0.39 -0.3275
1 4 -0.45625 -0.32625
2 4 -0.51 -0.32625
0 5 0.935 -0.30625
1 5 0.87375 -0.30625
2 5 0.82125 -0.3075
0 6 -0.2386 -0.3052
1 6 -0.3034 -0.3034
2 6 -0.3574 -0.3034
0 7 -0.5896 -0.36064
1 7 -0.6544 -0.36064
2 7 -0.7084 -0.36064
0 8 -0.0992798 -0.30448
1 8 -0.16192 -0.30448
2 8 -0.21592 -0.30448
0 9 -0.60472 -0.29584
1 9 -0.66952 -0.29584
2 9 -0.72352 -0.29584
0 10 -0.613792 -0.359776
1 10 -0.681184 -0.357184
2 10 -0.733024 -0.357184
0 11 0.0393922 -0.305344
1 11 -0.0254078 -0.305344
2 11 -0.0772478 -0.305344
0 12 -0.5464 -0.349408
1 12 -0.6112 -0.349408
2 12 -0.665632 -0.349408
0 13 0.754266 -0.30327
1 13 0.688948 -0.30327
2 13 0.636071 -0.30327
0 14 -0.738726 -0.293939
1 14 -0.800934 -0.293939
2 14 -0.853811 -0.293939
0 15 -0.253504 -0.30327
1 15 -0.318822 -0.30327
2 15 -0.374809 -0.30327
0 16 -0.589427 -0.358013
1 16 -0.656612 -0.358013
2 16 -0.708866 -0.358013
0 17 -0.604357 -0.350548
1 17 -0.671542 -0.350548
2 17 -0.723796 -0.350548
0 18 -0.742459 -0.305759
1 18 -0.805911 -0.305759
2 18 -0.858166 -0.305759
0 19 -0.600625 -0.305759
1 19 -0.667809 -0.305759
2 19 -0.720064 -0.305759
