39
0 0 -0.0677083 -0.322917
1 0 -0.116667 -0.322917
2 0 -0.169792 -0.322917
0 1 -0.216667 -0.327083
1 1 -0.266667 -0.327083
2 1 -0.319792 -0.327083
0 2 -0.609375 -0.303125
1 2 -0.659375 -0.303125
2 2 -0.711458 -0.303125
0 3 0.225 -0.31875
1 3 -0.25375 -0.33125
2 3 0.1225 -0.31875
0 4 -0.05875 -0.3225
1 4 -0.1075 -0.3225
2 4 -0.16125 -0.3225
0 5 -0.05875 -0.32625
1 5 -0.1075 -0.32625
2 5 -0.16 -0.32625
0 6 -0.665 -0.34875
1 6 -0.7125 -0.34875
2 6 -0.76625 -0.34875
0 7 -0.21625 -0.3275
1 7 -0.266667 -0.327083
2 7 -0.32 -0.3275
0 8 -0.664 -0.349
1 8 -0.7135 -0.349
2 8 -0.766 -0.349
0 9 -0.625 -0.349
1 9 -0.6745 -0.349
2 9 -0.727 -0.349
0 10 -0.4795 -0.349
1 10 -0.529 -0.349
2 10 -0.583 -0.349
0 11 0.8285 -0.346
1 11 0.779 -0.346
2 11 0.7265 -0.346
0 12 0.386 -0.301
1 12 0.335 -0.301
2 12 0.281 -0.301
0 13 0.227 -0.325
1 13 0.1775 -0.325
2 13 0.1235 -0.325
0 14 -0.2605 -0.352
1 14 -0.3124 -0.3502
2 14 -0.3646 -0.3502
0 15 0.4094 -0.3016
1 15 0.359 -0.3016
2 15 0.305 -0.3016
0 16 -0.28072 -0.35848
1 16 -0.3304 -0.35848
2 16 -0.3844 -0.35848
0 17 -0.0647199 -0.3196
1 17 -0.11224 -0.3196
2 17 -0.16624 -0.3196
0 18 -0.647488 -0.349408
1 18 -0.696736 -0.349408
2 18 -0.748576 -0.349408
0 19 -0.279424 -0.357184
1 19 -0.328672 -0.357184
2 19 -0.383104 -0.357184
0 20 -0.471232 -0.302752
1 20 -0.52048 -0.302752
2 20 -0.574912 -0.302752
0 21 -0.26128 -0.292384
1 21 -0.310528 -0.292384
2 21 -0.36496 -0.292384
0 22 -0.65008 -0.302752
1 22 -0.699328 -0.302752
2 22 -0.751168 -0.302752
0 23 -0.655264 -0.302752
1 23 -0.704512 -0.302752
2 23 -0.756352 -0.302752
0 24 -0.415245 -0.349926
1 24 -0.465011 -0.349926
2 24 -0.517888 -0.349926
0 25 -0.262835 -0.293939
1 25 -0.312601 -0.293939
2 25 -0.365478 -0.293939
0 26 -0.0637693 -0.331264
1 26 -0.113536 -0.331264
2 26 -0.166413 -0.331264
0 27 -0.648525 -0.349926
1 27 -0.698291 -0.349926
2 27 -0.751168 -0.349926
0 28 -0.281497 -0.359257
1 28 -0.328153 -0.359257
2 28 -0.384141 -0.359257
0 29 -0.0637693 -0.325043
1 29 -0.113536 -0.325043
2 29 -0.166413 -0.325043
0 30 0.228608 -0.328153
1 30 0.178842 -0.328153
2 30 0.125965 -0.328153
0 31 -0.0637693 -0.349926
1 31 -0.113536 -0.349926
2 31 -0.166413 -0.349926
0 32 -0.206848 -0.30327
1 32 -0.256614 -0.30327
2 32 -0.309491 -0.30327
0 33 -0.608089 -0.350548
1 33 -0.660344 -0.350548
2 33 -0.712599 -0.350548
0 34 -0.279631 -0.358013
1 34 -0.328153 -0.358013
2 34 -0.384141 -0.358013
0 35 -0.212446 -0.331886
1 35 -0.260969 -0.331886
2 35 -0.316956 -0.331886
0 36 -0.417733 -0.361746
1 36 -0.466255 -0.361746
2 36 -0.522242 -0.361746
0 37 -0.462523 -0.350548
1 37 -0.514777 -0.350548
2 37 -0.567032 -0.350548
0 38 -0.268434 -0.350548
1 38 -0.320688 -0.350548
2 38 -0.372943 -0.350548
