17
0 0 -0.469792 -0.328125
1 0 -0.536458 -0.328125
2 0 -0.603125 -0.328125
0 1 -0.332292 -0.322917
1 1 -0.390625 -0.327083
2 1 -0.45625 -0.326042
0 2 -0.469792 -0.328125
1 2 -0.536458 -0.328125
2 2 -0.601042 -0.327083
0 3 -0.909375 -0.305208
1 3 -0.5925 -0.29625
2 3 -0.859375 -0.304167
0 4 0.10875 -0.32
1 4 0.0437501 -0.32
2 4 -0.0199999 -0.32
0 5 -0.48375 -0.32875
1 5 0.92625 -0.33125
2 5 -0.61625 -0.3275
0 6 -0.472 -0.3475
1 6 -0.541 -0.349
2 6 -0.6055 -0.3475
0 7 -0.4834 -0.3286
1 7 -0.55 -0.3286
2 7 -0.6148 -0.3286
0 8 0.5606 -0.3484
1 8 0.4922 -0.3484
2 8 0.4274 -0.3502
0 9 -0.53655 -0.349926
1 9 -0.601869 -0.349926
2 9 -0.667187 -0.349926
0 10 -0.673408 -0.293939
1 10 -0.738726 -0.293939
2 10 -0.800934 -0.293939
0 11 -0.548992 -0.359257
1 11 -0.61431 -0.359257
2 11 -0.679629 -0.359257
0 12 -0.53655 -0.30327
1 12 -0.601869 -0.30327
2 12 -0.667187 -0.30327
0 13 -0.54837 -0.361746
1 13 -0.615554 -0.361746
2 13 -0.679007 -0.358013
0 14 -0.537172 -0.350548
1 14 -0.604357 -0.350548
2 14 -0.671542 -0.350548
0 15 -0.675274 -0.305759
1 15 -0.742459 -0.305759
2 15 -0.805911 -0.305759
0 16 0.560177 -0.350548
1 16 0.492992 -0.350548
2 16 0.425808 -0.350548
