22
0 0 -0.551042 -0.344792
1 0 -0.588542 -0.344792
2 0 -0.623958 -0.345833
0 1 0.471875 -0.307292
1 1 0.435417 -0.307292
2 1 0.398958 -0.308333
0 2 0.185 -0.31
1 2 0.15 -0.309375
2 2 0.11375 -0.31125
0 3 -0.55125 -0.345
1 3 -0.5875 -0.345
2 3 -0.62375 -0.34625
0 4 0.023 -0.373
1 4 -0.013 -0.373
2 4 -0.049 -0.3745
0 5 -0.7015 -0.325
1 5 -0.7375 -0.325
2 5 -0.7735 -0.3265
0 6 0.8585 -0.3565
1 6 0.8225 -0.355
2 6 0.788 -0.3565
0 7 -0.553 -0.3445
1 7 -0.589 -0.3445
2 7 -0.625 -0.346
0 8 0.8 -0.325
1 8 0.7655 -0.325
2 8 0.7295 -0.325
0 9 0.0494001 -0.3232
1 9 0.0134001 -0.3232
2 9 -0.0225999 -0.3232
0 10 0.0134001 -0.3664
1 10 -0.0225999 -0.3664
2 10 -0.0585999 -0.3682
0 11 -0.2224 -0.3628
1 11 -0.2602 -0.3628
2 11 -0.2962 -0.3628
0 12 0.92024 -0.352
1 12 0.88568 -0.352
2 12 0.85112 -0.352
0 13 -0.282016 -0.354592
1 13 -0.318304 -0.354592
2 13 -0.354592 -0.354592
0 14 -0.0720638 -0.372736
1 14 -0.108352 -0.372736
2 14 -0.14464 -0.372736
0 15 0.798848 -0.359776
1 15 0.765152 -0.359776
2 15 0.728864 -0.359776
0 16 -0.0258399 -0.28936
1 16 -0.0616958 -0.289792
2 16 -0.0979838 -0.292384
0 17 -0.0264446 -0.306381
1 17 -0.060659 -0.306381
2 17 -0.0979837 -0.306381
0 18 0.797812 -0.359257
1 18 0.763597 -0.359257
2 18 0.729383 -0.359257
0 19 -0.060659 -0.365478
1 19 -0.0948734 -0.365478
2 19 -0.132198 -0.365478
0 20 0.810253 -0.318822
1 20 0.776039 -0.318822
2 20 0.741824 -0.318822
0 21 -0.0967396 -0.343083
1 21 -0.134064 -0.343083
2 21 -0.171389 -0.343083
