18
0 0 0.8135 -0.3505
1 0 0.773 -0.3505
2 0 0.7325 -0.3505
0 1 0.692 -0.3736
1 1 0.6506 -0.3736
2 1 0.6092 -0.3736
0 2 0.8126 -0.3502
1 2 0.773 -0.3502
2 2 0.7316 -0.3502
0 3 0.35432 -0.30448
1 3 0.31328 -0.30448
2 3 0.27008 -0.30664
0 4 0.0605602 -0.32608
1 4 0.0195201 -0.32608
2 4 -0.0236799 -0.32608
0 5 0.695168 -0.372736
1 5 0.653696 -0.372736
2 5 0.612224 -0.372736
0 6 0.482624 -0.354592
1 6 0.441152 -0.354592
2 6 0.397088 -0.354592
0 7 0.216167 -0.349926
1 7 0.175732 -0.349926
2 7 0.132186 -0.349926
0 8 0.78226 -0.371699
1 8 0.741824 -0.371699
2 8 0.701389 -0.371699
0 9 0.203725 -0.343705
1 9 0.16329 -0.343705
2 9 0.119744 -0.343705
0 10 0.7045 -0.365478
1 10 0.664064 -0.365478
2 10 0.620519 -0.365478
0 11 0.810253 -0.353037
1 11 0.769818 -0.353037
2 11 0.729383 -0.353037
0 12 -0.514777 -0.30327
1 12 -0.558323 -0.30327
2 12 -0.601869 -0.30327
0 13 0.478063 -0.298294
1 13 0.437005 -0.298294
2 13 0.392215 -0.298294
0 14 0.784126 -0.372943
1 14 0.743069 -0.372943
2 14 0.702011 -0.372943
0 15 0.694546 -0.372943
1 15 0.653489 -0.372943
2 15 0.612432 -0.372943
0 16 -0.53344 -0.305759
1 16 -0.574497 -0.305759
2 16 -0.619287 -0.305759
0 17 0.810253 -0.354281
1 17 0.769196 -0.354281
2 17 0.728139 -0.354281
