13
0 0 0.12375 -0.3675
1 0 -0.486458 -0.344792
2 0 -0.526042 -0.344792
0 1 0.12375 -0.3675
1 1 0.0755 -0.3655
2 1 0.03875 -0.36625
0 2 0.893 -0.295
1 2 0.8495 -0.295
2 2 0.8135 -0.2935
0 3 -0.595 -0.325
1 3 -0.64 -0.325
2 3 -0.6778 -0.325
0 4 0.290816 -0.305344
1 4 0.24416 -0.305344
2 4 0.20528 -0.305344
0 5 0.0368003 -0.372736
1 5 -0.00985578 -0.372736
2 5 -0.0487357 -0.372736
0 6 -0.172633 -0.30327
1 6 -0.219289 -0.30327
2 6 -0.256614 -0.30327
0 7 0.0077699 -0.325043
1 7 -0.0388861 -0.325043
2 7 -0.076211 -0.325043
0 8 -0.166413 -0.30327
1 8 -0.213069 -0.30327
2 8 -0.250393 -0.30327
0 9 0.0824195 -0.306381
1 9 0.0357635 -0.306381
2 9 -0.00156136 -0.306381
0 10 0.153959 -0.30327
1 10 0.107303 -0.30327
2 10 0.0699778 -0.30327
0 11 -0.749924 -0.343083
1 11 -0.794714 -0.343083
2 11 -0.832038 -0.343083
0 12 -0.734994 -0.343083
1 12 -0.779784 -0.343083
2 12 -0.817108 -0.343083
