25
0 0 -0.180208 -0.36875
1 0 -0.18125 -0.365625
2 0 -0.182292 -0.361458
0 1 -0.195833 -0.375
1 1 -0.196875 -0.371875
2 1 -0.197917 -0.367708
0 2 -0.0520833 -0.248958
1 2 -0.053125 -0.245833
2 2 -0.0541667 -0.241667
0 3 0.257292 -0.33125
1 3 0.404167 -0.327083
2 3 0.255208 -0.323958
0 4 -0.2875 -0.2825
1 4 0.15 -0.27875
2 4 0.0762501 -0.275
0 5 0.15125 -0.2825
1 5 0.0775 -0.27875
2 5 -0.28875 -0.275
0 6 0.0237501 -0.37625
1 6 -0.365625 -0.365625
2 6 0.0225 -0.36875
0 7 -0.18 -0.36875
1 7 -0.18125 -0.365
2 7 -0.3275 -0.36125
0 8 -0.21375 -0.2825
1 8 0.0775 -0.27875
2 8 -0.04 -0.4125
0 9 -0.22 -0.376
1 9 -0.22 -0.3715
2 9 -0.2215 -0.3685
0 10 0.023 -0.376
1 10 0.023 -0.373
2 10 0.0215 -0.3685
0 11 -0.358 -0.3355
1 11 -0.358 -0.3325
2 11 -0.3595 -0.328
0 12 0.2096 -0.3484
1 12 0.2096 -0.3448
2 12 0.2078 -0.3412
0 13 -0.3178 -0.3358
1 13 -0.3196 -0.3322
2 13 -0.3196 -0.3286
0 14 0.6758 -0.3466
1 14 0.6758 -0.343
2 14 0.674 -0.3394
0 15 0.377 -0.3718
1 15 0.377 -0.37
2 15 0.3752 -0.3646
0 16 0.37592 -0.3736
1 16 0.37592 -0.36928
2 16 0.37376 -0.36496
0 17 0.402272 -0.32608
1 17 0.402272 -0.323488
2 17 0.39968 -0.318304
0 18 -0.365478 -0.325043
1 18 -0.365478 -0.321933
2 18 -0.365478 -0.318822
0 19 0.0171011 -0.325043
1 19 0.0171011 -0.321933
2 19 0.0171011 -0.318822
0 20 -0.321933 -0.371699
1 20 -0.321933 -0.368589
2 20 -0.321933 -0.365478
0 21 -0.126599 -0.331886
1 21 -0.126599 -0.328153
2 21 -0.126599 -0.324421
0 22 0.209324 -0.335618
1 22 0.209324 -0.331886
2 22 0.209324 -0.328153
0 23 0.0749546 -0.365478
1 23 0.0749546 -0.361746
2 23 0.0749546 -0.358013
0 24 -0.369211 -0.339351
1 24 -0.369211 -0.335618
2 24 -0.369211 -0.331886
