33
0 0 -0.526042 -0.344792
1 0 0.015 -0.3675
2 0 -0.586458 -0.344792
0 1 0.03875 -0.36625
1 1 -0.551042 -0.344792
2 1 -0.588542 -0.344792
0 2 -0.347917 -0.310417
1 2 -0.40375 -0.31125
2 2 -0.408333 -0.310417
0 3 -0.5275 -0.3445
1 3 -0.553 -0.3445
2 3 -0.589 -0.3445
0 4 0.0470001 -0.373
1 4 0.023 -0.373
2 4 -0.013 -0.373
0 5 -0.0513999 -0.3736
1 5 -0.0747999 -0.3736
2 5 -0.1108 -0.3736
0 6 0.224 -0.3052
1 6 0.2006 -0.3052
2 6 0.1646 -0.3052
0 7 -0.0405999 -0.3664
1 7 -0.0639999 -0.3664
2 7 -0.0999999 -0.3664
0 8 -0.0765999 -0.3466
1 8 -0.0999999 -0.3466
2 8 -0.136 -0.3466
0 9 0.0728001 -0.3466
1 9 0.0494001 -0.3466
2 9 0.0134001 -0.3466
0 10 -0.0765999 -0.3088
1 10 -0.0999999 -0.3106
2 10 -0.136 -0.3106
0 11 -0.0801999 -0.3376
1 11 -0.1036 -0.3376
2 11 -0.1396 -0.3376
0 12 0.5138 -0.3034
1 12 0.4904 -0.3034
2 12 0.4544 -0.3034
0 13 0.2096 -0.3106
1 13 0.1862 -0.3106
2 13 0.1502 -0.3106
0 14 -0.0487357 -0.372736
1 14 -0.0720638 -0.372736
2 14 -0.108352 -0.372736
0 15 -0.00207977 -0.289792
1 15 -0.0258399 -0.28936
2 15 -0.0616958 -0.289792
0 16 0.0342082 -0.36496
1 16 0.0108802 -0.36496
2 16 -0.0254078 -0.36496
0 17 -0.256096 -0.302752
1 17 -0.279424 -0.302752
2 17 -0.315712 -0.302752
0 18 -0.380512 -0.305344
1 18 -0.406432 -0.305344
2 18 -0.44272 -0.305344
0 19 -0.250393 -0.30327
1 19 -0.275277 -0.30327
2 19 -0.309491 -0.30327
0 20 0.0450947 -0.371699
1 20 0.0202115 -0.371699
2 20 -0.0140029 -0.371699
0 21 0.0699778 -0.318822
1 21 0.0450947 -0.318822
2 21 0.0108803 -0.318822
0 22 0.822695 -0.359257
1 22 0.797812 -0.359257
2 22 0.763597 -0.359257
0 23 0.881792 -0.359257
1 23 0.86002 -0.359257
2 23 0.825805 -0.359257
0 24 -0.0793214 -0.353037
1 24 -0.101094 -0.353037
2 24 -0.138419 -0.353037
0 25 -0.832038 -0.343705
1 25 -0.856922 -0.343705
2 25 -0.891136 -0.343705
0 26 0.825805 -0.328153
1 26 0.804033 -0.328153
2 26 0.769818 -0.328153
0 27 0.835137 -0.337485
1 27 0.813364 -0.337485
2 27 0.779149 -0.337485
0 28 0.835137 -0.318822
1 28 0.810253 -0.318822
2 28 0.776039 -0.318822
0 29 0.0712221 -0.343083
1 29 0.0450947 -0.343083
2 29 0.0115024 -0.343083
0 30 -0.0743447 -0.343083
1 30 -0.0967396 -0.343083
2 30 -0.134064 -0.343083
0 31 0.877438 -0.298294
1 31 0.855043 -0.298294
2 31 0.821451 -0.298294
0 32 0.817718 -0.298294
1 32 0.795323 -0.298294
2 32 0.761731 -0.298294
