21
0 0 0.611458 -0.336458
1 0 0.56875 -0.338542
2 0 0.527083 -0.340625
0 1 -0.195 -0.37
1 1 -0.23625 -0.37125
2 1 -0.27875 -0.3725
0 2 -0.27625 -0.37
1 2 -0.3175 -0.37125
2 2 -0.36 -0.3725
0 3 -0.3055 -0.3325
1 3 0.0815 -0.3325
2 3 0.0395 -0.334
0 4 0.041 -0.3445
1 4 0.023 -0.3205
2 4 -0.0415 -0.3475
0 5 -0.7555 -0.355
1 5 -0.796 -0.358
2 5 -0.838 -0.358
0 6 0.6992 -0.3538
1 6 0.6596 -0.3538
2 6 0.6164 -0.3574
0 7 0.5606 -0.3286
1 7 0.5192 -0.3304
2 7 0.476 -0.3322
0 8 0.6524 -0.35848
1 8 0.61136 -0.3628
2 8 0.56816 -0.36496
0 9 -0.31096 -0.34984
1 9 -0.352 -0.34984
2 9 -0.3952 -0.352
0 10 -0.23536 -0.294976
1 10 -0.276832 -0.297568
2 10 -0.318304 -0.297568
0 11 -0.165376 -0.320896
1 11 -0.206848 -0.320896
2 11 -0.24832 -0.323488
0 12 -0.160192 -0.349408
1 12 -0.201664 -0.349408
2 12 -0.243136 -0.352
0 13 -0.165376 -0.349408
1 13 -0.206848 -0.349408
2 13 -0.24832 -0.352
0 14 -0.191296 -0.374809
1 14 -0.231731 -0.37792
2 14 -0.275277 -0.37792
0 15 0.589415 -0.362368
1 15 0.54898 -0.362368
2 15 0.505434 -0.365478
0 16 -0.166413 -0.356147
1 16 -0.206848 -0.356147
2 16 -0.250393 -0.359257
0 17 0.604967 -0.318822
1 17 0.564532 -0.321933
2 17 0.520986 -0.325043
0 18 -0.166413 -0.309491
1 18 -0.206848 -0.309491
2 18 -0.247283 -0.309491
0 19 -0.496115 -0.369211
1 19 -0.537172 -0.369211
2 19 -0.581962 -0.369211
0 20 0.604967 -0.343083
1 20 0.56391 -0.343083
2 20 0.51912 -0.346816
