47
0 0 -0.411458 -0.328125
1 0 -0.469792 -0.328125
2 0 -0.536458 -0.328125
0 1 -0.411458 -0.305208
1 1 0.4 -0.346875
2 1 0.0416667 -0.347917
0 2 -0.276042 -0.347917
1 2 -0.333333 -0.347917
2 2 -0.4 -0.347917
0 3 -0.673958 -0.304167
1 3 -0.909375 -0.305208
2 3 -0.796875 -0.304167
0 4 -0.491667 -0.359375
1 4 -0.55 -0.359375
2 4 -0.616667 -0.359375
0 5 -0.422917 -0.304167
1 5 -0.322917 -0.347917
2 5 -0.547917 -0.304167
0 6 0.01625 -0.305
1 6 -0.0387499 -0.305
2 6 -0.10625 -0.30625
0 7 -0.41375 -0.3475
1 7 -0.47 -0.3475
2 7 -0.5375 -0.3475
0 8 -0.49125 -0.355
1 8 -0.5475 -0.355
2 8 -0.615 -0.355
0 9 -0.42625 -0.3275
1 9 -0.48375 -0.32875
2 9 0.92625 -0.33125
0 10 -0.6895 -0.349
1 10 -0.745 -0.349
2 10 -0.811 -0.349
0 11 -0.832 -0.3505
1 11 -0.8875 -0.3505
2 11 -0.952 -0.3505
0 12 -0.4915 -0.361
1 12 -0.5485 -0.361
2 12 -0.616 -0.361
0 13 -0.4135 -0.3475
1 13 -0.472 -0.3475
2 13 -0.538 -0.3475
0 14 -0.2674 -0.3052
1 14 -0.325 -0.3052
2 14 -0.3916 -0.3052
0 15 0.6182 -0.3484
1 15 0.5606 -0.3484
2 15 0.4922 -0.3484
0 16 -0.415 -0.3484
1 16 -0.4726 -0.3484
2 16 -0.5392 -0.3484
0 17 -0.4222 -0.3484
1 17 -0.4798 -0.3484
2 17 -0.5464 -0.3484
0 18 -0.4906 -0.3592
1 18 -0.5482 -0.3592
2 18 -0.6148 -0.3592
0 19 -0.4258 -0.3286
1 19 -0.4834 -0.3286
2 19 -0.55 -0.3286
0 20 -0.2674 -0.3484
1 20 -0.325 -0.3484
2 20 -0.3916 -0.3484
0 21 -0.41464 -0.34768
1 21 -0.47296 -0.34768
2 21 -0.53992 -0.34768
0 22 -0.49024 -0.35848
1 22 -0.5464 -0.35848
2 22 -0.61336 -0.35848
0 23 -0.68896 -0.34984
1 23 -0.74512 -0.34984
2 23 -0.80992 -0.34984
0 24 -0.27424 -0.30448
1 24 -0.3304 -0.30448
2 24 -0.39736 -0.30448
0 25 -0.473824 -0.302752
1 25 -0.530848 -0.302752
2 25 -0.59824 -0.302752
0 26 -0.479008 -0.302752
1 26 -0.536032 -0.302752
2 26 -0.603424 -0.302752
0 27 -0.424576 -0.331264
1 27 -0.4816 -0.331264
2 27 -0.548992 -0.331264
0 28 -0.46864 -0.297568
1 28 -0.525664 -0.297568
2 28 -0.593056 -0.297568
0 29 -0.471232 -0.292384
1 29 -0.528256 -0.292384
2 29 -0.595648 -0.292384
0 30 -0.466048 -0.362368
1 30 -0.523072 -0.362368
2 30 -0.590464 -0.362368
0 31 -0.626752 -0.352
1 31 -0.683776 -0.352
2 31 -0.748576 -0.352
0 32 -0.269056 -0.349408
1 32 -0.32608 -0.349408
2 32 -0.393472 -0.349408
0 33 -0.4168 -0.349408
1 33 -0.473824 -0.349408
2 33 -0.541216 -0.349408
0 34 -0.477453 -0.349926
1 34 -0.53655 -0.349926
2 34 -0.601869 -0.349926
0 35 -0.424576 -0.331264
1 35 -0.480563 -0.331264
2 35 -0.548992 -0.331264
0 36 -0.480563 -0.30327
1 36 -0.53655 -0.30327
2 36 -0.601869 -0.30327
0 37 0.875572 -0.30327
1 37 0.819585 -0.30327
2 37 0.754266 -0.30327
0 38 -0.61431 -0.293939
1 38 -0.673408 -0.293939
2 38 -0.738726 -0.293939
0 39 -0.489894 -0.359257
1 39 -0.548992 -0.359257
2 39 -0.61431 -0.359257
0 40 -0.132198 -0.30327
1 40 -0.185075 -0.30327
2 40 -0.253504 -0.30327
0 41 -0.481185 -0.350548
1 41 -0.537172 -0.350548
2 41 -0.604357 -0.350548
0 42 0.877438 -0.294561
1 42 0.817718 -0.294561
2 42 0.754266 -0.298294
0 43 -0.466255 -0.358013
1 43 -0.522242 -0.358013
2 43 -0.589427 -0.358013
0 44 -0.130332 -0.305759
1 44 -0.186319 -0.305759
2 44 -0.253504 -0.305759
0 45 -0.425198 -0.331886
1 45 -0.481185 -0.331886
2 45 -0.54837 -0.331886
0 46 -0.48865 -0.361746
1 46 -0.54837 -0.361746
2 46 -0.615554 -0.361746
