29
0 0 -0.273958 -0.305208
1 0 -0.476042 -0.304167
2 0 -0.535417 -0.304167
0 1 -0.167708 -0.322917
1 1 -0.075 -0.322917
2 1 -0.28125 -0.322917
0 2 -0.0229167 -0.322917
1 2 -0.078125 -0.323958
2 2 -0.135417 -0.322917
0 3 -0.009375 -0.322917
1 3 -0.0625 -0.322917
2 3 -0.120833 -0.322917
0 4 -0.0208333 -0.348958
1 4 -0.65625 -0.303125
2 4 -0.714583 -0.303125
0 5 -0.00999997 -0.3025
1 5 -0.0624999 -0.3025
2 5 -0.12125 -0.3025
0 6 0.8975 -0.375
1 6 0.845 -0.375
2 6 0.7875 -0.375
0 7 0.1375 -0.34375
1 7 0.0850001 -0.34375
2 7 0.02625 -0.34375
0 8 0.863 -0.307
1 8 0.8105 -0.307
2 8 0.7535 -0.307
0 9 0.902 -0.37
1 9 0.8495 -0.37
2 9 0.791 -0.37
0 10 0.5696 -0.307
1 10 0.5156 -0.307
2 10 0.4562 -0.307
0 11 -0.60472 -0.30232
1 11 -0.65872 -0.30232
2 11 -0.71704 -0.30232
0 12 -0.0107199 -0.30448
1 12 -0.0647199 -0.30448
2 12 -0.12304 -0.30448
0 13 -0.61552 -0.32824
1 13 -0.66952 -0.32824
2 13 -0.72784 -0.32824
0 14 -0.60688 -0.34768
1 14 -0.66088 -0.34768
2 14 -0.7192 -0.34768
0 15 0.902529 -0.372736
1 15 0.850688 -0.372736
2 15 0.793664 -0.372736
0 16 -0.681184 -0.357184
1 16 -0.733024 -0.357184
2 16 -0.79264 -0.357184
0 17 -0.616384 -0.328672
1 17 -0.670816 -0.328672
2 17 -0.72784 -0.328672
0 18 -0.665632 -0.349408
1 18 -0.720064 -0.349408
2 18 -0.777088 -0.349408
0 19 -0.318822 -0.30327
1 19 -0.374809 -0.30327
2 19 -0.433907 -0.30327
0 20 0.275264 -0.349926
1 20 0.222388 -0.349926
2 20 0.16329 -0.349926
0 21 0.688948 -0.30327
1 21 0.636071 -0.30327
2 21 0.576973 -0.30327
0 22 0.900455 -0.371699
1 22 0.850689 -0.371699
2 22 0.791591 -0.371699
0 23 -0.0202237 -0.349926
1 23 -0.0731005 -0.349926
2 23 -0.132198 -0.349926
0 24 -0.0140029 -0.30327
1 24 -0.0668798 -0.30327
2 24 -0.125977 -0.30327
0 25 -0.679007 -0.358013
1 25 -0.734994 -0.358013
2 25 -0.790981 -0.358013
0 26 0.694546 -0.298294
1 26 0.642292 -0.298294
2 26 0.582572 -0.298294
0 27 0.690814 -0.305759
1 27 0.638559 -0.305759
2 27 0.578839 -0.305759
0 28 -0.014625 -0.305759
1 28 -0.0668797 -0.305759
2 28 -0.126599 -0.305759
