39
0 0 -0.05625 -0.351042
1 0 -0.05625 -0.354167
2 0 -0.05625 -0.35625
0 1 -0.38125 -0.37875
1 1 -0.38125 -0.38125
2 1 -0.38125 -0.38375
0 2 -0.1275 -0.32375
1 2 -0.12625 -0.32625
2 2 -0.12625 -0.32875
0 3 -0.1375 -0.40875
1 3 -0.1375 -0.4125
2 3 -0.1375 -0.41375
0 4 -0.0374999 -0.35375
1 4 -0.0374999 -0.35625
2 4 -0.0374999 -0.35875
0 5 -0.0637499 -0.35375
1 5 -0.0637499 -0.35625
2 5 -0.0637499 -0.35875
0 6 -0.25125 -0.275
1 6 -0.21 -0.41125
2 6 0.00875003 -0.415
0 7 -0.0637499 -0.275
1 7 0.0375001 -0.4125
2 7 0.0375001 -0.415
0 8 -0.2775 -0.34
1 8 -0.2775 -0.3425
2 8 -0.2775 -0.345
0 9 0.00800006 -0.4105
1 9 0.00800006 -0.4135
2 9 0.1535 -0.4165
0 10 -0.394 -0.3865
1 10 -0.394 -0.388
2 10 -0.394 -0.391
0 11 -0.34 -0.31125
1 11 -0.34 -0.3145
2 11 -0.34 -0.3175
0 12 0.3032 -0.3664
1 12 0.3032 -0.37
2 12 0.3032 -0.3718
0 13 -0.42112 -0.34984
1 13 -0.42112 -0.352
2 13 -0.42112 -0.35632
0 14 -0.33904 -0.30016
1 14 -0.33904 -0.30232
2 14 -0.33904 -0.30664
0 15 0.17504 -0.3196
1 15 0.17504 -0.32176
2 15 0.17504 -0.32392
0 16 -0.11224 -0.32608
1 16 -0.11224 -0.32824
2 16 -0.11224 -0.33256
0 17 -0.39304 -0.38656
1 17 -0.39304 -0.38872
2 17 -0.39304 -0.39088
0 18 0.0130402 -0.32392
1 18 0.0130402 -0.32608
2 18 0.0130402 -0.32824
0 19 0.3068 -0.3196
1 19 0.3068 -0.32176
2 19 0.3068 -0.32392
0 20 0.1556 -0.3196
1 20 0.1556 -0.32176
2 20 0.1556 -0.32392
0 21 -0.33904 -0.30016
1 21 -0.33904 -0.305344
2 21 -0.33904 -0.307936
0 22 0.0238403 -0.32608
1 22 0.0238403 -0.328672
2 22 0.0238403 -0.331264
0 23 -0.4168 -0.357184
1 23 -0.4168 -0.359776
2 23 -0.4168 -0.362368
0 24 -0.37792 -0.37792
1 24 -0.37792 -0.380512
2 24 -0.37792 -0.383104
0 25 -0.33904 -0.315712
1 25 -0.33904 -0.318304
2 25 -0.33904 -0.320896
0 26 -0.305344 -0.37792
1 26 -0.305344 -0.380512
2 26 -0.305344 -0.383104
0 27 0.612224 -0.36496
1 27 0.612224 -0.367552
2 27 0.612224 -0.370144
0 28 0.0134722 -0.323488
1 28 0.0134722 -0.32608
2 28 0.0134722 -0.328672
0 29 -0.725248 -0.315712
1 29 -0.725248 -0.318304
2 29 -0.725248 -0.320896
0 30 -0.418355 -0.353037
1 30 -0.418355 -0.356147
2 30 -0.418355 -0.359257
0 31 -0.340595 -0.318822
1 31 -0.340595 -0.318822
2 31 -0.340595 -0.321933
0 32 -0.132198 -0.318822
1 32 -0.132198 -0.321933
2 32 -0.132198 -0.325043
0 33 -0.415245 -0.325043
1 33 -0.415245 -0.328153
2 33 -0.415245 -0.331264
0 34 -0.69207 -0.318822
1 34 -0.69207 -0.318822
2 34 -0.69207 -0.321933
0 35 -0.600625 -0.365478
1 35 -0.600625 -0.365478
2 35 -0.600625 -0.369211
0 36 -0.298294 -0.384141
1 36 -0.298294 -0.387873
2 36 -0.298294 -0.391606
0 37 -0.268434 -0.331886
1 37 -0.268434 -0.331886
2 37 -0.268434 -0.335618
0 38 -0.414 -0.331886
1 38 -0.414 -0.331886
2 38 -0.414 -0.335618
