32
0 0 -0.0364583 -0.766667
1 0 -0.00416667 -0.7625
2 0 0.0104167 -0.761458
0 1 -0.0239583 -0.64375
1 1 0.00750001 -0.64125
2 1 0.02125 -0.63875
0 2 0.0275 -0.815
1 2 0.06 -0.81
2 2 0.0737501 -0.80875
0 3 -0.00499999 -0.76375
1 3 0.02625 -0.76
2 3 0.04 -0.75875
0 4 0.0700001 -0.60625
1 4 0.1 -0.6
2 4 0.115 -0.59625
0 5 -0.00749995 -0.75875
1 5 0.0237501 -0.755
2 5 0.0375001 -0.75375
0 6 0.026 -0.8155
1 6 0.059 -0.811
2 6 0.0725001 -0.8095
0 7 -0.0294999 -0.7795
1 7 0.00200005 -0.775
2 7 0.0170001 -0.7735
0 8 -0.04 -0.754
1 8 -0.00699997 -0.7495
2 8 0.00650005 -0.748
0 9 0.032 -0.7585
1 9 0.065 -0.754
2 9 0.0785 -0.7525
0 10 0.0512001 -0.9262
1 10 0.0872002 -0.9208
2 10 0.1016 -0.9208
0 11 -0.1108 -0.9244
1 11 -0.0765999 -0.9208
2 11 -0.0639999 -0.919
0 12 0.0386001 -0.7642
1 12 0.0710002 -0.7588
2 12 0.0854001 -0.7588
0 13 -0.1144 -0.928
1 13 -0.0819998 -0.9244
2 13 -0.0690399 -0.9244
0 14 -0.1108 -0.9244
1 14 -0.0776799 -0.92008
2 14 -0.0647199 -0.92008
0 15 -0.15328 -0.64144
1 15 -0.12304 -0.63712
2 15 -0.11224 -0.63496
0 16 0.0238401 -0.64792
1 16 0.0562401 -0.64576
2 16 0.0692001 -0.6436
0 17 -0.0279999 -0.78184
1 17 0.00224012 -0.77968
2 17 0.0173601 -0.77752
0 18 -0.0128799 -0.74728
1 18 0.0195201 -0.7408
2 18 0.0324802 -0.7408
0 19 -0.0824318 -0.582688
1 19 -0.0539198 -0.577504
2 19 -0.0409598 -0.574912
0 20 -0.11008 -0.9244
1 20 -0.0746558 -0.919648
2 20 -0.0616958 -0.919648
0 21 -0.152416 -0.66304
1 21 -0.123904 -0.660448
2 21 -0.110944 -0.657856
0 22 0.0342082 -0.784864
1 22 0.0679043 -0.782272
2 22 0.0808642 -0.77968
0 23 0.0264322 -0.65008
1 23 0.0549442 -0.647488
2 23 0.0704962 -0.644896
0 24 0.0233219 -0.651635
1 24 0.0544259 -0.648525
2 24 0.0668674 -0.645414
0 25 -0.153971 -0.664077
1 25 -0.122867 -0.657856
2 25 -0.110425 -0.657856
0 26 0.0264323 -0.822707
1 26 0.0575363 -0.819597
2 26 0.0730883 -0.819597
0 27 -0.160192 -0.667809
1 27 -0.134064 -0.664077
2 27 -0.119134 -0.660344
0 28 -0.0183575 -0.761121
1 28 0.0152349 -0.757389
2 28 0.0264323 -0.757389
0 29 0.0264323 -0.824573
1 29 0.0562922 -0.820841
2 29 0.0712221 -0.817108
0 30 0.0301648 -0.761121
1 30 0.0600246 -0.753656
2 30 0.0749546 -0.753656
0 31 -0.014625 -0.746191
1 31 0.0152349 -0.742459
2 31 0.0301648 -0.742459
