53
0 0 -0.25625 -0.761458
1 0 -0.247917 -0.766667
2 0 -0.246875 -0.770833
0 1 -0.00499999 -0.5775
1 1 0.00625006 -0.57625
2 1 0.00750001 -0.5775
0 2 -0.07125 -0.7425
1 2 -0.05375 -0.74375
2 2 -0.0499999 -0.745
0 3 -0.124 -0.436
1 3 -0.11625 -0.43625
2 3 -0.11625 -0.43625
0 4 0.068 -0.4285
1 4 0.0775 -0.42625
2 4 0.0787501 -0.425
0 5 -0.2965 -0.736
1 5 -0.286 -0.7405
2 5 -0.286 -0.745
0 6 -0.00399996 -0.577
1 6 0.00650005 -0.577
2 6 0.00800006 -0.577
0 7 -0.07125 -0.7425
1 7 -0.0535 -0.7435
2 7 -0.0505 -0.745
0 8 0.068 -0.4285
1 8 0.0775 -0.42625
2 8 0.0785 -0.424
0 9 -0.1216 -0.4402
1 9 -0.1144 -0.4402
2 9 -0.115 -0.4405
0 10 -0.262 -0.7516
1 10 -0.2512 -0.757
2 10 -0.2512 -0.7606
0 11 -0.0189999 -0.5788
1 11 -0.00819988 -0.5788
2 11 -0.00639992 -0.5788
0 12 -0.0699999 -0.7435
1 12 -0.0531999 -0.7444
2 12 -0.0495999 -0.7462
0 13 -0.0639999 -0.5932
1 13 -0.0513999 -0.5932
2 13 -0.0495999 -0.595
0 14 0.2474 -0.217
1 14 0.2582 -0.208
2 14 0.26 -0.2008
0 15 -0.124 -0.436
1 15 -0.1165 -0.436
2 15 -0.1162 -0.4366
0 16 0.24848 -0.21376
1 16 0.25712 -0.20728
2 16 0.25928 -0.2008
0 17 -0.0693999 -0.7444
1 17 -0.0539199 -0.74512
2 17 -0.0495998 -0.74728
0 18 -0.0193598 -0.5788
1 18 -0.00855986 -0.5788
2 18 -0.00639985 -0.5788
0 19 -0.29584 -0.7624
1 19 -0.2872 -0.76888
2 19 -0.28504 -0.7732
0 20 -0.2872 -0.7624
1 20 -0.27856 -0.76888
2 20 -0.2764 -0.7732
0 21 -0.0409598 -0.58528
1 21 -0.0305918 -0.58528
2 21 -0.0279998 -0.58528
0 22 -0.0616958 -0.676
1 22 -0.0487357 -0.678592
2 22 -0.0461438 -0.678592
0 23 -0.0690399 -0.74512
1 23 -0.0539199 -0.74512
2 23 -0.0487357 -0.748576
0 24 -0.0539198 -0.673408
1 24 -0.0409598 -0.673408
2 24 -0.0383678 -0.673408
0 25 -0.0461438 -0.577504
1 25 -0.0331838 -0.577504
2 25 -0.0331838 -0.577504
0 26 -0.00207977 -0.577504
1 26 0.00828826 -0.577504
2 26 0.0108802 -0.577504
0 27 0.247271 -0.213069
1 27 0.256602 -0.206848
2 27 0.259712 -0.201664
0 28 -0.00467173 -0.676518
1 28 0.0077699 -0.676518
2 28 0.0108803 -0.676518
0 29 -0.262835 -0.735616
1 29 -0.253504 -0.741837
2 29 -0.253504 -0.744947
0 30 -0.0482173 -0.576985
1 30 -0.0357758 -0.576985
2 30 -0.0326653 -0.576985
0 31 -0.275277 -0.757389
1 31 -0.262835 -0.76361
2 31 -0.262835 -0.76672
0 32 -0.262835 -0.760499
1 32 -0.250393 -0.76672
2 32 -0.250393 -0.76983
0 33 -0.0711999 -0.7516
1 33 -0.0513278 -0.754278
2 33 -0.0482173 -0.754278
0 34 -0.0419965 -0.567654
1 34 -0.0295549 -0.567654
2 34 -0.0264446 -0.567654
0 35 0.0513155 -0.729395
1 35 0.0668674 -0.729395
2 35 0.0699778 -0.729395
0 36 -0.0233341 -0.576985
1 36 -0.0108926 -0.576985
2 36 -0.00778211 -0.576985
0 37 0.247271 -0.213069
1 37 0.256602 -0.206848
2 37 0.259712 -0.200627
0 38 -0.0407523 -0.589427
1 38 -0.0258224 -0.585695
2 38 -0.0258224 -0.589427
0 39 -0.0594147 -0.679007
1 39 -0.0482173 -0.682739
2 39 -0.0444848 -0.682739
0 40 -0.290829 -0.742459
1 40 -0.283364 -0.749924
2 40 -0.283364 -0.753656
0 41 -0.0108925 -0.585695
1 41 0.000304921 -0.585695
2 41 0.00403741 -0.585695
0 42 -0.279631 -0.727529
1 42 -0.268434 -0.734994
2 42 -0.268434 -0.738726
0 43 -0.260969 -0.727529
1 43 -0.249771 -0.731261
2 43 -0.249771 -0.734994
0 44 -0.264701 -0.761121
1 44 -0.253504 -0.764854
2 44 -0.253504 -0.768586
0 45 -0.275899 -0.761121
1 45 -0.264701 -0.764854
2 45 -0.264701 -0.768586
0 46 -0.324421 -0.238574
1 46 -0.324421 -0.238574
2 46 -0.331886 -0.238574
0 47 0.000304921 -0.57823
1 47 0.0077699 -0.57823
2 47 0.0115024 -0.57823
0 48 0.0189673 -0.675274
1 48 0.0301648 -0.675274
2 48 0.0338973 -0.675274
0 49 -0.0482173 -0.57823
1 49 -0.0370199 -0.57823
2 49 -0.0332874 -0.57823
0 50 0.246649 -0.216179
1 50 0.256602 -0.206848
2 50 0.257846 -0.201249
0 51 -0.00342757 -0.679007
1 51 0.0077699 -0.679007
2 51 0.0115024 -0.679007
0 52 -0.0407523 -0.567032
1 52 -0.0295549 -0.567032
2 52 -0.0295549 -0.567032
