38
0 0 0.00208333 -0.747917
1 0 0 -0.742708
2 0 -0.00416667 -0.742708
0 1 0.0697917 -0.583333
1 1 0.06875 -0.577083
2 1 0.0666667 -0.575
0 2 -0.0833333 -0.630208
1 2 -0.0854167 -0.623958
2 2 -0.0885417 -0.622917
0 3 0.0875 -0.63625
1 3 0.0850001 -0.63125
2 3 0.0800001 -0.63
0 4 0.0395 -0.637
1 4 0.0375001 -0.6325
2 4 0.0325 -0.63125
0 5 0.0887501 -0.68125
1 5 0.0862501 -0.67625
2 5 0.0825001 -0.675
0 6 6.35783e-08 -0.565
1 6 -0.00124995 -0.55875
2 6 -0.00374997 -0.55625
0 7 0.0275 -0.76
1 7 0.0250001 -0.755
2 7 0.02125 -0.75375
0 8 0.0890001 -0.64
1 8 0.0875 -0.635
2 8 0.0815 -0.634
0 9 0.0665 -0.574
1 9 0.065 -0.5695
2 9 0.0635 -0.5665
0 10 0.0850001 -0.68625
1 10 0.0815 -0.682
2 10 0.077 -0.6805
0 11 0.0890001 -0.6418
1 11 0.0872002 -0.6364
2 11 0.0818001 -0.6346
0 12 0.0368001 -0.775
1 12 0.0332001 -0.7714
2 12 0.0296001 -0.7696
0 13 -0.0477999 -0.9244
1 13 -0.0495998 -0.92008
2 13 -0.0517598 -0.92224
0 14 0.11456 -0.91792
1 14 0.1124 -0.9136
2 14 0.11024 -0.9136
0 15 0.15992 -0.9244
1 15 0.15776 -0.92008
2 15 0.15776 -0.92008
0 16 -0.0236799 -0.58096
1 16 -0.0258399 -0.57448
2 16 -0.0279999 -0.57232
0 17 0.0864802 -0.63064
1 17 0.0843202 -0.62632
2 17 0.0800002 -0.62416
0 18 0.0843202 -0.63712
1 18 0.0821602 -0.63064
2 18 0.0778402 -0.63064
0 19 0.0260002 -0.74944
1 19 0.0238401 -0.74512
2 19 0.0195201 -0.74512
0 20 0.0411201 -0.63712
1 20 0.0389601 -0.6328
2 20 0.0346401 -0.63064
0 21 0.0886402 -0.64144
1 21 0.0864802 -0.63712
2 21 0.0821602 -0.63496
0 22 0.0238401 -0.71272
1 22 0.0216801 -0.70624
2 22 0.0173601 -0.70624
0 23 -0.0949599 -0.65656
1 23 -0.0971199 -0.65008
2 23 -0.10144 -0.65008
0 24 0.0497602 -0.764128
1 24 0.0471682 -0.758944
2 24 0.0419842 -0.758944
0 25 0.0679043 -0.577504
1 25 0.0679043 -0.57232
2 25 0.0653123 -0.569728
0 26 0.0886402 -0.642304
1 26 0.0860483 -0.639712
2 26 0.0808642 -0.63712
0 27 0.106784 -0.769312
1 27 0.104192 -0.764128
2 27 0.1016 -0.764128
0 28 -0.0953918 -0.655264
1 28 -0.0979838 -0.65008
2 28 -0.100576 -0.65008
0 29 0.0855298 -0.645414
1 29 0.0855298 -0.639194
2 29 0.0793091 -0.639194
0 30 0.0979715 -0.779162
1 30 0.0948611 -0.772941
2 30 0.0917507 -0.772941
0 31 -0.0948734 -0.654746
1 31 -0.0979837 -0.648525
2 31 -0.101094 -0.648525
0 32 0.0606467 -0.744947
1 32 0.0575363 -0.738726
2 32 0.0544259 -0.738726
0 33 0.0357635 -0.776051
1 33 0.0357635 -0.76983
2 33 0.032653 -0.76983
0 34 0.0712221 -0.57823
1 34 0.0712221 -0.574497
2 34 0.0674896 -0.570765
0 35 0.0898844 -0.817108
1 35 0.086152 -0.813376
2 35 0.086152 -0.813376
0 36 -0.0930071 -0.656612
1 36 -0.0967396 -0.649147
2 36 -0.100472 -0.649147
0 37 0.0637571 -0.757389
1 37 0.0600246 -0.749924
2 37 0.0562922 -0.749924
