62
0 0 -0.166667 -0.532292
1 0 -0.157292 -0.529167
2 0 -0.159375 -0.526042
0 1 0.0395833 -0.730208
1 1 0.0552083 -0.726042
2 1 0.05625 -0.729167
0 2 -0.0385417 -0.833333
1 2 -0.0208333 -0.83125
2 2 -0.0208333 -0.833333
0 3 -0.13625 -0.70125
1 3 -0.1225 -0.69875
2 3 -0.12375 -0.69875
0 4 0.0437501 -0.79625
1 4 0.06 -0.7925
2 4 0.0612501 -0.795
0 5 0.0237501 -0.695
1 5 0.04 -0.69125
2 5 0.04 -0.6925
0 6 0.0125001 -0.69375
1 6 0.0275 -0.69
2 6 0.02875 -0.69125
0 7 -0.0275 -0.7275
1 7 -0.01125 -0.72375
2 7 -0.01125 -0.725
0 8 0.0440001 -0.7975
1 8 0.0605 -0.793
2 8 0.062 -0.796
0 9 0.00650005 -0.688
1 9 0.02 -0.6835
2 9 0.0215 -0.685
0 10 -0.00249996 -0.691
1 10 0.0140001 -0.688
2 10 0.0140001 -0.6895
0 11 -0.1375 -0.7015
1 11 -0.1225 -0.7
2 11 -0.124 -0.6985
0 12 0.1835 -0.4585
1 12 0.197 -0.4474
2 12 0.2 -0.4465
0 13 0.0404001 -0.7012
1 13 0.0566001 -0.6976
2 13 0.0566001 -0.6994
0 14 -0.1666 -0.5338
1 14 -0.157 -0.5305
2 14 -0.1594 -0.5284
0 15 0.00620009 -0.6868
1 15 0.0224001 -0.685
2 15 0.0224001 -0.685
0 16 -0.162784 -0.460864
1 16 -0.15544 -0.45784
2 16 -0.1576 -0.4564
0 17 0.1835 -0.4585
1 17 0.19664 -0.44704
2 17 0.2006 -0.4474
0 18 -0.0171999 -0.8182
1 18 0.0026001 -0.8164
2 18 0.0026001 -0.8164
0 19 -0.0261999 -0.8164
1 19 -0.00855986 -0.81424
2 19 -0.00999991 -0.8164
0 20 -0.0387999 -0.8326
1 20 -0.0207999 -0.829
2 20 -0.0207999 -0.8326
0 21 -0.0366398 -0.72784
1 21 -0.0193598 -0.72568
2 21 -0.0193598 -0.72784
0 22 0.0411201 -0.82288
1 22 0.0584002 -0.81856
2 22 0.0584002 -0.82072
0 23 0.0389601 -0.70192
1 23 0.0562401 -0.6976
2 23 0.0562401 -0.69976
0 24 -0.16624 -0.53344
1 24 -0.1576 -0.53128
2 24 -0.15976 -0.52912
0 25 -0.0171998 -0.81856
1 25 0.00224012 -0.81424
2 25 0.00224012 -0.8164
0 26 -0.0258399 -0.8164
1 26 -0.00855986 -0.81424
2 26 -0.00855986 -0.8164
0 27 0.1826 -0.4582
1 27 0.19664 -0.44704
2 27 0.1988 -0.44704
0 28 -0.162784 -0.460864
1 28 -0.15544 -0.45784
2 28 -0.1576 -0.45568
0 29 0.0575363 -0.808192
1 29 0.0756803 -0.8056
2 29 0.0756803 -0.808192
0 30 -0.0357758 -0.730432
1 30 -0.0176318 -0.72784
2 30 -0.0176318 -0.72784
0 31 0.0393922 -0.810784
1 31 0.0549442 -0.808192
2 31 0.0549442 -0.810784
0 32 0.0497602 -0.797824
1 32 0.0679043 -0.795232
2 32 0.0679043 -0.797824
0 33 0.0393922 -0.821152
1 33 0.0575363 -0.81856
2 33 0.0575363 -0.821152
0 34 -0.165376 -0.536032
1 34 -0.155008 -0.530848
2 34 -0.1576 -0.530848
0 35 0.0393922 -0.70192
1 35 0.0549442 -0.699328
2 35 0.0575363 -0.699328
0 36 -0.162784 -0.460864
1 36 -0.15544 -0.45784
2 36 -0.1576 -0.453088
0 37 0.181952 -0.458272
1 37 0.19664 -0.44704
2 37 0.200096 -0.445312
0 38 0.0575363 -0.815968
1 38 0.0756803 -0.810784
2 38 0.0756803 -0.813376
0 39 -0.0409598 -0.821152
1 39 -0.0228158 -0.81856
2 39 -0.0228158 -0.821152
0 40 -0.0357758 -0.712288
1 40 -0.0202237 -0.710733
2 40 -0.0202237 -0.710733
0 41 -0.163302 -0.45879
1 41 -0.157081 -0.45568
2 41 -0.157081 -0.452569
0 42 0.0357635 -0.701402
1 42 0.0513155 -0.698291
2 42 0.0513155 -0.698291
0 43 0.0202115 -0.695181
1 43 0.0357635 -0.69207
2 43 0.0357635 -0.69207
0 44 0.0419843 -0.695181
1 44 0.0575363 -0.68896
2 44 0.0575363 -0.69207
0 45 -0.0326653 -0.69207
1 45 -0.0171134 -0.68896
2 45 -0.0171134 -0.68896
0 46 -0.0140029 -0.68896
1 46 0.00154908 -0.68896
2 46 0.00154908 -0.68896
0 47 0.0482051 -0.797824
1 47 0.0668674 -0.794714
2 47 0.0668674 -0.797824
0 48 0.69776 -0.219808
1 48 0.741824 -0.166413
2 48 0.779149 -0.129088
0 49 0.0388739 -0.810266
1 49 0.0575363 -0.807155
2 49 0.0575363 -0.810266
0 50 0.578528 -0.878176
1 50 0.625184 -0.8704
2 50 0.648512 -0.869363
0 51 0.0388739 -0.822707
1 51 0.0575363 -0.816486
2 51 0.0575363 -0.819597
0 52 -0.166413 -0.53655
1 52 -0.157081 -0.53344
2 52 -0.157081 -0.530329
0 53 -0.0383678 -0.828928
1 53 -0.0202237 -0.828928
2 53 -0.0202237 -0.828928
0 54 -0.0370199 -0.731261
1 54 -0.0183575 -0.727529
2 54 -0.0183575 -0.731261
0 55 0.0376298 -0.820841
1 55 0.0562922 -0.817108
2 55 0.0562922 -0.820841
0 56 -0.0370199 -0.828306
1 56 -0.0202237 -0.828928
2 56 -0.0183575 -0.828306
0 57 -0.163924 -0.537172
1 57 -0.156459 -0.537172
2 57 -0.156459 -0.53344
0 58 -0.163924 -0.45879
1 58 -0.156459 -0.455058
2 58 -0.156459 -0.451325
0 59 0.0674896 -0.817108
1 59 0.086152 -0.813376
2 59 0.086152 -0.817108
0 60 -0.014625 -0.690204
1 60 0.000304921 -0.686472
2 60 0.000304921 -0.690204
0 61 0.0600246 -0.690204
1 61 0.0749546 -0.686472
2 61 0.0749546 -0.690204
