33
0 0 -0.0324999 -0.73
1 0 -0.0505 -0.7315
2 0 -0.0583333 -0.732292
0 1 -0.0324999 -0.72125
1 1 -0.05 -0.720833
2 1 -0.0574999 -0.72375
0 2 -0.0333333 -0.722917
1 2 -0.05 -0.722917
2 2 -0.05875 -0.72625
0 3 -0.0324999 -0.72125
1 3 -0.0505 -0.721
2 3 -0.058 -0.724
0 4 -0.00999997 -0.6655
1 4 -0.0294999 -0.6655
2 4 -0.037 -0.6685
0 5 -0.0315999 -0.73
1 5 -0.0495999 -0.73
2 5 -0.058 -0.733
0 6 0.0404001 -0.5986
1 6 0.0170001 -0.5986
2 6 0.00980008 -0.6004
0 7 -0.0324999 -0.72125
1 7 -0.0495999 -0.7228
2 7 -0.0585999 -0.7246
0 8 0.0566001 -0.721
1 8 0.0350001 -0.721
2 8 0.0260001 -0.7228
0 9 -0.0315999 -0.73
1 9 -0.0495999 -0.73
2 9 -0.0567999 -0.7336
0 10 0.0368001 -0.66952
1 10 0.0152002 -0.66952
2 10 0.00656013 -0.67168
0 11 0.0389601 -0.57664
1 11 0.0173601 -0.57664
2 11 0.00872014 -0.5788
0 12 0.0389601 -0.59824
1 12 0.0173601 -0.59824
2 12 0.00872014 -0.6004
0 13 0.206 -0.2944
1 13 0.19016 -0.29152
2 13 0.18368 -0.29152
0 14 -0.0930071 -0.843236
1 14 -0.0495999 -0.73
2 14 -0.0560799 -0.73216
0 15 0.0432802 -0.6652
1 15 0.0216801 -0.6652
2 15 0.0130402 -0.66736
0 16 -0.199 -0.2872
1 16 -0.22024 -0.28504
2 16 -0.23104 -0.28504
0 17 0.00224012 -0.56584
1 17 -0.0171998 -0.56584
2 17 -0.0258399 -0.568
0 18 -0.0279999 -0.72136
1 18 -0.0495998 -0.72352
2 18 -0.0560799 -0.72352
0 19 -0.19648 -0.282016
1 19 -0.219808 -0.284608
2 19 -0.230176 -0.284608
0 20 0.201859 -0.290829
1 20 0.188173 -0.290829
2 20 0.181952 -0.292384
0 21 -0.0279999 -0.72136
1 21 -0.0487357 -0.722656
2 21 -0.0539198 -0.725248
0 22 0.0393922 -0.577504
1 22 0.0186562 -0.577504
2 22 0.0108802 -0.577504
0 23 -0.197517 -0.287096
1 23 -0.219289 -0.284608
2 23 -0.231731 -0.284608
0 24 0.0357635 -0.670297
1 24 0.0139907 -0.670297
2 24 0.00465946 -0.673408
0 25 -0.0295549 -0.729395
1 25 -0.0482173 -0.729395
2 25 -0.0575485 -0.732506
0 26 0.0388739 -0.576985
1 26 0.0171011 -0.576985
2 26 0.0108803 -0.576985
0 27 0.00465946 -0.564544
1 27 -0.0171134 -0.564544
2 27 -0.0264446 -0.567654
0 28 -0.0171134 -0.595648
1 28 -0.0357758 -0.595648
2 28 -0.045107 -0.595648
0 29 0.20528 -0.29368
1 29 0.188173 -0.290829
2 29 0.181952 -0.290829
0 30 0.0338973 -0.567032
1 30 0.0152349 -0.567032
2 30 0.0077699 -0.567032
0 31 -0.197517 -0.287096
1 31 -0.219911 -0.287096
2 31 -0.231109 -0.287096
0 32 0.201859 -0.290829
1 32 0.186929 -0.290829
2 32 0.179464 -0.290829
