93
0 0 -0.00729167 -0.679167
1 0 -0.0114583 -0.678125
2 0 -0.0135417 -0.679167
0 1 0.0479167 -0.723958
1 1 0.0437501 -0.72375
2 1 0.0416667 -0.723958
0 2 0.00833333 -0.673958
1 2 0.00416667 -0.672917
2 2 0.00208333 -0.673958
0 3 0.0833333 -0.816667
1 3 0.0802083 -0.816667
2 3 0.0770833 -0.816667
0 4 -0.161458 -0.6875
1 4 -0.167708 -0.686458
2 4 -0.172917 -0.690625
0 5 -0.0275 -0.71625
1 5 -0.0324999 -0.71625
2 5 -0.035 -0.71625
0 6 -0.03375 -0.7075
1 6 -0.0387499 -0.70625
2 6 -0.04125 -0.7075
0 7 0.0475 -0.72375
1 7 0.0437501 -0.72375
2 7 0.04125 -0.72375
0 8 0.225 -0.39125
1 8 0.224 -0.388
2 8 0.225 -0.38625
0 9 0.0562501 -0.78375
1 9 0.0525 -0.78375
2 9 0.0500001 -0.78375
0 10 0.0525 -0.81375
1 10 0.0487501 -0.81375
2 10 0.045 -0.81375
0 11 -0.225 -0.49
1 11 -0.23375 -0.48625
2 11 -0.24125 -0.48375
0 12 0.0605 -0.7855
1 12 0.056 -0.787
2 12 0.0530001 -0.787
0 13 -0.0324999 -0.721
1 13 -0.0355 -0.7195
2 13 -0.0385 -0.721
0 14 0.00800006 -0.6745
1 14 0.00500005 -0.673
2 14 0.00200005 -0.6745
0 15 0.000500043 -0.7495
1 15 -0.00249996 -0.748
2 15 -0.00549997 -0.7495
0 16 -0.00849997 -0.679
1 16 -0.0115 -0.679
2 16 -0.0145 -0.679
0 17 0.0155001 -0.6805
1 17 0.0125001 -0.6805
2 17 0.00950006 -0.6805
0 18 -0.034 -0.7075
1 18 -0.0385 -0.7075
2 18 -0.0415 -0.7075
0 19 0.0830001 -0.8155
1 19 0.0800001 -0.8155
2 19 0.077 -0.8155
0 20 0.0545001 -0.796
1 20 0.0500001 -0.796
2 20 0.0470001 -0.796
0 21 0.0515001 -0.814
1 21 0.0485001 -0.814
2 21 0.0455001 -0.814
0 22 0.035 -0.7495
1 22 0.032 -0.7495
2 22 0.029 -0.751
0 23 0.00980008 -0.6742
1 23 0.00620009 -0.6742
2 23 0.0026001 -0.6742
0 24 0.0170001 -0.6814
1 24 0.0134001 -0.6814
2 24 0.00980008 -0.6814
0 25 0.000800069 -0.7498
1 25 -0.00279992 -0.748
2 25 -0.00639992 -0.7498
0 26 0.0458001 -0.6814
1 26 0.0422001 -0.6814
2 26 0.0404001 -0.6814
0 27 0.00440013 -0.6904
1 27 0.000800069 -0.6904
2 27 -0.000999896 -0.6904
0 28 0.0476001 -0.6886
1 28 0.0440001 -0.6886
2 28 0.0422001 -0.6886
0 29 0.0458001 -0.7246
1 29 0.0422001 -0.7246
2 29 0.0386001 -0.7246
0 30 -0.136 -0.8038
1 30 -0.1414 -0.802
2 30 -0.1468 -0.8056
0 31 0.22256 -0.38872
1 31 0.224 -0.388
2 31 0.224 -0.3862
0 32 0.0512001 -0.82
1 32 0.0476001 -0.82
2 32 0.0458001 -0.82
0 33 0.00980008 -0.7984
1 33 0.00620009 -0.7984
2 33 0.0026001 -0.7984
0 34 -0.22456 -0.49024
1 34 -0.2332 -0.487
2 34 -0.2404 -0.4852
0 35 0.224 -0.3898
1 35 0.22256 -0.38656
2 35 0.22256 -0.3844
0 36 0.0497601 -0.79912
1 36 0.0454402 -0.79912
2 36 0.0432802 -0.79912
0 37 0.00872014 -0.77104
1 37 0.00440013 -0.77104
2 37 0.00224012 -0.77104
0 38 0.0454402 -0.80776
1 38 0.0411201 -0.80776
2 38 0.0389601 -0.80776
0 39 0.0152002 -0.79048
1 39 0.0108802 -0.79048
2 39 0.00872014 -0.79048
0 40 -0.0193598 -0.8164
1 40 -0.0236799 -0.8164
2 40 -0.0279999 -0.8164
0 41 0.0735202 -0.62416
1 41 0.0713601 -0.622
2 41 0.0692001 -0.62416
0 42 0.0519201 -0.82072
1 42 0.0476002 -0.82072
2 42 0.0454402 -0.82072
0 43 0.0476002 -0.68032
1 43 0.0432802 -0.68032
2 43 0.0411201 -0.68032
0 44 0.0108802 -0.676
1 44 0.00656013 -0.67384
2 44 0.00440013 -0.676
0 45 0.0476002 -0.68896
1 45 0.0432802 -0.68896
2 45 0.0411201 -0.68896
0 46 0.0713601 -0.81208
1 46 0.0692001 -0.81208
2 46 0.0648802 -0.81208
0 47 0.223424 -0.39088
1 47 0.223424 -0.385696
2 47 0.223424 -0.385696
0 48 0.0471682 -0.68896
1 48 0.0445763 -0.68896
2 48 0.0419842 -0.68896
0 49 -0.162784 -0.691552
1 49 -0.167968 -0.691552
2 49 -0.173152 -0.691552
0 50 -0.0305918 -0.691552
1 50 -0.0357758 -0.691552
2 50 -0.0383678 -0.691552
0 51 -0.0193598 -0.8164
1 51 -0.0228158 -0.815968
2 51 -0.0254078 -0.815968
0 52 0.0471682 -0.808192
1 52 0.0419842 -0.808192
2 52 0.0393922 -0.808192
0 53 0.0679043 -0.8056
1 53 0.0653123 -0.8056
2 53 0.0627202 -0.8056
0 54 0.0497602 -0.821152
1 54 0.0471682 -0.81856
2 54 0.0445763 -0.821152
0 55 0.00828826 -0.771904
1 55 0.00569623 -0.771904
2 55 0.00310421 -0.771904
0 56 -0.224992 -0.40384
1 56 -0.232768 -0.398656
2 56 -0.240544 -0.398656
0 57 0.0834563 -0.815968
1 57 0.0782722 -0.815968
2 57 0.0756803 -0.815968
0 58 0.222388 -0.390361
1 58 0.222388 -0.387251
2 58 0.222388 -0.384141
0 59 0.00465946 -0.69207
1 59 0.00154908 -0.69207
2 59 -0.00156136 -0.69207
0 60 0.0264323 -0.682739
1 60 0.0233219 -0.682739
2 60 0.0202115 -0.682739
0 61 -0.0140029 -0.676518
1 61 -0.0171134 -0.676518
2 61 -0.0202237 -0.679629
0 62 0.0513155 -0.679629
1 62 0.0482051 -0.679629
2 62 0.0450947 -0.679629
0 63 -0.0326653 -0.710733
1 63 -0.0357758 -0.710733
2 63 -0.0388861 -0.713843
0 64 0.0139907 -0.676518
1 64 0.0108803 -0.676518
2 64 0.0077699 -0.676518
0 65 0.0139907 -0.682739
1 65 0.0108803 -0.682739
2 65 0.0077699 -0.682739
0 66 0.0482051 -0.797824
1 66 0.0450947 -0.797824
2 66 0.0419843 -0.797824
0 67 -0.157081 -0.489894
1 67 -0.160192 -0.486784
2 67 -0.166413 -0.486784
0 68 0.0482051 -0.807155
1 68 0.0450947 -0.807155
2 68 0.0419843 -0.807155
0 69 -0.0171134 -0.813376
1 69 -0.0233341 -0.813376
2 69 -0.0264446 -0.813376
0 70 -0.0357758 -0.832038
1 70 -0.0388861 -0.832038
2 70 -0.0419965 -0.832038
0 71 0.0482051 -0.819597
1 71 0.0450947 -0.819597
2 71 0.0419843 -0.819597
0 72 0.0606467 -0.794714
1 72 0.0575363 -0.794714
2 72 0.0544259 -0.794714
0 73 -0.135309 -0.807155
1 73 -0.141529 -0.807155
2 73 -0.14775 -0.810266
0 74 0.0668674 -0.807155
1 74 0.0637571 -0.807155
2 74 0.0606467 -0.807155
0 75 -0.132198 -0.797824
1 75 -0.138419 -0.797824
2 75 -0.14464 -0.800934
0 76 -0.22551 -0.402803
1 76 -0.231731 -0.399693
2 76 -0.241062 -0.396582
0 77 -0.224992 -0.491968
1 77 -0.231731 -0.486784
2 77 -0.241062 -0.486784
0 78 -0.0357758 -0.832038
1 78 -0.0407523 -0.832038
2 78 -0.0444848 -0.832038
0 79 0.0488272 -0.820841
1 79 0.0450947 -0.820841
2 79 0.0413623 -0.820841
0 80 -0.0332874 -0.712599
1 80 -0.0370199 -0.712599
2 80 -0.0407523 -0.712599
0 81 0.000304921 -0.671542
1 81 -0.00342757 -0.671542
2 81 -0.00716 -0.671542
0 82 0.0488272 -0.798446
1 82 0.0450947 -0.798446
2 82 0.0413623 -0.798446
0 83 0.0600246 -0.794714
1 83 0.0562922 -0.794714
2 83 0.0525597 -0.794714
0 84 0.0413623 -0.690204
1 84 0.0376298 -0.690204
2 84 0.0338973 -0.690204
0 85 0.0488272 -0.682739
1 85 0.0450947 -0.682739
2 85 0.0413623 -0.682739
0 86 -0.0332874 -0.679007
1 86 -0.0370199 -0.679007
2 86 -0.0407523 -0.679007
0 87 0.223424 -0.39088
1 87 0.222388 -0.387251
2 87 0.220521 -0.384141
0 88 0.0824195 -0.817108
1 88 0.078687 -0.817108
2 88 0.0749546 -0.817108
0 89 -0.22551 -0.402803
1 89 -0.231731 -0.399693
2 89 -0.238574 -0.399071
0 90 0.0152349 -0.679007
1 90 0.0115024 -0.679007
2 90 0.0077699 -0.679007
0 91 -0.148994 -0.484918
1 91 -0.152727 -0.484918
2 91 -0.156459 -0.481185
0 92 0.00403741 -0.742459
1 92 0.000304921 -0.742459
2 92 -0.00342757 -0.742459
