127
0 0 0.009375 -0.6
1 0 0.00520833 -0.601042
2 0 0.003125 -0.604167
0 1 -0.0239583 -0.601042
1 1 -0.028125 -0.603125
2 1 -0.0302083 -0.605208
0 2 0.123958 -0.320833
1 2 0.12125 -0.3225
2 2 0.122917 -0.325
0 3 -0.232292 -0.723958
1 3 -0.236458 -0.725
2 3 -0.239583 -0.725
0 4 -0.05625 -0.719792
1 4 -0.06125 -0.7225
2 4 -0.0645833 -0.723958
0 5 -0.10625 -0.461458
1 5 -0.10875 -0.4625
2 5 -0.110417 -0.463542
0 6 -0.107292 -0.458333
1 6 -0.110417 -0.459375
2 6 -0.111458 -0.460417
0 7 0.0541667 -0.452083
1 7 0.0510417 -0.455208
2 7 0.05 -0.457292
0 8 0.4 -0.903125
1 8 0.398958 -0.907292
2 8 0.4 -0.913542
0 9 -0.0499999 -0.60125
1 9 -0.05375 -0.60375
2 9 -0.0562499 -0.60625
0 10 -0.02375 -0.60125
1 10 -0.0275 -0.60375
2 10 -0.03 -0.605
0 11 0.00875003 -0.6
1 11 0.00500005 -0.6025
2 11 0.00250003 -0.605
0 12 -0.106 -0.4615
1 12 -0.10875 -0.4625
2 12 -0.11 -0.46375
0 13 -0.22875 -0.72
1 13 -0.2325 -0.72125
2 13 -0.23625 -0.72125
0 14 -0.1075 -0.4575
1 14 -0.11 -0.45875
2 14 -0.11125 -0.46
0 15 -0.0562499 -0.72
1 15 -0.06125 -0.7225
2 15 -0.0637499 -0.725
0 16 0.12375 -0.32125
1 16 0.12125 -0.3225
2 16 0.1225 -0.325
0 17 0.2675 -0.78125
1 17 0.265 -0.78375
2 17 0.265 -0.78875
0 18 -0.0199999 -0.58
1 18 -0.0225 -0.5825
2 18 -0.0262499 -0.58375
0 19 -0.0437499 -0.5775
1 19 -0.0475 -0.58
2 19 -0.0499999 -0.58125
0 20 -0.0874999 -0.64375
1 20 -0.09125 -0.645
2 20 -0.0937499 -0.6475
0 21 -0.0324999 -0.5775
1 21 -0.03625 -0.57875
2 21 -0.0387499 -0.58125
0 22 -0.0262499 -0.5775
1 22 -0.03 -0.57875
2 22 -0.0324999 -0.58125
0 23 -0.20625 -0.7
1 23 -0.21125 -0.70125
2 23 -0.21375 -0.70125
0 24 -0.04875 -0.575
1 24 -0.0525 -0.57625
2 24 -0.055 -0.57875
0 25 -0.02125 -0.575
1 25 -0.02375 -0.5775
2 25 -0.0262499 -0.57875
0 26 -0.22625 -0.69875
1 26 -0.23125 -0.7
2 26 -0.23375 -0.7
0 27 -0.205 -0.6955
1 27 -0.2095 -0.697
2 27 -0.2125 -0.697
0 28 -0.0505 -0.6025
1 28 -0.0535 -0.604
2 28 -0.0565 -0.607
0 29 -0.0205 -0.5755
1 29 -0.0234999 -0.577
2 29 -0.0264999 -0.58
0 30 -0.211 -0.697
1 30 -0.2155 -0.697
2 30 -0.2185 -0.697
0 31 -0.2275 -0.724
1 31 -0.232 -0.7255
2 31 -0.235 -0.7255
0 32 -0.2065 -0.724
1 32 -0.211 -0.724
2 32 -0.214 -0.7255
0 33 -0.202 -0.6985
1 33 -0.2065 -0.6985
2 33 -0.2095 -0.6985
0 34 -0.0565 -0.721
1 34 -0.0603999 -0.7228
2 34 -0.0639999 -0.7255
0 35 -0.232 -0.7
1 35 -0.2365 -0.7015
2 35 -0.2395 -0.7015
0 36 -0.208 -0.7165
1 36 -0.2125 -0.718
2 36 -0.2155 -0.718
0 37 -0.211 -0.7015
1 37 -0.214 -0.7015
2 37 -0.2185 -0.703
0 38 -0.0895 -0.6445
1 38 -0.0925 -0.646
2 38 -0.0955 -0.6475
0 39 0.506 -0.6445
1 39 0.5075 -0.645
2 39 0.512 -0.649
0 40 -0.2365 -0.3325
1 40 -0.2395 -0.3325
2 40 -0.2395 -0.3325
0 41 0.00500005 -0.604
1 41 0.00200005 -0.6055
2 41 -0.000999959 -0.6085
0 42 -0.2275 -0.6985
1 42 -0.232 -0.7
2 42 -0.235 -0.7
0 43 -0.0445 -0.5785
1 43 -0.0475 -0.58
2 43 -0.0505 -0.5815
0 44 -0.5446 -0.6166
1 44 -0.55 -0.6148
2 44 -0.553 -0.6115
0 45 0.00800006 -0.667
1 45 0.00350005 -0.6685
2 45 0.000500043 -0.6715
0 46 0.1235 -0.3205
1 46 0.122 -0.322
2 46 0.122 -0.325
0 47 -0.1054 -0.4618
1 47 -0.109 -0.463
2 47 -0.109 -0.4645
0 48 -0.034 -0.6655
1 48 -0.0385 -0.6685
2 48 -0.0415 -0.67
0 49 -0.1075 -0.4575
1 49 -0.1105 -0.4585
2 49 -0.112 -0.46
0 50 -0.2116 -0.6958
1 50 -0.2152 -0.6976
2 50 -0.2188 -0.6976
0 51 -0.2044 -0.6958
1 51 -0.2098 -0.6976
2 51 -0.2134 -0.6976
0 52 -0.2152 -0.6994
1 52 -0.2188 -0.6994
2 52 -0.2224 -0.6994
0 53 -0.0495999 -0.604
1 53 -0.0531999 -0.604
2 53 -0.0549999 -0.6076
0 54 -0.2008 -0.7012
1 54 -0.2044 -0.703
2 54 -0.208 -0.703
0 55 -0.2278 -0.7048
1 55 -0.2314 -0.7066
2 55 -0.235 -0.7066
0 56 -0.0495999 -0.6706
1 56 -0.0531999 -0.6706
2 56 -0.0567999 -0.6742
0 57 -0.2062 -0.7174
1 57 -0.2116 -0.7174
2 57 -0.2134 -0.7192
0 58 -0.0189999 -0.577
1 58 -0.0225999 -0.5788
2 58 -0.0243999 -0.5806
0 59 -0.0351999 -0.577
1 59 -0.0387999 -0.5788
2 59 -0.0405999 -0.5806
0 60 -0.0567999 -0.721
1 60 -0.0603999 -0.7228
2 60 -0.0639999 -0.7246
0 61 -0.2368 -0.3322
1 61 -0.2386 -0.3322
2 61 -0.2386 -0.3322
0 62 -0.2296 -0.7228
1 62 -0.235 -0.7246
2 62 -0.2386 -0.7246
0 63 0.00980008 -0.6616
1 63 0.00800012 -0.6652
2 63 0.00440013 -0.667
0 64 0.00800012 -0.667
1 64 0.0026001 -0.6688
2 64 0.000800069 -0.6724
0 65 0.1232 -0.3196
1 65 0.1214 -0.3232
2 65 0.1214 -0.325
0 66 0.323 -0.7498
1 66 0.3212 -0.7516
2 66 0.3212 -0.757
0 67 -0.23752 -0.33256
1 67 -0.23752 -0.3304
2 67 -0.23752 -0.3304
0 68 -0.0258399 -0.58528
1 68 -0.0301599 -0.58744
2 68 -0.0323199 -0.5896
0 69 0.00872014 -0.58312
1 69 0.00656013 -0.58528
2 69 0.00224012 -0.58744
0 70 -0.0495998 -0.59176
1 70 -0.0539199 -0.59176
2 70 -0.0560799 -0.59392
0 71 -0.20512 -0.71704
1 71 -0.20944 -0.7192
2 71 -0.21376 -0.7192
0 72 -0.20728 -0.72352
1 72 -0.2116 -0.72352
2 72 -0.21592 -0.72352
0 73 0.00656013 -0.66736
1 73 0.00224012 -0.66952
2 73 8.01722e-05 -0.67168
0 74 -0.0495998 -0.66952
1 74 -0.0539199 -0.67168
2 74 -0.0560799 -0.67384
0 75 0.1232 -0.31744
1 75 0.12104 -0.32176
2 75 0.12104 -0.32392
0 76 0.28088 -0.82288
1 76 0.27872 -0.82504
2 76 0.27872 -0.83152
0 77 -0.0495998 -0.60472
1 77 -0.0517598 -0.60688
2 77 -0.0560799 -0.60904
0 78 0.50768 -0.64576
1 78 0.5084 -0.6454
2 78 0.51416 -0.65008
0 79 0.0216801 -0.65656
1 79 0.0173601 -0.65872
2 79 0.0152002 -0.66088
0 80 -0.0560799 -0.72136
1 80 -0.0603999 -0.72352
2 80 -0.0625599 -0.72568
0 81 -0.0474399 -0.5788
1 81 -0.0495998 -0.58096
2 81 -0.0517598 -0.58096
0 82 0.28304 -0.8272
1 82 0.28304 -0.83152
2 82 0.28088 -0.83584
0 83 -0.63928 -0.62632
1 83 -0.64576 -0.62416
2 83 -0.64792 -0.61984
0 84 -0.0539198 -0.72784
1 84 -0.0603999 -0.73
2 84 -0.0625599 -0.73216
0 85 0.28304 -0.823744
1 85 0.280448 -0.826336
2 85 0.280448 -0.83152
0 86 -0.212032 -0.696736
1 86 -0.214624 -0.699328
2 86 -0.219808 -0.699328
0 87 -0.0461438 -0.59824
1 87 -0.0487357 -0.600832
2 87 -0.0513278 -0.600832
0 88 0.0134722 -0.574912
1 88 0.00828826 -0.577504
2 88 0.00828826 -0.580096
0 89 -0.0539198 -0.720064
1 89 -0.0603999 -0.72352
2 89 -0.0616958 -0.725248
0 90 0.00569623 -0.577504
1 90 0.00051225 -0.580096
2 90 -0.00207977 -0.582688
0 91 0.00828826 -0.58528
1 91 0.00569623 -0.587872
2 91 0.00310421 -0.587872
0 92 0.122336 -0.320896
1 92 0.119744 -0.320896
2 92 0.119744 -0.323488
0 93 0.0497602 -0.71488
1 93 0.0471682 -0.717472
2 93 0.0445763 -0.720064
0 94 -0.23536 -0.331264
1 94 -0.237952 -0.331264
2 94 -0.237952 -0.331264
0 95 -0.230176 -0.70192
1 95 -0.23536 -0.70192
2 95 -0.237952 -0.70192
0 96 -0.0539198 -0.72784
1 96 -0.0591038 -0.730432
2 96 -0.0642878 -0.733024
0 97 -0.0487357 -0.577504
1 97 -0.0513278 -0.580096
2 97 -0.0539198 -0.582688
0 98 -0.227584 -0.722656
1 98 -0.232768 -0.725248
2 98 -0.23536 -0.725248
0 99 -0.0357758 -0.577504
1 99 -0.0383678 -0.577504
2 99 -0.0409598 -0.580096
0 100 0.601856 -0.65008
1 100 0.604448 -0.65008
2 100 0.612224 -0.655264
0 101 -0.228621 -0.723174
1 101 -0.231731 -0.723174
2 101 -0.234841 -0.723174
0 102 -0.0264446 -0.586317
1 102 -0.0295549 -0.589427
2 102 -0.0326653 -0.589427
0 103 0.0077699 -0.586317
1 103 0.00465946 -0.586317
2 103 0.00154908 -0.589427
0 104 -0.206848 -0.698291
1 104 -0.213069 -0.698291
2 104 -0.216179 -0.698291
0 105 -0.209958 -0.720064
1 105 -0.213069 -0.723174
2 105 -0.216179 -0.723174
0 106 0.122336 -0.320896
1 106 0.119744 -0.321933
2 106 0.119744 -0.325043
0 107 -0.0513278 -0.60809
1 107 -0.0544381 -0.60809
2 107 -0.0575485 -0.6112
0 108 0.00465946 -0.667187
1 108 0.00154908 -0.670297
2 108 -0.00156136 -0.673408
0 109 -0.234841 -0.331886
1 109 -0.237952 -0.331264
2 109 -0.237952 -0.331264
0 110 -0.0140029 -0.576985
1 110 -0.0183575 -0.581962
2 110 -0.0202237 -0.580096
0 111 -0.548992 -0.760499
1 111 -0.555213 -0.760499
2 111 -0.558323 -0.757389
0 112 -0.228621 -0.710733
1 112 -0.234841 -0.713843
2 112 -0.237952 -0.713843
0 113 -0.0357758 -0.576985
1 113 -0.0388861 -0.576985
2 113 -0.0419965 -0.580096
0 114 -0.0482173 -0.589427
1 114 -0.0519498 -0.589427
2 114 -0.0556823 -0.59316
0 115 -0.54837 -0.761121
1 115 -0.555835 -0.761121
2 115 -0.559567 -0.757389
0 116 0.0077699 -0.57823
1 116 0.0077699 -0.57823
2 116 0.00403741 -0.581962
0 117 0.119744 -0.320688
1 117 0.119744 -0.320688
2 117 0.119744 -0.324421
0 118 -0.014625 -0.57823
1 118 -0.0183575 -0.581962
2 118 -0.02209 -0.581962
0 119 -0.227376 -0.701402
1 119 -0.231109 -0.705134
2 119 -0.234841 -0.705134
0 120 -0.234841 -0.331886
1 120 -0.238574 -0.331886
2 120 -0.238574 -0.331886
0 121 -0.231109 -0.712599
1 121 -0.234841 -0.712599
2 121 -0.238574 -0.712599
0 122 -0.0295549 -0.667809
1 122 -0.0332874 -0.671542
2 122 -0.0370199 -0.671542
0 123 0.0077699 -0.589427
1 123 0.00403741 -0.589427
2 123 0.000304921 -0.59316
0 124 -0.0482173 -0.600625
1 124 -0.0519498 -0.600625
2 124 -0.0519498 -0.604357
0 125 -0.208714 -0.723796
1 125 -0.212446 -0.723796
2 125 -0.216179 -0.723796
0 126 -0.227376 -0.723796
1 126 -0.231109 -0.723796
2 126 -0.234841 -0.723796
