73
0 0 0.0802083 -0.634375
1 0 0.1 -0.636458
2 0 0.110417 -0.644792
0 1 -0.33625 -0.9
1 1 -0.32375 -0.91125
2 1 -0.3275 -0.92125
0 2 0.09 -0.72625
1 2 0.11125 -0.72875
2 2 0.12 -0.73875
0 3 0.05375 -0.63875
1 3 0.075 -0.64125
2 3 0.08375 -0.64875
0 4 0.1775 -0.4465
1 4 0.197 -0.445
2 4 0.21 -0.4525
0 5 0.0125001 -0.845
1 5 0.0333333 -0.848958
2 5 0.04125 -0.86
0 6 -0.0749999 -0.46125
1 6 -0.0574999 -0.4625
2 6 -0.0499999 -0.4675
0 7 0.35625 -0.8625
1 7 0.38625 -0.86625
2 7 0.4 -0.8825
0 8 0.023 -0.6355
1 8 0.0425001 -0.6385
2 8 0.0515001 -0.646
0 9 0.0515001 -0.631
1 9 0.0725001 -0.634
2 9 0.0815 -0.6415
0 10 0.0800001 -0.6415
1 10 0.0995 -0.6445
2 10 0.11 -0.652
0 11 0.0125001 -0.8455
1 11 0.0332001 -0.8506
2 11 0.041 -0.8605
0 12 -0.0749999 -0.46125
1 12 -0.0574999 -0.4625
2 12 -0.0505 -0.4675
0 13 0.1775 -0.4465
1 13 0.197 -0.445
2 13 0.209 -0.4525
0 14 0.0800001 -0.6418
1 14 0.0998001 -0.6436
2 14 0.1088 -0.6526
0 15 0.0152001 -0.6454
1 15 0.0350001 -0.649
2 15 0.0440001 -0.6562
0 16 -0.0747999 -0.46
1 16 -0.0567999 -0.4636
2 16 -0.0495999 -0.4672
0 17 -0.0693999 -0.5212
1 17 -0.0531999 -0.523
2 17 -0.0459999 -0.5284
0 18 0.035 -0.745
1 18 0.0566001 -0.7498
2 18 0.0656001 -0.7588
0 19 0.0872002 -0.7462
1 19 0.1088 -0.7498
2 19 0.1178 -0.7588
0 20 0.0818001 -0.6346
1 20 0.1016 -0.6364
2 20 0.1106 -0.6454
0 21 -0.3178 -0.8848
1 21 -0.3052 -0.8956
2 21 -0.3088 -0.9046
0 22 0.0458001 -0.6346
1 22 0.0656001 -0.6364
2 22 0.0746001 -0.6454
0 23 0.0125001 -0.8455
1 23 0.0332001 -0.8506
2 23 0.0422001 -0.8614
0 24 -0.0366398 -0.72784
1 24 -0.0171998 -0.73
2 24 -0.0107199 -0.73864
0 25 -0.0693999 -0.5212
1 25 -0.0517598 -0.52264
2 25 -0.0452799 -0.52912
0 26 0.0346401 -0.74512
1 26 0.0562401 -0.74728
2 26 0.0648802 -0.75808
0 27 0.0872002 -0.7462
1 27 0.10808 -0.74944
2 27 0.11672 -0.75808
0 28 -0.32824 -0.88336
1 28 -0.31528 -0.89416
2 28 -0.3196 -0.9028
0 29 -0.32176 -0.88336
1 29 -0.3088 -0.89416
2 29 -0.31312 -0.9028
0 30 0.0756802 -0.64144
1 30 0.0972801 -0.6436
2 30 0.10592 -0.65224
0 31 0.0411201 -0.6436
1 31 0.0605602 -0.64576
2 31 0.0692001 -0.6544
0 32 0.0821602 -0.73864
1 32 0.10376 -0.7408
2 32 0.11456 -0.74944
0 33 0.0152002 -0.6544
1 33 0.0346401 -0.65656
2 33 0.0454402 -0.6652
0 34 0.0130402 -0.84664
1 34 0.0332001 -0.8506
2 34 0.0411201 -0.86176
0 35 -0.0733599 -0.46
1 35 -0.0567999 -0.4636
2 35 -0.0495998 -0.46648
0 36 -0.388288 -0.885952
1 36 -0.37792 -0.89632
2 36 -0.383104 -0.904096
0 37 0.0834563 -0.730432
1 37 0.106784 -0.733024
2 37 0.11456 -0.743392
0 38 0.0834563 -0.634528
1 38 0.104192 -0.63712
2 38 0.11456 -0.644896
0 39 -0.323488 -0.88336
1 39 -0.310528 -0.893728
2 39 -0.31312 -0.904096
0 40 -0.367552 -0.880768
1 40 -0.354592 -0.891136
2 40 -0.359776 -0.901504
0 41 0.0860483 -0.745984
1 41 0.106784 -0.748576
2 41 0.117152 -0.758944
0 42 0.0212482 -0.63712
1 42 0.0393922 -0.639712
2 42 0.0497602 -0.647488
0 43 -0.0720638 -0.460864
1 43 -0.0567999 -0.4636
2 43 -0.0487357 -0.466048
0 44 0.0134722 -0.847072
1 44 0.0342082 -0.852256
2 44 0.0419842 -0.862624
0 45 0.176768 -0.445312
1 45 0.197 -0.4456
2 45 0.207872 -0.450496
0 46 -0.368589 -0.881805
1 46 -0.356147 -0.891136
2 46 -0.362368 -0.900467
0 47 -0.334374 -0.872474
1 47 -0.321933 -0.884915
2 47 -0.325043 -0.894246
0 48 0.0202115 -0.660966
1 48 0.0388739 -0.664077
2 48 0.0482051 -0.670297
0 49 0.0171011 -0.670297
1 49 0.0357635 -0.673408
2 49 0.0450947 -0.679629
0 50 0.0295427 -0.741837
1 50 0.0513155 -0.744947
2 50 0.0575363 -0.754278
0 51 -0.312601 -0.878694
1 51 -0.297049 -0.888026
2 51 -0.30327 -0.897357
0 52 -0.0544381 -0.657856
1 52 -0.0357758 -0.660966
2 52 -0.0295549 -0.664077
0 53 0.0139907 -0.84759
1 53 0.0342082 -0.852256
2 53 0.0419843 -0.863142
0 54 0.0824195 -0.738726
1 54 0.104192 -0.741837
2 54 0.113523 -0.751168
0 55 0.0357635 -0.632973
1 55 0.0544259 -0.636083
2 55 0.0637571 -0.642304
0 56 0.0202115 -0.636083
1 56 0.0388739 -0.639194
2 56 0.0482051 -0.645414
0 57 -0.0720638 -0.460864
1 57 -0.0567999 -0.4636
2 57 -0.0482173 -0.465011
0 58 0.0413623 -0.749924
1 58 0.0600246 -0.753656
2 58 0.0712221 -0.761121
0 59 0.675884 -0.436395
1 59 0.713209 -0.447593
2 59 0.739336 -0.455058
0 60 -0.0731005 -0.45879
1 60 -0.0556823 -0.462523
2 60 -0.0482173 -0.466255
0 61 0.0413623 -0.623019
1 61 0.0600246 -0.626752
2 61 0.0712221 -0.634217
0 62 0.0338973 -0.634217
1 62 0.0562922 -0.637949
2 62 0.0637571 -0.645414
0 63 0.078687 -0.645414
1 63 0.0973494 -0.645414
2 63 0.104814 -0.652879
0 64 0.0413623 -0.645414
1 64 0.0637571 -0.649147
2 64 0.0712221 -0.656612
0 65 -0.0519498 -0.731261
1 65 -0.0295549 -0.734994
2 65 -0.02209 -0.742459
0 66 0.0189673 -0.660344
1 66 0.0376298 -0.664077
2 66 0.0488272 -0.671542
0 67 0.0189673 -0.749924
1 67 0.0388739 -0.754278
2 67 0.0488272 -0.761121
0 68 0.0824195 -0.749924
1 68 0.108547 -0.749924
2 68 0.116012 -0.761121
0 69 0.0301648 -0.742459
1 69 0.0525597 -0.746191
2 69 0.0600246 -0.753656
0 70 0.104814 -0.645414
1 70 0.123477 -0.645414
2 70 0.134674 -0.652879
0 71 -0.0544381 -0.657856
1 71 -0.0370199 -0.664077
2 71 -0.0295549 -0.667809
0 72 0.175732 -0.447593
1 72 0.194394 -0.44386
2 72 0.205591 -0.451325
