30
0 0 0.0787501 -0.65375
1 0 0.075 -0.655
2 0 0.0375001 -0.655
0 1 0.0875 -0.84
1 1 0.0825001 -0.8425
2 1 0.045 -0.84625
0 2 0.0787501 -0.68125
1 2 0.075 -0.6825
2 2 0.0375001 -0.685
0 3 0.0860001 -0.841
1 3 0.0815 -0.844
2 3 0.0440001 -0.847
0 4 0.0335 -0.8095
1 4 0.0275 -0.8125
2 4 -0.0115 -0.8155
0 5 0.00500005 -0.7825
1 5 -0.000999959 -0.7855
2 5 -0.04 -0.787
0 6 0.128 -0.664
1 6 0.1235 -0.6655
2 6 0.0875 -0.6655
0 7 0.0188001 -0.64
1 7 0.0134001 -0.64
2 7 -0.0243999 -0.64
0 8 0.0368001 -0.7264
1 8 0.0314001 -0.7282
2 8 -0.00639992 -0.73
0 9 0.0872002 -0.8416
1 9 0.0818001 -0.8434
2 9 0.0440001 -0.847
0 10 0.00656013 -0.65008
1 10 0.00224012 -0.65224
2 10 -0.0366398 -0.65224
0 11 0.0324802 -0.75376
1 11 0.0281602 -0.75592
2 11 -0.0107199 -0.75808
0 12 0.0864802 -0.8488
1 12 0.0821602 -0.85096
2 12 0.0454402 -0.85528
0 13 0.0195201 -0.64144
1 13 0.0152002 -0.64144
2 13 -0.0236799 -0.64144
0 14 0.0864802 -0.84232
1 14 0.0821602 -0.84448
2 14 0.0432802 -0.8488
0 15 0.0782722 -0.652672
1 15 0.0756803 -0.652672
2 15 0.0368003 -0.652672
0 16 0.0808642 -0.68896
1 16 0.0756803 -0.68896
2 16 0.0393922 -0.691552
0 17 0.0368003 -0.813376
1 17 0.0290243 -0.815968
2 17 -0.00985578 -0.81856
0 18 0.0523523 -0.655264
1 18 0.0471682 -0.655264
2 18 0.0108802 -0.655264
0 19 -0.0124477 -0.652672
1 19 -0.0176318 -0.652672
2 19 -0.0565118 -0.652672
0 20 0.0793091 -0.651635
1 20 0.0761987 -0.651635
2 20 0.0388739 -0.651635
0 21 0.0855298 -0.84759
1 21 0.0793091 -0.850701
2 21 0.0419843 -0.853811
0 22 0.0513155 -0.654746
1 22 0.0450947 -0.654746
2 22 0.0077699 -0.654746
0 23 0.0793091 -0.68896
1 23 0.0730883 -0.69207
2 23 0.0357635 -0.69207
0 24 0.0357635 -0.813376
1 24 0.0295427 -0.816486
2 24 -0.0108926 -0.819597
0 25 -0.0140029 -0.651635
1 25 -0.0202237 -0.651635
2 25 -0.0575485 -0.651635
0 26 0.0264323 -0.657856
1 26 0.0202115 -0.657856
2 26 -0.0171134 -0.657856
0 27 -0.0556823 -0.716331
1 27 -0.0594147 -0.716331
2 27 -0.100472 -0.716331
0 28 0.0226998 -0.645414
1 28 0.0189673 -0.645414
2 28 -0.0183575 -0.645414
0 29 0.0637571 -0.664077
1 29 0.0600246 -0.664077
2 29 0.0226998 -0.664077
