8
0 0 -0.00726376 -0.655264
1 0 0.0445763 -0.655264
2 0 0.0730882 -0.655264
0 1 -0.0279998 -0.639712
1 1 0.0212482 -0.639712
2 1 0.0523523 -0.639712
0 2 -0.387251 -0.68585
1 2 -0.340595 -0.68585
2 2 -0.318822 -0.68896
0 3 -0.0544381 -0.657856
1 3 -0.00467173 -0.657856
2 3 0.0264323 -0.657856
0 4 0.3305 -0.232
1 4 0.3932 -0.21808
2 4 0.424564 -0.203737
0 5 -0.0108925 -0.660344
1 5 0.0413623 -0.656612
2 5 0.0712221 -0.660344
0 6 0.000304921 -0.637949
1 6 0.0488272 -0.637949
2 6 0.078687 -0.637949
0 7 -0.0780772 -0.787249
1 7 -0.0295549 -0.783516
2 7 0.00403741 -0.787249
