52
0 0 -0.0425 -0.64375
1 0 -0.035 -0.63875
2 0 -0.00374997 -0.63875
0 1 -0.09125 -0.6475
1 1 -0.08375 -0.645
2 1 -0.0525 -0.64375
0 2 -0.14 -0.5975
1 2 -0.135 -0.59375
2 2 -0.105 -0.59125
0 3 -0.10625 -0.76875
1 3 -0.09875 -0.76625
2 3 -0.06625 -0.76625
0 4 -0.12125 -0.58375
1 4 -0.115 -0.58
2 4 -0.085 -0.5775
0 5 -0.09 -0.7275
1 5 -0.0824999 -0.725
2 5 -0.0512499 -0.72375
0 6 -0.0999999 -0.78625
1 6 -0.0925 -0.7825
2 6 -0.06 -0.7825
0 7 -0.0264999 -0.916
1 7 -0.016 -0.913
2 7 0.0155001 -0.916
0 8 -0.076 -0.7675
1 8 -0.0669999 -0.763
2 8 -0.0355 -0.763
0 9 -0.09125 -0.6475
1 9 -0.0835 -0.6445
2 9 -0.052 -0.6445
0 10 -0.22 -0.6655
1 10 -0.214 -0.6625
2 10 -0.184 -0.661
0 11 -0.0445 -0.6925
1 11 -0.037 -0.6895
2 11 -0.00549997 -0.688
0 12 -0.079 -0.751
1 12 -0.0715 -0.748
2 12 -0.04 -0.748
0 13 -0.151 -0.7285
1 13 -0.1435 -0.7255
2 13 -0.1135 -0.724
0 14 -0.0207999 -0.9226
1 14 -0.0117999 -0.9208
2 14 0.0206001 -0.9226
0 15 -0.1795 -0.9205
1 15 -0.1702 -0.919
2 15 -0.1396 -0.9208
0 16 -0.0279999 -0.9208
1 16 -0.0189999 -0.919
2 16 0.0134001 -0.9208
0 17 -0.0261999 -0.9154
1 17 -0.0171999 -0.9136
2 17 0.0152001 -0.9154
0 18 -0.0423999 -0.6526
1 18 -0.0351999 -0.649
2 18 -0.00279992 -0.649
0 19 -0.1468 -0.748
1 19 -0.1396 -0.7444
2 19 -0.109 -0.7444
0 20 -0.17704 -0.92008
1 20 -0.17056 -0.91792
2 20 -0.13816 -0.92008
0 21 -0.0279999 -0.92008
1 21 -0.0171998 -0.91792
2 21 0.0130402 -0.92008
0 22 -0.0431199 -0.6868
1 22 -0.0366398 -0.68464
2 22 -0.00423985 -0.68248
0 23 -0.0431199 -0.6544
1 23 -0.0366398 -0.65008
2 23 -0.00423985 -0.65008
0 24 -0.21808 -0.6652
1 24 -0.21376 -0.66304
2 24 -0.18352 -0.66088
0 25 -0.0452799 -0.77968
1 25 -0.0387999 -0.77536
2 25 -0.00639985 -0.77536
0 26 -0.0452799 -0.69328
1 26 -0.0387999 -0.68896
2 26 -0.00639985 -0.68896
0 27 0.0152002 -0.92224
1 27 0.0238401 -0.92008
2 27 0.0584002 -0.92224
0 28 -0.2296 -0.9244
1 28 -0.2224 -0.92224
2 28 -0.19216 -0.9244
0 29 -0.0755199 -0.7624
1 29 -0.0668798 -0.75808
2 29 -0.0344798 -0.75808
0 30 -0.00207984 -0.61336
1 30 0.00440013 -0.60904
2 30 0.0368001 -0.60688
0 31 -0.0435518 -0.655264
1 31 -0.0357758 -0.652672
2 31 -0.00467173 -0.65008
0 32 -0.152416 -0.730432
1 32 -0.14464 -0.72784
2 32 -0.113536 -0.72784
0 33 -0.152416 -0.751168
1 33 -0.14464 -0.748576
2 33 -0.113536 -0.748576
0 34 -0.108352 -0.720064
1 34 -0.100576 -0.720064
2 34 -0.0694718 -0.717472
0 35 -0.0979838 -0.784864
1 35 -0.0902078 -0.782272
2 35 -0.0565118 -0.782272
0 36 -0.0435518 -0.686368
1 36 -0.0357758 -0.683776
2 36 -0.00467173 -0.681184
0 37 -0.129088 -0.582688
1 37 -0.123904 -0.580096
2 37 -0.0927998 -0.577504
0 38 -0.0927998 -0.655264
1 38 -0.0850238 -0.652672
2 38 -0.0539198 -0.652672
0 39 -0.0575485 -0.598758
1 39 -0.0513278 -0.595648
2 39 -0.0202237 -0.592537
0 40 -0.0419965 -0.776051
1 40 -0.0326653 -0.772941
2 40 -0.00156136 -0.772941
0 41 -0.0886525 -0.601869
1 41 -0.0824317 -0.598758
2 41 -0.0513278 -0.595648
0 42 -0.0917629 -0.657856
1 42 -0.0855422 -0.654746
2 42 -0.0544381 -0.651635
0 43 -0.0979837 -0.785382
1 43 -0.0917629 -0.782272
2 43 -0.0575485 -0.782272
0 44 -0.0482173 -0.825818
1 44 -0.0388861 -0.822707
2 44 -0.00467173 -0.822707
0 45 -0.0332874 -0.779784
1 45 -0.0258224 -0.776051
2 45 0.0077699 -0.776051
0 46 -0.152727 -0.731261
1 46 -0.145262 -0.731261
2 46 -0.115402 -0.731261
0 47 -0.0556823 -0.600625
1 47 -0.0482173 -0.596892
2 47 -0.0183575 -0.59316
0 48 -0.0892746 -0.764854
1 48 -0.0818097 -0.761121
2 48 -0.0482173 -0.761121
0 49 -0.145262 -0.817108
1 49 -0.137797 -0.813376
2 49 -0.104205 -0.813376
0 50 -0.0967396 -0.787249
1 50 -0.0892746 -0.783516
2 50 -0.0556823 -0.783516
0 51 -0.02209 -0.798446
1 51 -0.014625 -0.794714
2 51 0.0189673 -0.794714
