71
0 0 0.00625 -0.726042
1 0 0.0395833 -0.730208
2 0 0.0552083 -0.726042
0 1 -0.19375 -0.53125
1 1 -0.16625 -0.5325
2 1 -0.1575 -0.53
0 2 -0.03375 -0.6875
1 2 -0.00124995 -0.69125
2 2 0.01375 -0.6875
0 3 0.00750001 -0.69
1 3 0.04 -0.69375
2 3 0.0550001 -0.69
0 4 -0.00874996 -0.69125
1 4 0.0237501 -0.695
2 4 0.04 -0.69125
0 5 -0.192708 -0.460417
1 5 -0.16625 -0.46125
2 5 -0.1575 -0.45875
0 6 -0.1918 -0.46
1 6 -0.1648 -0.46
2 6 -0.157 -0.4585
0 7 -0.19375 -0.53125
1 7 -0.16625 -0.5325
2 7 -0.157 -0.5305
0 8 0.00800006 -0.817
1 8 0.0425001 -0.823
2 8 0.0605 -0.8185
0 9 -0.0264999 -0.79
1 9 0.00500005 -0.7945
2 9 0.023 -0.7915
0 10 0.00500005 -0.784
1 10 0.0395 -0.7885
2 10 0.056 -0.7855
0 11 -0.058 -0.6865
1 11 -0.0264999 -0.691
2 11 -0.0115 -0.688
0 12 0.00800006 -0.6985
1 12 0.0395 -0.7015
2 12 0.056 -0.697
0 13 0.1502 -0.4582
1 13 0.1835 -0.4585
2 13 0.197 -0.4474
0 14 -0.1918 -0.46
1 14 -0.1648 -0.46
2 14 -0.1558 -0.4582
0 15 0.00800012 -0.6904
1 15 0.0404001 -0.694
2 15 0.0548001 -0.6904
0 16 -0.1936 -0.532
1 16 -0.16624 -0.53344
2 16 -0.1558 -0.5302
0 17 -0.0711999 -0.8272
1 17 -0.0387999 -0.8326
2 17 -0.0207999 -0.829
0 18 -0.0585999 -0.811
1 18 -0.0261999 -0.8164
2 18 -0.00819988 -0.8128
0 19 0.00800012 -0.6976
1 19 0.0404001 -0.7012
2 19 0.0566001 -0.6976
0 20 -0.0189999 -0.6904
1 20 0.0116001 -0.694
2 20 0.0278001 -0.6904
0 21 0.00440013 -0.8056
1 21 0.0368001 -0.811
2 21 0.0548001 -0.8074
0 22 -0.19432 -0.53344
1 22 -0.16624 -0.53344
2 22 -0.1576 -0.53128
0 23 0.1502 -0.4582
1 23 0.1826 -0.4582
2 23 0.19664 -0.44704
0 24 -0.19216 -0.46
1 24 -0.1648 -0.46
2 24 -0.15544 -0.45784
0 25 -0.0236799 -0.69328
1 25 0.00872014 -0.6976
2 25 0.0238401 -0.69328
0 26 -0.0668798 -0.72568
1 26 -0.0366398 -0.72784
2 26 -0.0193598 -0.72568
0 27 0.00656013 -0.8164
1 27 0.0411201 -0.82288
2 27 0.0584002 -0.81856
0 28 -0.1936 -0.532
1 28 -0.16624 -0.53344
2 28 -0.15328 -0.53128
0 29 -0.16624 -0.69976
1 29 -0.136 -0.70192
2 29 -0.12304 -0.69976
0 30 -0.0582399 -0.81208
1 30 -0.0258399 -0.8164
2 30 -0.00855986 -0.81424
0 31 -0.0474399 -0.81208
1 31 -0.0171998 -0.81856
2 31 0.00224012 -0.81424
0 32 0.14912 -0.45784
1 32 0.181952 -0.45568
2 32 0.197504 -0.447904
0 33 -0.0616958 -0.68896
1 33 -0.0305918 -0.691552
2 33 -0.0150398 -0.68896
0 34 -0.0228158 -0.686368
1 34 0.00828826 -0.691552
2 34 0.0238403 -0.686368
0 35 0.00569623 -0.699328
1 35 0.0393922 -0.70192
2 35 0.0549442 -0.699328
0 36 -0.0668798 -0.709696
1 36 -0.0357758 -0.712288
2 36 -0.0202237 -0.709696
0 37 -0.0694718 -0.826336
1 37 -0.0383678 -0.828928
2 37 -0.0202237 -0.828928
0 38 0.00569623 -0.815968
1 38 0.0393922 -0.821152
2 38 0.0575363 -0.81856
0 39 -0.19216 -0.46
1 39 -0.162784 -0.460864
2 39 -0.155008 -0.458272
0 40 0.00569623 -0.8056
1 40 0.0393922 -0.810784
2 40 0.0549442 -0.808192
0 41 -0.14464 -0.790048
1 41 -0.113536 -0.79264
2 41 -0.0979838 -0.79264
0 42 0.00569623 -0.797824
1 42 0.0393922 -0.803008
2 42 0.0575363 -0.800416
0 43 0.0264322 -0.810784
1 43 0.0575363 -0.815968
2 43 0.0756803 -0.810784
0 44 -0.0720638 -0.815968
1 44 -0.0409598 -0.821152
2 44 -0.0228158 -0.81856
0 45 -0.193888 -0.53344
1 45 -0.166413 -0.53655
2 45 -0.157081 -0.53344
0 46 -0.191296 -0.458272
1 46 -0.163302 -0.45879
2 46 -0.157081 -0.45568
0 47 -0.0668798 -0.726285
1 47 -0.0357758 -0.729395
2 47 -0.0202237 -0.726285
0 48 -0.0637693 -0.68896
1 48 -0.0326653 -0.69207
2 48 -0.0171134 -0.68896
0 49 -0.0637693 -0.716954
1 49 -0.0326653 -0.720064
2 49 -0.0171134 -0.716954
0 50 -0.0699902 -0.825818
1 50 -0.0370199 -0.828306
2 50 -0.0202237 -0.828928
0 51 -0.0575485 -0.810266
1 51 -0.0233341 -0.813376
2 51 -0.00467173 -0.813376
0 52 0.00154908 -0.698291
1 52 0.0357635 -0.701402
2 52 0.0513155 -0.698291
0 53 0.00465946 -0.816486
1 53 0.0388739 -0.822707
2 53 0.0575363 -0.816486
0 54 -0.14775 -0.797824
1 54 -0.116646 -0.800934
2 54 -0.104205 -0.800934
0 55 0.51632 -0.865216
1 55 0.576973 -0.878694
2 55 0.623629 -0.866253
0 56 0.147738 -0.45568
1 56 0.179464 -0.455058
2 56 0.194394 -0.446349
0 57 0.0171011 -0.794714
1 57 0.0482051 -0.797824
2 57 0.0668674 -0.794714
0 58 -0.0668797 -0.727529
1 58 -0.0370199 -0.731261
2 58 -0.0183575 -0.727529
0 59 0.00403741 -0.805911
1 59 0.0413623 -0.813376
2 59 0.0562922 -0.809643
0 60 0.0338973 -0.809643
1 60 0.0674896 -0.817108
2 60 0.086152 -0.813376
0 61 -0.0556823 -0.809643
1 61 -0.02209 -0.813376
2 61 -0.00342757 -0.813376
0 62 -0.167657 -0.705134
1 62 -0.137797 -0.708866
2 62 -0.122867 -0.708866
0 63 0.00403741 -0.817108
1 63 0.0376298 -0.820841
2 63 0.0562922 -0.817108
0 64 0.0264323 -0.686472
1 64 0.0600246 -0.690204
2 64 0.0749546 -0.686472
0 65 -0.0482173 -0.686472
1 65 -0.014625 -0.690204
2 65 0.000304921 -0.686472
0 66 0.00403741 -0.794714
1 66 0.0376298 -0.802178
2 66 0.0562922 -0.798446
0 67 -0.190052 -0.45879
1 67 -0.163924 -0.45879
2 67 -0.156459 -0.455058
0 68 -0.0706122 -0.820841
1 68 -0.0370199 -0.828306
2 68 -0.0183575 -0.824573
0 69 -0.193784 -0.537172
1 69 -0.163924 -0.537172
2 69 -0.156459 -0.537172
0 70 0.145872 -0.45879
1 70 0.181952 -0.45568
2 70 0.194394 -0.447593
