67
0 0 -0.0512499 -0.57875
1 0 -0.05625 -0.578125
2 0 -0.0708333 -0.575
0 1 -0.08125 -0.728125
1 1 -0.0873999 -0.7282
2 1 -0.103125 -0.726042
0 2 -0.06 -0.67125
1 2 -0.065 -0.67
2 2 -0.08 -0.66625
0 3 -0.082 -0.7285
1 3 -0.0865 -0.727
2 3 -0.10375 -0.72625
0 4 -0.01625 -0.58125
1 4 -0.0199999 -0.58
2 4 -0.03375 -0.57625
0 5 -0.0812499 -0.7275
1 5 -0.08625 -0.72625
2 5 -0.10125 -0.7225
0 6 -0.0783999 -0.7282
1 6 -0.0865 -0.727
2 6 -0.1015 -0.7225
0 7 -0.0603999 -0.6706
1 7 -0.0654999 -0.67
2 7 -0.0805 -0.667
0 8 -0.244 -0.724
1 8 -0.25 -0.724
2 8 -0.2665 -0.721
0 9 -0.241 -0.6925
1 9 -0.247 -0.6925
2 9 -0.2635 -0.6895
0 10 -0.0715 -0.604
1 10 -0.076 -0.6025
2 10 -0.091 -0.5995
0 11 -0.013 -0.586
1 11 -0.0175 -0.586
2 11 -0.0309999 -0.583
0 12 -0.0385 -0.577
1 12 -0.043 -0.577
2 12 -0.058 -0.574
0 13 -0.00999997 -0.661
1 13 -0.0145 -0.6595
2 13 -0.0279999 -0.6565
0 14 -0.0819999 -0.7282
1 14 -0.0865 -0.727
2 14 -0.0999999 -0.7228
0 15 -0.244 -0.7246
1 15 -0.2494 -0.7246
2 15 -0.2674 -0.721
0 16 -0.0495999 -0.586
1 16 -0.0531999 -0.586
2 16 -0.0675999 -0.5824
0 17 -0.2476 -0.694
1 17 -0.2548 -0.694
2 17 -0.271 -0.6904
0 18 -0.2476 -0.7066
1 18 -0.2548 -0.7066
2 18 -0.271 -0.703
0 19 -0.2422 -0.694
1 19 -0.2476 -0.694
2 19 -0.2638 -0.6904
0 20 -0.0711999 -0.5932
1 20 -0.0747999 -0.5914
2 20 -0.0891999 -0.5896
0 21 -0.0153999 -0.5806
1 21 -0.0207999 -0.5806
2 21 -0.0333999 -0.577
0 22 -0.0639999 -0.5788
1 22 -0.0693999 -0.5788
2 22 -0.0837999 -0.5752
0 23 -0.0531999 -0.5788
1 23 -0.0585999 -0.577
2 23 -0.0729999 -0.5752
0 24 -0.0603999 -0.6706
1 24 -0.0657999 -0.6688
2 24 -0.0801999 -0.667
0 25 0.1646 -0.2926
1 25 0.1646 -0.2908
2 25 0.152 -0.2854
0 26 -0.0819998 -0.73
1 26 -0.0863199 -0.72784
2 26 -0.0992798 -0.72352
0 27 -0.0128799 -0.66952
1 27 -0.0171998 -0.66952
2 27 -0.0301599 -0.6652
0 28 0.16424 -0.29152
1 28 0.163808 -0.289792
2 28 0.15128 -0.28504
0 29 -0.0539199 -0.5788
1 29 -0.0582399 -0.57664
2 29 -0.0733599 -0.57448
0 30 -0.0495998 -0.58528
1 30 -0.0539199 -0.58528
2 30 -0.0690399 -0.58312
0 31 -0.0711999 -0.60688
1 31 -0.0755199 -0.60472
2 31 -0.0906399 -0.6004
0 32 -0.0668798 -0.59824
1 32 -0.0711999 -0.59824
2 32 -0.0863199 -0.59608
0 33 -0.27424 -0.722656
1 33 -0.279424 -0.722656
2 33 -0.297568 -0.720064
0 34 -0.0176318 -0.676
1 34 -0.0228158 -0.673408
2 34 -0.0357758 -0.670816
0 35 -0.245728 -0.722656
1 35 -0.250912 -0.722656
2 35 -0.269056 -0.720064
0 36 -0.256096 -0.720064
1 36 -0.263872 -0.720064
2 36 -0.279424 -0.717472
0 37 -0.240544 -0.717472
1 37 -0.24832 -0.717472
2 37 -0.263872 -0.71488
0 38 -0.0720638 -0.673408
1 38 -0.0772478 -0.673408
2 38 -0.0927998 -0.668224
0 39 -0.269056 -0.704512
1 39 -0.27424 -0.704512
2 39 -0.292384 -0.70192
0 40 -0.24616 -0.70624
1 40 -0.25264 -0.70624
2 40 -0.269056 -0.70192
0 41 -0.24832 -0.694144
1 41 -0.253504 -0.694144
2 41 -0.271648 -0.691552
0 42 -0.258688 -0.696736
1 42 -0.263872 -0.696736
2 42 -0.282016 -0.694144
0 43 -0.256096 -0.284608
1 43 -0.263872 -0.282016
2 43 -0.282016 -0.27424
0 44 0.16424 -0.29152
1 44 0.163808 -0.289792
2 44 0.150848 -0.284608
0 45 -0.0487357 -0.569728
1 45 -0.0513278 -0.569728
2 45 -0.0668798 -0.564544
0 46 -0.256096 -0.284608
1 46 -0.262835 -0.278387
2 46 -0.281497 -0.272166
0 47 0.16329 -0.290829
1 47 0.163808 -0.289792
2 47 0.150848 -0.284608
0 48 -0.237952 -0.701402
1 48 -0.244173 -0.701402
2 48 -0.259725 -0.698291
0 49 -0.247283 -0.723174
1 49 -0.253504 -0.723174
2 49 -0.269056 -0.720064
0 50 -0.256614 -0.723174
1 50 -0.262835 -0.723174
2 50 -0.278387 -0.720064
0 51 -0.0171134 -0.586317
1 51 -0.0233341 -0.586317
2 51 -0.0357758 -0.583206
0 52 -0.0793214 -0.735616
1 52 -0.0855422 -0.735616
2 52 -0.101094 -0.732506
0 53 -0.0140029 -0.580096
1 53 -0.0171134 -0.580096
2 53 -0.0326653 -0.576985
0 54 -0.0202237 -0.676518
1 54 -0.0233341 -0.673408
2 54 -0.0388861 -0.670297
0 55 -0.0544381 -0.576985
1 55 -0.0575485 -0.576985
2 55 -0.0731005 -0.573875
0 56 -0.269056 -0.723174
1 56 -0.275277 -0.723174
2 56 -0.297049 -0.720064
0 57 -0.0482173 -0.567654
1 57 -0.0544381 -0.567654
2 57 -0.0668798 -0.564544
0 58 -0.257236 -0.283364
1 58 -0.264701 -0.279631
2 58 -0.283364 -0.272166
0 59 0.16329 -0.290829
1 59 0.163808 -0.289792
2 59 0.149604 -0.283364
0 60 -0.0556823 -0.57823
1 60 -0.0594147 -0.57823
2 60 -0.0743447 -0.574497
0 61 -0.246039 -0.723796
1 61 -0.253504 -0.723796
2 61 -0.272166 -0.720064
0 62 -0.0108925 -0.581962
1 62 -0.014625 -0.581962
2 62 -0.0295549 -0.57823
0 63 -0.0482173 -0.589427
1 63 -0.0519498 -0.589427
2 63 -0.0668797 -0.585695
0 64 -0.0183575 -0.675274
1 64 -0.02209 -0.675274
2 64 -0.0370199 -0.671542
0 65 -0.269056 -0.707622
1 65 -0.275899 -0.708866
2 65 -0.294561 -0.705134
0 66 -0.104205 -0.720064
1 66 -0.107937 -0.716331
2 66 -0.122867 -0.716331
