79
0 0 0.109375 -0.65
1 0 0.10625 -0.647917
2 0 0.101042 -0.65
0 1 0.0362501 -0.86625
1 1 0.032 -0.8665
2 1 0.0270833 -0.872917
0 2 -0.05 -0.469792
1 2 -0.0541667 -0.466667
2 2 -0.059375 -0.466667
0 3 0.103125 -0.703125
1 3 0.0989583 -0.702083
2 3 0.0947917 -0.705208
0 4 0.2125 -0.45625
1 4 0.2125 -0.455
2 4 0.21 -0.45375
0 5 0.41 -0.4425
1 5 0.41625 -0.43875
2 5 0.4225 -0.435
0 6 0.11 -0.65
1 6 0.10625 -0.64875
2 6 0.10125 -0.65125
0 7 0.0737501 -0.64875
1 7 0.0708333 -0.647917
2 7 0.06625 -0.65
0 8 0.0800001 -0.645
1 8 0.0775 -0.64375
2 8 0.0725001 -0.64625
0 9 -0.05 -0.469792
1 9 -0.0541667 -0.466667
2 9 -0.06 -0.46625
0 10 0.0362501 -0.86625
1 10 0.032 -0.8665
2 10 0.02625 -0.8725
0 11 0.074 -0.649
1 11 0.071 -0.6475
2 11 0.065 -0.6505
0 12 0.0800001 -0.6445
1 12 0.077 -0.6445
2 12 0.0725001 -0.646
0 13 0.4055 -0.901
1 13 0.4085 -0.907
2 13 0.416 -0.919
0 14 0.1055 -0.685
1 14 0.101 -0.6835
2 14 0.0965 -0.685
0 15 0.0755 -0.685
1 15 0.071 -0.6835
2 15 0.0665 -0.6865
0 16 -0.05 -0.469792
1 16 -0.0549999 -0.4654
2 16 -0.0594999 -0.466
0 17 0.0365 -0.8665
1 17 0.032 -0.8665
2 17 0.026 -0.8725
0 18 -0.3466 -0.9172
1 18 -0.3628 -0.9226
2 18 -0.3826 -0.9352
0 19 0.1142 -0.7624
1 19 0.1106 -0.7606
2 19 0.107 -0.766
0 20 0.1124 -0.649
1 20 0.107 -0.649
2 20 0.1034 -0.6508
0 21 0.1052 -0.6868
1 21 0.1016 -0.685
2 21 0.0962001 -0.6868
0 22 -0.0477999 -0.5302
1 22 -0.0513999 -0.5284
2 22 -0.0567999 -0.5284
0 23 0.0476001 -0.6526
1 23 0.0440001 -0.6508
2 23 0.0386001 -0.6526
0 24 0.0494001 -0.6778
1 24 0.0458001 -0.676
2 24 0.0404001 -0.6796
0 25 0.2114 -0.4564
1 25 0.210464 -0.453088
2 25 0.2078 -0.4546
0 26 0.0365 -0.8665
1 26 0.0324802 -0.86824
2 26 0.0260001 -0.874
0 27 -0.0499999 -0.47
1 27 -0.0549999 -0.4654
2 27 -0.0603999 -0.4654
0 28 -0.0128799 -0.74296
1 28 -0.0150399 -0.74296
2 28 -0.0215199 -0.74728
0 29 0.1124 -0.75376
1 29 0.10808 -0.7516
2 29 0.10376 -0.75592
0 30 0.1124 -0.65008
1 30 0.10808 -0.64792
2 30 0.10376 -0.65008
0 31 -0.0474399 -0.53128
1 31 -0.0495998 -0.52912
2 31 -0.0560799 -0.52912
0 32 0.11456 -0.7624
1 32 0.11024 -0.7624
2 32 0.10592 -0.76456
0 33 0.0476002 -0.77104
1 33 0.0432802 -0.76672
2 33 0.0389601 -0.7732
0 34 -0.0301599 -0.66736
1 34 -0.0344798 -0.6652
2 34 -0.0409599 -0.66736
0 35 0.0497601 -0.676
1 35 0.0454402 -0.676
2 35 0.0411201 -0.67816
0 36 0.0368001 -0.86824
1 36 0.0324802 -0.86824
2 36 0.0281602 -0.87472
0 37 0.2114 -0.4564
1 37 0.210464 -0.453088
2 37 0.20744 -0.45352
0 38 0.39968 -0.901504
1 38 0.402272 -0.906688
2 38 0.410048 -0.919648
0 39 0.0471682 -0.76672
1 39 0.0419842 -0.764128
2 39 0.0368003 -0.76672
0 40 0.11456 -0.761536
1 40 0.109376 -0.761536
2 40 0.106784 -0.764128
0 41 0.11456 -0.75376
1 41 0.109376 -0.75376
2 41 0.104192 -0.756352
0 42 0.410048 -0.440128
1 42 0.417824 -0.437536
2 42 0.423008 -0.432352
0 43 0.76472 -0.45352
1 43 0.780704 -0.45568
2 43 0.798848 -0.450496
0 44 0.0471682 -0.65008
1 44 0.0445763 -0.65008
2 44 0.0393922 -0.652672
0 45 0.0368001 -0.86824
1 45 0.0342082 -0.867808
2 45 0.0264322 -0.875584
0 46 0.0368001 -0.86824
1 46 0.0342082 -0.867808
2 46 0.0316163 -0.872992
0 47 0.0834563 -0.647488
1 47 0.0808642 -0.647488
2 47 0.0756803 -0.647488
0 48 0.2114 -0.4564
1 48 0.210464 -0.453088
2 48 0.207872 -0.453088
0 49 -0.0124477 -0.743392
1 49 -0.0176318 -0.743392
2 49 -0.0228158 -0.745984
0 50 -0.0487357 -0.46864
1 50 -0.0539198 -0.466048
2 50 -0.0591038 -0.466048
0 51 0.430784 -0.772941
1 51 0.433895 -0.779162
2 51 0.443226 -0.785382
0 52 0.0637571 -0.648525
1 52 0.0575363 -0.645414
2 52 0.0544259 -0.648525
0 53 0.113523 -0.76361
1 53 0.107303 -0.760499
2 53 0.104192 -0.76361
0 54 0.0482051 -0.651635
1 54 0.0450947 -0.648525
2 54 0.0388739 -0.651635
0 55 0.0482051 -0.676518
1 55 0.0450947 -0.673408
2 55 0.0388739 -0.676518
0 56 0.0575363 -0.757389
1 56 0.0523523 -0.758944
2 56 0.0482051 -0.760499
0 57 0.763597 -0.45568
1 57 0.779149 -0.45568
2 57 0.797812 -0.449459
0 58 0.0450947 -0.68585
1 58 0.0419843 -0.682739
2 58 0.0357635 -0.68585
0 59 0.141517 -0.760499
1 59 0.135296 -0.754278
2 59 0.132186 -0.760499
0 60 0.0368001 -0.86824
1 60 0.0338973 -0.869363
2 60 0.0264323 -0.875584
0 61 0.119744 -0.757389
1 61 0.116634 -0.754278
2 61 0.110413 -0.757389
0 62 0.0357635 -0.878694
1 62 0.0338973 -0.880561
2 62 0.0264323 -0.884915
0 63 0.39968 -0.875584
1 63 0.402791 -0.881805
2 63 0.409012 -0.891136
0 64 0.209946 -0.45568
1 64 0.209946 -0.452569
2 64 0.206836 -0.452569
0 65 -0.0140029 -0.744947
1 65 -0.0171134 -0.744947
2 65 -0.0233341 -0.748058
0 66 0.0674896 -0.764854
1 66 0.0637571 -0.764854
2 66 0.0562922 -0.768586
0 67 0.104814 -0.656612
1 67 0.101082 -0.656612
2 67 0.0973494 -0.660344
0 68 0.0450947 -0.664077
1 68 0.0413623 -0.664077
2 68 0.0338973 -0.667809
0 69 0.0600246 -0.757389
1 69 0.0562922 -0.757389
2 69 0.0488272 -0.761121
0 70 0.0488272 -0.675274
1 70 0.0450947 -0.675274
2 70 0.0376298 -0.679007
0 71 0.0450947 -0.652879
1 71 0.0413623 -0.649147
2 71 0.0376298 -0.652879
0 72 -0.0295549 -0.675274
1 72 -0.0370199 -0.671542
2 72 -0.0407523 -0.675274
0 73 -0.014625 -0.757389
1 73 -0.0183575 -0.757389
2 73 -0.0258224 -0.761121
0 74 -0.0482173 -0.469988
1 74 -0.0519498 -0.466255
2 74 -0.0594147 -0.466255
0 75 0.141517 -0.760499
1 75 0.134674 -0.753656
2 75 0.130942 -0.757389
0 76 0.0376298 -0.869363
1 76 0.0338973 -0.869363
2 76 0.0264323 -0.876828
0 77 0.765464 -0.45879
1 77 0.779149 -0.45568
2 77 0.799056 -0.455058
0 78 0.209324 -0.455058
1 78 0.209324 -0.455058
2 78 0.205591 -0.455058
