75
0 0 0.015625 -0.663542
1 0 0.059375 -0.6625
2 0 0.0770833 -0.664583
0 1 0.065625 -0.753125
1 1 0.111458 -0.753125
2 1 0.132292 -0.755208
0 2 0.179 -0.46
1 2 0.2222 -0.4582
2 2 0.24 -0.45375
0 3 -0.107292 -0.466667
1 3 -0.0675999 -0.4636
2 3 -0.0574999 -0.46375
0 4 -0.10625 -0.530208
1 4 -0.06625 -0.52875
2 4 -0.055 -0.52875
0 5 0.0250001 -0.74125
1 5 0.0700001 -0.74125
2 5 0.0887501 -0.74375
0 6 0.06375 -0.7825
1 6 0.10875 -0.7825
2 6 0.13 -0.78625
0 7 0.09 -0.78
1 7 0.136458 -0.78125
2 7 0.15625 -0.7825
0 8 0.179 -0.46
1 8 0.2222 -0.4582
2 8 0.239 -0.454
0 9 -0.10625 -0.53
1 9 -0.06625 -0.52875
2 9 -0.055 -0.529
0 10 0.0305 -0.667
1 10 0.077 -0.667
2 10 0.0935 -0.6685
0 11 0.0635 -0.7825
1 11 0.1085 -0.7825
2 11 0.1295 -0.7855
0 12 0.46125 -0.76875
1 12 0.5195 -0.772
2 12 0.5525 -0.769
0 13 0.0305 -0.6595
1 13 0.074 -0.6595
2 13 0.0920001 -0.661
0 14 -0.1075 -0.46625
1 14 -0.0675999 -0.4636
2 14 -0.058 -0.463
0 15 0.09 -0.78
1 15 0.1355 -0.7795
2 15 0.155 -0.7825
0 16 -0.0249999 -0.895
1 16 0.0175001 -0.89625
2 16 0.038 -0.901
0 17 0.071 -0.763
1 17 0.116 -0.763
2 17 0.137 -0.766
0 18 0.179 -0.46
1 18 0.22256 -0.45784
2 18 0.2402 -0.4528
0 19 -0.1075 -0.46625
1 19 -0.0675999 -0.4636
2 19 -0.0567999 -0.4636
0 20 0.4385 -0.412
1 20 0.4958 -0.4006
2 20 0.5192 -0.3808
0 21 0.0314001 -0.6598
1 21 0.0746001 -0.6598
2 21 0.0926001 -0.6616
0 22 0.0314001 -0.667
1 22 0.0764001 -0.667
2 22 0.0944002 -0.6688
0 23 0.0656001 -0.7624
1 23 0.1106 -0.7624
2 23 0.1304 -0.7642
0 24 -0.000999896 -0.7786
1 24 0.0440001 -0.7786
2 24 0.0638001 -0.784
0 25 -0.0243999 -0.8956
1 25 0.0170001 -0.8974
2 25 0.0368001 -0.9028
0 26 -0.0243999 -0.9136
1 26 0.0170001 -0.9154
2 26 0.0386001 -0.9226
0 27 0.0584002 -0.7732
1 27 0.10376 -0.7732
2 27 0.12536 -0.77536
0 28 0.0627202 -0.76672
1 28 0.10808 -0.76672
2 28 0.12752 -0.76888
0 29 0.0692001 -0.7624
1 29 0.11456 -0.7624
2 29 0.134 -0.76456
0 30 0.0584002 -0.67168
1 30 0.10592 -0.67168
2 30 0.1232 -0.67384
0 31 0.0627202 -0.78184
1 31 0.10808 -0.784
2 31 0.12752 -0.78616
0 32 -0.0236799 -0.89632
1 32 0.0173601 -0.89848
2 32 0.0368001 -0.90496
0 33 -0.0711999 -0.76024
1 33 -0.0279999 -0.76024
2 33 -0.0107199 -0.76456
0 34 -0.0690399 -0.75376
1 34 -0.0258399 -0.75376
2 34 -0.00855986 -0.75808
0 35 -0.0236799 -0.9136
1 35 0.0173601 -0.91576
2 35 0.0368001 -0.92224
0 36 8.01722e-05 -0.77752
1 36 0.0432802 -0.77752
2 36 0.0627202 -0.78184
0 37 0.179 -0.46
1 37 0.223424 -0.458272
2 37 0.23984 -0.45136
0 38 0.00980008 -0.7786
1 38 0.0540801 -0.77968
2 38 0.0735202 -0.78184
0 39 -0.1072 -0.4654
1 39 -0.0668798 -0.46216
2 39 -0.0560799 -0.46216
0 40 0.0704962 -0.761536
1 40 0.117152 -0.761536
2 40 0.135296 -0.764128
0 41 0.0627202 -0.76672
1 41 0.106784 -0.76672
2 41 0.12752 -0.769312
0 42 -0.00726376 -0.681184
1 42 0.0342082 -0.681184
2 42 0.0523523 -0.683776
0 43 -0.10576 -0.53128
1 43 -0.0647199 -0.52912
2 43 -0.0539198 -0.530848
0 44 -0.0228158 -0.89632
1 44 0.0202115 -0.897357
2 44 0.0419842 -0.904096
0 45 -0.00985578 -0.784864
1 45 0.0357635 -0.782272
2 45 0.0549442 -0.787456
0 46 0.0627202 -0.782272
1 46 0.106784 -0.782272
2 46 0.12752 -0.784864
0 47 -0.00467173 -0.665632
1 47 0.0393922 -0.66304
2 47 0.0575363 -0.665632
0 48 -0.0720638 -0.761536
1 48 -0.0305918 -0.761536
2 48 -0.0124477 -0.76672
0 49 -0.10576 -0.466048
1 49 -0.0668798 -0.463456
2 49 -0.0565118 -0.463456
0 50 -0.0228158 -0.89632
1 50 0.0186562 -0.898912
2 50 0.0368003 -0.904096
0 51 0.0782722 -0.774496
1 51 0.124928 -0.774496
2 51 0.143072 -0.774496
0 52 0.17936 -0.460864
1 52 0.223424 -0.458272
2 52 0.238976 -0.453088
0 53 -0.107315 -0.465011
1 53 -0.0668798 -0.461901
2 53 -0.0575485 -0.461901
0 54 0.0606467 -0.782272
1 54 0.107303 -0.782272
2 54 0.125965 -0.785382
0 55 -0.10576 -0.53344
1 55 -0.0642878 -0.530848
2 55 -0.0544381 -0.53344
0 56 0.0637571 -0.664077
1 56 0.107303 -0.664077
2 56 0.125965 -0.664077
0 57 0.0761987 -0.776051
1 57 0.122855 -0.776051
2 57 0.141517 -0.779162
0 58 0.00154908 -0.776051
1 58 0.0482051 -0.776051
2 58 0.0668674 -0.779162
0 59 0.0606467 -0.772941
1 59 0.104192 -0.772941
2 59 0.125965 -0.776051
0 60 0.0668674 -0.776051
1 60 0.110413 -0.776051
2 60 0.132186 -0.779162
0 61 -0.0731005 -0.760499
1 61 -0.0326653 -0.760499
2 61 -0.0140029 -0.76672
0 62 0.178842 -0.45879
1 62 0.222388 -0.45568
2 62 0.23794 -0.452569
0 63 -0.0699902 -0.477453
1 63 -0.0279998 -0.473824
2 63 -0.0171134 -0.474342
0 64 -0.00716 -0.690204
1 64 0.0376298 -0.690204
2 64 0.0562922 -0.690204
0 65 -0.0108925 -0.679007
1 65 0.0338973 -0.679007
2 65 0.0525597 -0.682739
0 66 0.0189673 -0.675274
1 66 0.0637571 -0.675274
2 66 0.0824195 -0.675274
0 67 -0.0108925 -0.783516
1 67 0.0338973 -0.783516
2 67 0.0525597 -0.787249
0 68 -0.0668797 -0.749924
1 68 -0.0258224 -0.749924
2 68 -0.00716 -0.753656
0 69 0.175732 -0.45879
1 69 0.220521 -0.455058
2 69 0.235451 -0.451325
0 70 -0.0892746 -0.682739
1 70 -0.0482173 -0.682739
2 70 -0.0332874 -0.686472
0 71 0.0115024 -0.783516
1 71 0.0600246 -0.783516
2 71 0.078687 -0.787249
0 72 -0.107937 -0.466255
1 72 -0.0668797 -0.462523
2 72 -0.0556823 -0.462523
0 73 0.0674896 -0.664077
1 73 0.112279 -0.664077
2 73 0.130942 -0.664077
0 74 0.00403741 -0.776051
1 74 0.0488272 -0.776051
2 74 0.0674896 -0.779784
