66
0 0 -0.19 -0.535
1 0 -0.1945 -0.532
2 0 -0.166667 -0.532292
0 1 0.1484 -0.46
1 1 0.149 -0.4585
2 1 0.18375 -0.45875
0 2 -0.19 -0.535
1 2 -0.19375 -0.53125
2 2 -0.16625 -0.5325
0 3 0.1484 -0.46
1 3 0.149 -0.4585
2 3 0.1835 -0.4585
0 4 -0.0594999 -0.7135
1 4 -0.0624999 -0.7135
2 4 -0.0309999 -0.7165
0 5 -0.19 -0.535
1 5 -0.1925 -0.53125
2 5 -0.166 -0.532
0 6 0.0140001 -0.796
1 6 0.0110001 -0.796
2 6 0.0440001 -0.8005
0 7 -0.1435 -0.796
1 7 -0.1465 -0.7945
2 7 -0.1165 -0.799
0 8 -0.0309999 -0.688
1 8 -0.034 -0.688
2 8 -0.00249996 -0.691
0 9 -0.19 -0.5356
1 9 -0.1936 -0.532
2 9 -0.1666 -0.5338
0 10 0.00980008 -0.6976
1 10 0.00800012 -0.6976
2 10 0.0404001 -0.7012
0 11 -0.0423999 -0.6904
1 11 -0.0459999 -0.6886
2 11 -0.0135999 -0.6922
0 12 0.00980008 -0.6904
1 12 0.00800012 -0.6904
2 12 0.0404001 -0.694
0 13 -0.0207999 -0.694
1 13 -0.0243999 -0.694
2 13 0.00800012 -0.6976
0 14 0.0116001 -0.8182
1 14 0.00800012 -0.8164
2 14 0.0422001 -0.8218
0 15 0.1484 -0.46
1 15 0.14912 -0.45784
2 15 0.1826 -0.4582
0 16 -0.0225999 -0.685
1 16 -0.0261999 -0.6832
2 16 0.00620009 -0.6868
0 17 -0.1882 -0.4618
1 17 -0.1918 -0.46
2 17 -0.1648 -0.46
0 18 -0.1396 -0.7912
1 18 -0.1432 -0.7894
2 18 -0.1126 -0.793
0 19 -0.0567999 -0.8128
1 19 -0.0585999 -0.811
2 19 -0.0261999 -0.8164
0 20 -0.0647199 -0.72568
1 20 -0.0668798 -0.72568
2 20 -0.0366398 -0.72784
0 21 -0.0215199 -0.69328
1 21 -0.0236799 -0.69328
2 21 0.00872014 -0.6976
0 22 -0.18784 -0.46216
1 22 -0.1918 -0.46
2 22 -0.16192 -0.46
0 23 -0.19 -0.5356
1 23 -0.19432 -0.53344
2 23 -0.16624 -0.53344
0 24 -0.0452799 -0.81424
1 24 -0.0474399 -0.81208
2 24 -0.0171998 -0.81856
0 25 -0.0560799 -0.81208
1 25 -0.0582399 -0.81208
2 25 -0.0258399 -0.8164
0 26 -0.16192 -0.70192
1 26 -0.16624 -0.69976
2 26 -0.136 -0.70192
0 27 0.14912 -0.46
1 27 0.148256 -0.45568
2 27 0.181952 -0.458272
0 28 0.0108802 -0.691552
1 28 0.00828826 -0.691552
2 28 0.0419842 -0.694144
0 29 -0.0591038 -0.68896
1 29 -0.0616958 -0.68896
2 29 -0.0305918 -0.691552
0 30 -0.0642878 -0.709696
1 30 -0.0668798 -0.709696
2 30 -0.0357758 -0.712288
0 31 -0.0591038 -0.717472
1 31 -0.0616958 -0.717472
2 31 -0.0305918 -0.720064
0 32 -0.0642878 -0.72784
1 32 -0.0668798 -0.725248
2 32 -0.0357758 -0.730432
0 33 -0.0539198 -0.813376
1 33 -0.0565118 -0.810784
2 33 -0.0254078 -0.815968
0 34 -0.188704 -0.541216
1 34 -0.193888 -0.53344
2 34 -0.165376 -0.536032
0 35 0.0108802 -0.81856
1 35 0.00569623 -0.815968
2 35 0.0393922 -0.821152
0 36 -0.0694718 -0.81856
1 36 -0.0720638 -0.815968
2 36 -0.0409598 -0.821152
0 37 -0.18784 -0.46216
1 37 -0.19216 -0.46
2 37 -0.162784 -0.460864
0 38 -0.142048 -0.797824
1 38 -0.147232 -0.795232
2 38 -0.116128 -0.800416
0 39 -0.0668798 -0.826336
1 39 -0.0694718 -0.826336
2 39 -0.0383678 -0.828928
0 40 0.00828826 -0.699328
1 40 0.00569623 -0.699328
2 40 0.0393922 -0.70192
0 41 -0.0616958 -0.70192
1 41 -0.0642878 -0.70192
2 41 -0.0331838 -0.704512
0 42 -0.0305918 -0.699328
1 42 -0.0331838 -0.699328
2 42 -0.00207977 -0.70192
0 43 0.63296 -0.82072
1 43 0.67184 -0.83368
2 43 0.754784 -0.847072
0 44 -0.188704 -0.460864
1 44 -0.191296 -0.458272
2 44 -0.163302 -0.45879
0 45 -0.188704 -0.536032
1 45 -0.194406 -0.53344
2 45 -0.166413 -0.53655
0 46 -0.060659 -0.68896
1 46 -0.0637693 -0.68896
2 46 -0.0326653 -0.69207
0 47 0.0108803 -0.69207
1 47 0.0108803 -0.68896
2 47 0.0419843 -0.695181
0 48 -0.0544381 -0.810266
1 48 -0.0575485 -0.810266
2 48 -0.0233341 -0.813376
0 49 -0.060659 -0.716954
1 49 -0.0637693 -0.716954
2 49 -0.0326653 -0.720064
0 50 -0.0637693 -0.726285
1 50 -0.0668798 -0.726285
2 50 -0.0357758 -0.729395
0 51 0.0264323 -0.807155
1 51 0.0233219 -0.807155
2 51 0.0575363 -0.813376
0 52 -0.00778211 -0.69207
1 52 -0.0108926 -0.69207
2 52 0.0202115 -0.695181
0 53 -0.14464 -0.797824
1 53 -0.14775 -0.797824
2 53 -0.116646 -0.800934
0 54 0.148256 -0.458272
1 54 0.147738 -0.45568
2 54 0.181952 -0.45568
0 55 0.0077699 -0.817108
1 55 0.00403741 -0.817108
2 55 0.0376298 -0.820841
0 56 -0.0668798 -0.825818
1 56 -0.0699902 -0.825818
2 56 -0.0370199 -0.828306
0 57 0.0376298 -0.809643
1 57 0.0338973 -0.809643
2 57 0.0674896 -0.817108
0 58 -0.0519498 -0.809643
1 58 -0.0556823 -0.809643
2 58 -0.02209 -0.813376
0 59 -0.186319 -0.540905
1 59 -0.193784 -0.537172
2 59 -0.163924 -0.537172
0 60 -0.163924 -0.705134
1 60 -0.167657 -0.705134
2 60 -0.137797 -0.708866
0 61 0.148256 -0.458272
1 61 0.145872 -0.45879
2 61 0.179464 -0.455058
0 62 -0.186319 -0.45879
1 62 -0.190052 -0.45879
2 62 -0.163924 -0.45879
0 63 0.0264323 -0.809643
1 63 0.0226998 -0.809643
2 63 0.0562922 -0.813376
0 64 0.614298 -0.259725
1 64 0.651623 -0.237952
2 64 0.728139 -0.208714
0 65 -0.0444848 -0.690204
1 65 -0.0482173 -0.686472
2 65 -0.014625 -0.690204
