35
0 0 -0.20125 -0.51875
1 0 -0.23125 -0.52
2 0 -0.277083 -0.517708
0 1 0.17936 -0.43192
1 1 0.15128 -0.42544
2 1 0.1178 -0.424
0 2 0.0296001 -0.8128
1 2 0.00980008 -0.8164
2 2 -0.0333999 -0.8164
0 3 0.0314001 -0.8182
1 3 0.00980008 -0.82
2 3 -0.0333999 -0.82
0 4 0.0281602 -0.8056
1 4 0.00440013 -0.80776
2 4 -0.0366398 -0.80776
0 5 0.0389601 -0.79264
1 5 0.0130402 -0.7948
2 5 -0.0279999 -0.7948
0 6 0.0303202 -0.8164
1 6 0.00872014 -0.82072
2 6 -0.0344798 -0.82072
0 7 0.17936 -0.43192
1 7 0.1556 -0.4276
2 7 0.11888 -0.42328
0 8 -0.199072 -0.44272
1 8 -0.230176 -0.44272
2 8 -0.27856 -0.4384
0 9 -0.0517598 -0.82936
1 9 -0.0755199 -0.83368
2 9 -0.11656 -0.83584
0 10 0.0290243 -0.8056
1 10 0.00569623 -0.808192
2 10 -0.0357758 -0.808192
0 11 -0.0383678 -0.813376
1 11 -0.0591038 -0.815968
2 11 -0.103168 -0.81856
0 12 -0.0513278 -0.828928
1 12 -0.0746558 -0.83152
2 12 -0.116128 -0.834112
0 13 -0.199072 -0.52048
1 13 -0.230176 -0.523072
2 13 -0.276832 -0.52048
0 14 -0.199072 -0.44272
1 14 -0.230176 -0.44272
2 14 -0.276832 -0.437536
0 15 0.17936 -0.432352
1 15 0.1556 -0.4276
2 15 0.119744 -0.424576
0 16 -0.199072 -0.44272
1 16 -0.230176 -0.44272
2 16 -0.278387 -0.437017
0 17 -0.160192 -0.704512
1 17 -0.188185 -0.707622
2 17 -0.231731 -0.707622
0 18 0.604448 -0.626752
1 18 0.620519 -0.61431
2 18 0.614298 -0.598758
0 19 -0.0482173 -0.726285
1 19 -0.076211 -0.729395
2 19 -0.116646 -0.729395
0 20 0.17936 -0.432352
1 20 0.153337 -0.425198
2 20 0.116634 -0.421465
0 21 0.0295427 -0.816486
1 21 0.0077699 -0.819597
2 21 -0.0357758 -0.819597
0 22 0.0295427 -0.68585
1 22 0.00465946 -0.68896
2 22 -0.0357758 -0.68896
0 23 -0.0513278 -0.828928
1 23 -0.076211 -0.832038
2 23 -0.116646 -0.832038
0 24 0.0600246 -0.813376
1 24 0.0376298 -0.813376
2 24 -0.00716 -0.817108
0 25 -0.0258224 -0.820841
1 25 -0.0482173 -0.820841
2 25 -0.0892746 -0.824573
0 26 0.0264323 -0.794714
1 26 0.00403741 -0.798446
2 26 -0.0370199 -0.798446
0 27 -0.0482173 -0.701402
1 27 -0.0743447 -0.705134
2 27 -0.115402 -0.705134
0 28 -0.0482173 -0.824573
1 28 -0.0743447 -0.828306
2 28 -0.115402 -0.832038
0 29 -0.014625 -0.697669
1 29 -0.0407523 -0.701402
2 29 -0.0818097 -0.701402
0 30 -0.0482173 -0.686472
1 30 -0.0743447 -0.690204
2 30 -0.115402 -0.690204
0 31 -0.0332874 -0.813376
1 31 -0.0594147 -0.813376
2 31 -0.100472 -0.817108
0 32 0.0264323 -0.805911
1 32 0.00403741 -0.809643
2 32 -0.0370199 -0.809643
0 33 -0.0482173 -0.727529
1 33 -0.0743447 -0.731261
2 33 -0.115402 -0.731261
0 34 0.178842 -0.430797
1 34 0.153337 -0.425198
2 34 0.116012 -0.425198
