25
0 0 -0.06125 -0.74625
1 0 -0.052 -0.7495
2 0 -0.0333333 -0.751042
0 1 -0.0609999 -0.7375
1 1 -0.0531999 -0.7408
2 1 -0.0324999 -0.7425
0 2 -0.0614583 -0.745833
1 2 -0.053125 -0.748958
2 2 -0.03375 -0.7525
0 3 -0.0603999 -0.73864
1 3 -0.0517598 -0.74296
2 3 -0.0374999 -0.74625
0 4 -0.0603999 -0.739
1 4 -0.0531999 -0.7408
2 4 -0.0309999 -0.7435
0 5 -0.0603999 -0.73864
1 5 -0.0531999 -0.7408
2 5 -0.034 -0.7435
0 6 -0.0603999 -0.7462
1 6 -0.0517598 -0.74944
2 6 -0.034 -0.751
0 7 0.1286 -0.334
1 7 0.1394 -0.3376
2 7 0.1715 -0.34
0 8 0.1286 -0.334
1 8 0.1394 -0.3376
2 8 0.1718 -0.3394
0 9 0.12752 -0.33472
1 9 0.13832 -0.33688
2 9 0.1646 -0.3412
0 10 -0.2332 -0.3412
1 10 -0.22456 -0.34336
2 10 -0.1954 -0.3448
0 11 -0.0591038 -0.743392
1 11 -0.115402 -0.854433
2 11 -0.0333999 -0.7498
0 12 -0.0603999 -0.74512
1 12 -0.0513278 -0.748576
2 12 -0.0323199 -0.7516
0 13 -0.2332 -0.3412
1 13 -0.2224 -0.341632
2 13 -0.19432 -0.34336
0 14 0.1286 -0.334
1 14 0.1394 -0.3376
2 14 0.17072 -0.33904
0 15 0.12752 -0.33472
1 15 0.137888 -0.336448
2 15 0.16424 -0.3412
0 16 -0.0575485 -0.744947
1 16 -0.0513278 -0.748576
2 16 -0.0305918 -0.751168
0 17 0.125965 -0.334374
1 17 0.138407 -0.337485
2 17 0.163808 -0.341632
0 18 -0.232768 -0.341632
1 18 -0.2224 -0.341632
2 18 -0.193888 -0.344224
0 19 -0.0575485 -0.744947
1 19 -0.0513278 -0.748058
2 19 -0.0295549 -0.751168
0 20 0.125965 -0.334374
1 20 0.138407 -0.339351
2 20 0.16329 -0.340595
0 21 -0.231731 -0.340595
1 21 -0.2224 -0.340595
2 21 -0.194406 -0.343705
0 22 -0.231731 -0.340595
1 22 -0.223644 -0.343083
2 22 -0.193784 -0.343083
0 23 0.125965 -0.334374
1 23 0.137888 -0.336448
2 23 0.164534 -0.339351
0 24 -0.0603999 -0.74512
1 24 -0.115402 -0.854433
2 24 -0.0930071 -0.858166
