33
0 0 0.266667 -0.676042
1 0 0.25625 -0.672917
2 0 0.239583 -0.672917
0 1 0.928125 -0.940625
1 1 0.925 -0.942708
2 1 0.929167 -0.951042
0 2 0.26625 -0.67625
1 2 0.25625 -0.67375
2 2 0.24 -0.6725
0 3 0.27625 -0.7425
1 3 0.265 -0.7375
2 3 0.2475 -0.7375
0 4 0.28625 -0.85125
1 4 0.275 -0.8475
2 4 0.25625 -0.8475
0 5 0.23375 -0.825
1 5 0.22125 -0.82
2 5 0.20375 -0.82125
0 6 -0.0775 -0.89125
1 6 -0.0925 -0.89
2 6 -0.1175 -0.89375
0 7 0.212 -0.6685
1 7 0.203 -0.6655
2 7 0.1865 -0.664
0 8 0.2885 -0.8095
1 8 0.2765 -0.805
2 8 0.2585 -0.805
0 9 0.272 -0.7465
1 9 0.2615 -0.7435
2 9 0.2435 -0.742
0 10 -0.085 -0.8875
1 10 -0.1015 -0.8875
2 10 -0.127 -0.8905
0 11 0.245 -0.8185
1 11 0.2345 -0.814
2 11 0.2165 -0.814
0 12 0.2744 -0.7426
1 12 0.2636 -0.739
2 12 0.2456 -0.739
0 13 -0.0855999 -0.8884
1 13 -0.1018 -0.8884
2 13 -0.127 -0.8902
0 14 -0.0783999 -0.8902
1 14 -0.0927999 -0.8902
2 14 -0.118 -0.8938
0 15 0.2582 -0.811
1 15 0.2474 -0.8074
2 15 0.2294 -0.8074
0 16 0.2852 -0.8254
1 16 0.2744 -0.8218
2 16 0.2564 -0.8218
0 17 0.2852 -0.8524
1 17 0.2744 -0.8488
2 17 0.2564 -0.8488
0 18 0.27008 -0.74944
1 18 0.25928 -0.74512
2 18 0.242 -0.74512
0 19 0.2528 -0.80992
1 19 0.242 -0.8056
2 19 0.22256 -0.8056
0 20 -0.0776799 -0.88984
1 20 -0.0927999 -0.88984
2 20 -0.11872 -0.89416
0 21 -0.0863199 -0.88984
1 21 -0.10144 -0.88768
2 21 -0.12736 -0.892
0 22 0.161216 -0.730432
1 22 0.150848 -0.725248
2 22 0.132704 -0.725248
0 23 -0.0776799 -0.88984
1 23 -0.0927998 -0.888544
2 23 -0.11872 -0.893728
0 24 -0.0850238 -0.888544
1 24 -0.100576 -0.888544
2 24 -0.126496 -0.891136
0 25 0.187136 -0.678592
1 25 0.176768 -0.676
2 25 0.158624 -0.673408
0 26 0.16018 -0.729395
1 26 0.150848 -0.726285
2 26 0.132186 -0.726285
0 27 0.203725 -0.676518
1 27 0.194394 -0.673408
2 27 0.175732 -0.673408
0 28 0.197504 -0.850701
1 28 0.185063 -0.84759
2 28 0.1664 -0.84759
0 29 0.306368 -0.846968
1 29 0.295171 -0.843236
2 29 0.276509 -0.843236
0 30 0.198126 -0.850701
1 30 0.186929 -0.846968
2 30 0.168267 -0.846968
0 31 0.220521 -0.682739
1 31 0.209324 -0.679007
2 31 0.194394 -0.679007
0 32 0.235451 -0.828306
1 32 0.224254 -0.824573
2 32 0.205591 -0.824573
