107
0 0 -0.101042 -0.667708
1 0 -0.0979167 -0.670833
2 0 -0.084375 -0.670833
0 1 -0.0583333 -0.571875
1 1 -0.053125 -0.575
2 1 -0.0427083 -0.575
0 2 -0.10125 -0.6675
1 2 -0.0975 -0.6725
2 2 -0.085 -0.67125
0 3 0.01625 -0.42625
1 3 0.0215 -0.4285
2 3 0.0325 -0.4275
0 4 -0.12375 -0.735
1 4 -0.1175 -0.73875
2 4 -0.105 -0.73875
0 5 -0.05875 -0.57125
1 5 -0.0525 -0.575
2 5 -0.0425 -0.575
0 6 -0.08375 -0.5675
1 6 -0.07875 -0.5725
2 6 -0.0675 -0.57125
0 7 -0.31125 -0.74625
1 7 -0.30625 -0.7525
2 7 -0.295 -0.75625
0 8 -0.0574999 -0.665
1 8 -0.0512499 -0.66875
2 8 -0.04 -0.66875
0 9 -0.3475 -0.7195
1 9 -0.343 -0.727
2 9 -0.3325 -0.73
0 10 -0.124 -0.736
1 10 -0.118 -0.739
2 10 -0.1045 -0.739
0 11 -0.112 -0.667
1 11 -0.1075 -0.6715
2 11 -0.0955 -0.6715
0 12 -0.3115 -0.715
1 12 -0.307 -0.721
2 12 -0.2965 -0.7255
0 13 -0.058 -0.577
1 13 -0.0535 -0.5815
2 13 -0.0415 -0.58
0 14 -0.0594999 -0.5725
1 14 -0.0535 -0.5755
2 14 -0.043 -0.5755
0 15 -0.0895 -0.571
1 15 -0.085 -0.574
2 15 -0.073 -0.574
0 16 -0.1555 -0.6385
1 16 -0.151 -0.643
2 16 -0.139 -0.6445
0 17 -0.3475 -0.7465
1 17 -0.343 -0.7525
2 17 -0.3325 -0.757
0 18 -0.103 -0.667
1 18 -0.0984999 -0.6715
2 18 -0.0865 -0.6715
0 19 -0.157 -0.6445
1 19 -0.1525 -0.649
2 19 -0.1405 -0.649
0 20 -0.0585999 -0.5716
1 20 -0.0531999 -0.5752
2 20 -0.0423999 -0.5752
0 21 -0.3466 -0.7138
1 21 -0.343 -0.7192
2 21 -0.3322 -0.7246
0 22 -0.3178 -0.7102
1 22 -0.3142 -0.7156
2 22 -0.3034 -0.7192
0 23 -0.3142 -0.7084
1 23 -0.3088 -0.7156
2 23 -0.298 -0.7192
0 24 -0.1162 -0.6724
1 24 -0.1126 -0.6742
2 24 -0.0999999 -0.6742
0 25 -0.3124 -0.7462
1 25 -0.307 -0.7516
2 25 -0.2962 -0.757
0 26 -0.3412 -0.7192
1 26 -0.3376 -0.7264
2 26 -0.3268 -0.73
0 27 -0.1126 -0.5914
1 27 -0.1072 -0.5968
2 27 -0.0963999 -0.595
0 28 -0.1162 -0.586
1 28 -0.1108 -0.5896
2 28 -0.0999999 -0.5896
0 29 -0.0819999 -0.5734
1 29 -0.0765999 -0.577
2 29 -0.0657999 -0.577
0 30 -0.0585999 -0.577
1 30 -0.0531999 -0.5806
2 30 -0.0423999 -0.5806
0 31 -0.12088 -0.73216
1 31 -0.118 -0.739
2 31 -0.1054 -0.739
0 32 0.18584 -0.22672
1 32 0.197 -0.226
2 32 0.2078 -0.2188
0 33 -0.3394 -0.7462
1 33 -0.3358 -0.7534
2 33 -0.325 -0.7588
0 34 -0.0945999 -0.5788
1 34 -0.0909999 -0.5824
2 34 -0.0783999 -0.5824
0 35 -0.0963999 -0.5608
1 35 -0.0909999 -0.5644
2 35 -0.0801999 -0.5644
0 36 -0.3394 -0.7138
1 36 -0.334 -0.7192
2 36 -0.3232 -0.7228
0 37 -0.1018 -0.667
1 37 -0.0981999 -0.6706
2 37 -0.0873999 -0.6706
0 38 -0.0513999 -0.6544
1 38 -0.0459999 -0.658
2 38 -0.0333999 -0.658
0 39 -0.1738 -0.4294
1 39 -0.1702 -0.433
2 39 -0.1612 -0.433
0 40 0.18584 -0.22672
1 40 0.19664 -0.22456
2 40 0.20744 -0.21808
0 41 -0.36064 -0.22888
1 41 -0.35848 -0.2332
2 41 -0.35632 -0.2332
0 42 -0.11656 -0.66952
1 42 -0.11224 -0.67384
2 42 -0.0992798 -0.67384
0 43 -0.11656 -0.59824
1 43 -0.11008 -0.60256
2 43 -0.0992798 -0.60256
0 44 -0.11224 -0.59392
1 44 -0.10792 -0.59608
2 44 -0.0971199 -0.59608
0 45 -0.32176 -0.71272
1 45 -0.31744 -0.7192
2 45 -0.30664 -0.72352
0 46 -0.31744 -0.72568
1 46 -0.31096 -0.73216
2 46 -0.30232 -0.73648
0 47 -0.31312 -0.73648
1 47 -0.3088 -0.74296
2 47 -0.298 -0.74728
0 48 -0.31312 -0.74512
1 48 -0.3088 -0.7516
2 48 -0.29584 -0.75592
0 49 -0.12088 -0.73216
1 49 -0.11656 -0.73864
2 49 -0.1036 -0.7408
0 50 -0.34768 -0.71272
1 50 -0.34336 -0.7192
2 50 -0.33256 -0.72352
0 51 -0.33904 -0.71272
1 51 -0.33472 -0.7192
2 51 -0.32392 -0.72352
0 52 -0.34768 -0.74728
1 52 -0.34336 -0.75376
2 52 -0.33256 -0.75808
0 53 -0.11656 -0.58528
1 53 -0.11008 -0.5896
2 53 -0.0992798 -0.5896
0 54 -0.11008 -0.66736
1 54 -0.1036 -0.66952
2 54 -0.0927999 -0.66952
0 55 -0.0582399 -0.66952
1 55 -0.0539199 -0.67384
2 55 -0.0409599 -0.67168
0 56 -0.315712 -0.725248
1 56 -0.310528 -0.730432
2 56 -0.30016 -0.735616
0 57 -0.341632 -0.722656
1 57 -0.33904 -0.72784
2 57 -0.328672 -0.733024
0 58 -0.310528 -0.709696
1 58 -0.305344 -0.717472
2 58 -0.294976 -0.720064
0 59 -0.359776 -0.230176
1 59 -0.357184 -0.232768
2 59 -0.357184 -0.232768
0 60 -0.116128 -0.670816
1 60 -0.110944 -0.673408
2 60 -0.0979838 -0.673408
0 61 -0.11872 -0.733024
1 61 -0.116128 -0.7408
2 61 -0.103168 -0.738208
0 62 -0.352 -0.743392
1 62 -0.344224 -0.75376
2 62 -0.336448 -0.756352
0 63 -0.352 -0.717472
1 63 -0.346816 -0.722656
2 63 -0.336448 -0.72784
0 64 -0.116128 -0.600832
1 64 -0.110944 -0.603424
2 64 -0.0979838 -0.603424
0 65 -0.31312 -0.745984
1 65 -0.307936 -0.751168
2 65 -0.297568 -0.756352
0 66 -0.0979838 -0.569728
1 66 -0.0927998 -0.574912
2 66 -0.0824318 -0.574912
0 67 -0.346816 -0.71488
1 67 -0.33904 -0.720064
2 67 -0.331264 -0.725248
0 68 0.187136 -0.227584
1 68 0.197 -0.226
2 68 0.207872 -0.219808
0 69 -0.0565118 -0.57232
1 69 -0.0513278 -0.574912
2 69 -0.0409598 -0.574912
0 70 -0.0953918 -0.561952
1 70 -0.0902078 -0.564544
2 70 -0.0798398 -0.564544
0 71 -0.110944 -0.57232
1 71 -0.10576 -0.574912
2 71 -0.0953918 -0.574912
0 72 -0.121312 -0.743392
1 72 -0.116128 -0.748576
2 72 -0.103168 -0.748576
0 73 -0.108352 -0.665632
1 73 -0.1036 -0.66952
2 73 -0.0902078 -0.668224
0 74 -0.0798398 -0.569728
1 74 -0.0746558 -0.574912
2 74 -0.0642878 -0.57232
0 75 -0.0575485 -0.570765
1 75 -0.0513278 -0.573875
2 75 -0.0419965 -0.573875
0 76 -0.119757 -0.741837
1 76 -0.116646 -0.748058
2 76 -0.104205 -0.748058
0 77 -0.060659 -0.580096
1 77 -0.0544381 -0.583206
2 77 -0.045107 -0.583206
0 78 -0.0948734 -0.580096
1 78 -0.0917629 -0.583206
2 78 -0.0793214 -0.583206
0 79 -0.309491 -0.710733
1 79 -0.306381 -0.716954
2 79 -0.297049 -0.720064
0 80 -0.309491 -0.738726
1 80 -0.306381 -0.744947
2 80 -0.293939 -0.748058
0 81 -0.318822 -0.710733
1 81 -0.312601 -0.716954
2 81 -0.30327 -0.720064
0 82 -0.331264 -0.713843
1 82 -0.325043 -0.720064
2 82 -0.315712 -0.726285
0 83 -0.315712 -0.723174
1 83 -0.309491 -0.726285
2 83 -0.30016 -0.732506
0 84 -0.346816 -0.744947
1 84 -0.343705 -0.751168
2 84 -0.334374 -0.757389
0 85 -0.340595 -0.744947
1 85 -0.337485 -0.754278
2 85 -0.325043 -0.757389
0 86 -0.116646 -0.670297
1 86 -0.110425 -0.676518
2 86 -0.0979837 -0.676518
0 87 -0.315712 -0.744947
1 87 -0.309491 -0.751168
2 87 -0.30016 -0.754278
0 88 -0.328153 -0.741837
1 88 -0.321933 -0.748058
2 88 -0.312601 -0.751168
0 89 -0.060659 -0.670297
1 89 -0.0544381 -0.673408
2 89 -0.0419965 -0.673408
0 90 -0.0917629 -0.561433
1 90 -0.0886525 -0.564544
2 90 -0.0793214 -0.564544
0 91 0.185063 -0.22551
1 91 0.194394 -0.22551
2 91 0.206836 -0.219289
0 92 -0.346816 -0.716331
1 92 -0.343083 -0.723796
2 92 -0.331886 -0.727529
0 93 -0.313223 -0.746191
1 93 -0.309491 -0.753656
2 93 -0.298294 -0.757389
0 94 -0.328153 -0.746191
1 94 -0.324421 -0.753656
2 94 -0.309491 -0.757389
0 95 -0.0967396 -0.671542
1 95 -0.0930071 -0.675274
2 95 -0.0818097 -0.675274
0 96 -0.115402 -0.671542
1 96 -0.111669 -0.675274
2 96 -0.100472 -0.675274
0 97 -0.0930071 -0.581962
1 97 -0.0892746 -0.585695
2 97 -0.0780772 -0.585695
0 98 -0.30327 -0.716954
1 98 -0.302026 -0.720064
2 98 -0.290829 -0.723796
0 99 -0.316956 -0.712599
1 99 -0.313223 -0.720064
2 99 -0.302026 -0.723796
0 100 -0.0370199 -0.667809
1 100 -0.0332874 -0.675274
2 100 -0.02209 -0.675274
0 101 -0.0631472 -0.581962
1 101 -0.0556823 -0.585695
2 101 -0.0444848 -0.585695
0 102 -0.339351 -0.746191
1 102 -0.324421 -0.753656
2 102 -0.324421 -0.757389
0 103 -0.343083 -0.727529
1 103 -0.339351 -0.734994
2 103 -0.328153 -0.738726
0 104 -0.0631472 -0.671542
1 104 -0.0556823 -0.675274
2 104 -0.0444848 -0.675274
0 105 0.185063 -0.22551
1 105 0.194394 -0.227376
2 105 0.205591 -0.219911
0 106 -0.111669 -0.59316
1 106 -0.107937 -0.596892
2 106 -0.0967396 -0.596892
