25
0 0 0.24375 -0.905208
1 0 0.19375 -0.907292
2 0 0.134375 -0.907292
0 1 0.24375 -0.905208
1 1 0.19375 -0.9075
2 1 0.13375 -0.9075
0 2 0.2195 -0.844
1 2 0.164 -0.844
2 2 0.11 -0.844
0 3 0.221 -0.8515
1 3 0.17 -0.8515
2 3 0.1115 -0.8515
0 4 0.155 -0.679
1 4 0.1025 -0.679
2 4 0.0470001 -0.6775
0 5 0.2204 -0.8434
1 5 0.1682 -0.8452
2 5 0.1088 -0.8452
0 6 0.1556 -0.6796
1 6 0.1034 -0.6796
2 6 0.0476001 -0.6778
0 7 0.2204 -0.85096
1 7 0.16856 -0.85096
2 7 0.11024 -0.85096
0 8 0.23768 -0.60688
1 8 0.18368 -0.6112
2 8 0.13184 -0.60688
0 9 0.171584 -0.784864
1 9 0.117152 -0.784864
2 9 0.0627202 -0.784864
0 10 0.21824 -0.849664
1 10 0.1664 -0.849664
2 10 0.109376 -0.849664
0 11 0.178842 -0.673408
1 11 0.122855 -0.670297
2 11 0.0699778 -0.670297
0 12 0.203725 -0.667187
1 12 0.153959 -0.667187
2 12 0.0979715 -0.667187
0 13 0.0948611 -0.720064
1 13 0.0388739 -0.720064
2 13 -0.0140029 -0.720064
0 14 0.219277 -0.813376
1 14 0.1664 -0.813376
2 14 0.110413 -0.813376
0 15 0.16018 -0.760499
1 15 0.107303 -0.760499
2 15 0.0513155 -0.760499
0 16 0.16018 -0.68585
1 16 0.107303 -0.68585
2 16 0.0544259 -0.68585
0 17 0.0917507 -0.710733
1 17 0.0388739 -0.710733
2 17 -0.0171134 -0.707622
0 18 0.144628 -0.76672
1 18 0.0917507 -0.76672
2 18 0.0357635 -0.76672
0 19 0.198126 -0.682739
1 19 0.145872 -0.682739
2 19 0.0898844 -0.682739
0 20 0.239184 -0.835771
1 20 0.183197 -0.839503
2 20 0.127209 -0.835771
0 21 0.213056 -0.820841
1 21 0.160802 -0.820841
2 21 0.104814 -0.820841
0 22 0.093617 -0.720064
1 22 0.0413623 -0.720064
2 22 -0.014625 -0.720064
0 23 0.160802 -0.761121
1 23 0.108547 -0.761121
2 23 0.0525597 -0.761121
0 24 0.108547 -0.686472
1 24 0.0525597 -0.686472
2 24 0.000304921 -0.686472
