53
0 0 0.108333 -0.697917
1 0 0.114583 -0.701042
2 0 0.113542 -0.709375
0 1 0.108333 -0.771875
1 1 0.114583 -0.776042
2 1 0.114583 -0.784375
0 2 0.0562501 -0.68125
1 2 0.0612501 -0.68625
2 2 0.06 -0.6925
0 3 0.09375 -0.72125
1 3 0.0987501 -0.725
2 3 0.0987501 -0.7325
0 4 0.0912501 -0.74
1 4 0.0975001 -0.74375
2 4 0.0975001 -0.75125
0 5 0.0965 -0.631
1 5 0.1025 -0.634
2 5 0.101 -0.64
0 6 0.0545001 -0.676
1 6 0.0605 -0.6805
2 6 0.059 -0.688
0 7 0.0950001 -0.7435
1 7 0.101 -0.748
2 7 0.101 -0.7555
0 8 0.1445 -0.6985
1 8 0.1505 -0.7015
2 8 0.1505 -0.709
0 9 -0.181 -0.637
1 9 -0.1825 -0.643
2 9 -0.1885 -0.6505
0 10 0.1565 -0.796
1 10 0.164 -0.8005
2 10 0.1655 -0.808
0 11 0.0998001 -0.6508
1 11 0.1052 -0.6526
2 11 0.1052 -0.6598
0 12 0.1466 -0.694
1 12 0.152 -0.6976
2 12 0.152 -0.7048
0 13 0.125 -0.757
1 13 0.1322 -0.7624
2 13 0.1322 -0.7696
0 14 0.0980001 -0.631
1 14 0.1034 -0.6346
2 14 0.1016 -0.64
0 15 0.0494001 -0.6724
1 15 0.0530001 -0.676
2 15 0.0530001 -0.685
0 16 0.0692001 -0.6418
1 16 0.0746001 -0.6436
2 16 0.0728001 -0.6508
0 17 0.10808 -0.77536
1 17 0.11672 -0.77968
2 17 0.11672 -0.78832
0 18 0.10808 -0.64144
1 18 0.1124 -0.6436
2 18 0.1124 -0.65008
0 19 0.14264 -0.69976
1 19 0.14912 -0.70408
2 19 0.14912 -0.71056
0 20 0.1556 -0.80344
1 20 0.16424 -0.80776
2 20 0.1664 -0.8164
0 21 0.0540801 -0.65224
1 21 0.0584002 -0.65656
2 21 0.0584002 -0.66304
0 22 -0.298 -0.59392
1 22 -0.30232 -0.60256
2 22 -0.31096 -0.60904
0 23 0.156032 -0.803008
1 23 0.163808 -0.8056
2 23 0.1664 -0.815968
0 24 0.104192 -0.644896
1 24 0.109376 -0.647488
2 24 0.109376 -0.652672
0 25 0.124928 -0.642304
1 25 0.130112 -0.644896
2 25 0.130112 -0.65008
0 26 -0.29584 -0.4708
1 26 -0.302752 -0.476416
2 26 -0.310528 -0.479008
0 27 0.1664 -0.769312
1 27 0.171584 -0.774496
2 27 0.174176 -0.782272
0 28 -0.180928 -0.639712
1 28 -0.180928 -0.647488
2 28 -0.188704 -0.652672
0 29 -0.302752 -0.606016
1 29 -0.307936 -0.613792
2 29 -0.315712 -0.618976
0 30 0.148256 -0.660448
1 30 0.15344 -0.66304
2 30 0.15344 -0.670816
0 31 -0.292384 -0.696736
1 31 -0.294976 -0.707104
2 31 -0.302752 -0.71488
0 32 0.148256 -0.68896
1 32 0.15344 -0.691552
2 32 0.15344 -0.699328
0 33 0.17936 -0.580096
1 33 0.181952 -0.580096
2 33 0.181952 -0.587872
0 34 0.176768 -0.790048
1 34 0.187136 -0.795232
2 34 0.187136 -0.803008
0 35 -0.297568 -0.593056
1 35 -0.302752 -0.600832
2 35 -0.310528 -0.608608
0 36 0.110413 -0.776051
1 36 0.116634 -0.779162
2 36 0.116634 -0.788493
0 37 0.150848 -0.776051
1 37 0.157069 -0.779162
2 37 0.16018 -0.788493
0 38 -0.30327 -0.604979
1 38 -0.306381 -0.61431
2 38 -0.315712 -0.620531
0 39 0.110413 -0.760499
1 39 0.116634 -0.76361
2 39 0.116634 -0.772941
0 40 0.0761987 -0.794714
1 40 0.0824195 -0.800934
2 40 0.0824195 -0.810266
0 41 0.144628 -0.660966
1 41 0.150848 -0.664077
2 41 0.150848 -0.670297
0 42 0.0544259 -0.679629
1 42 0.0575363 -0.682739
2 42 0.0575363 -0.69207
0 43 -0.135309 -0.816486
1 43 -0.132198 -0.828928
2 43 -0.135309 -0.838259
0 44 -0.290829 -0.695181
1 44 -0.297049 -0.707622
2 44 -0.30327 -0.713843
0 45 -0.126599 -0.809643
1 45 -0.126599 -0.820841
2 45 -0.126599 -0.832038
0 46 0.104814 -0.637949
1 46 0.108547 -0.637949
2 46 0.108547 -0.645414
0 47 0.078687 -0.794714
1 47 0.0824195 -0.802178
2 47 0.0824195 -0.809643
0 48 0.0525597 -0.679007
1 48 0.0562922 -0.686472
2 48 0.0562922 -0.690204
0 49 0.179464 -0.652879
1 49 0.186929 -0.652879
2 49 0.186929 -0.660344
0 50 -0.294561 -0.697669
1 50 -0.298294 -0.708866
2 50 -0.305759 -0.716331
0 51 0.0712221 -0.637949
1 51 0.0749546 -0.641682
2 51 0.0749546 -0.649147
0 52 -0.175122 -0.335618
1 52 -0.178854 -0.335618
2 52 -0.186319 -0.335618
