64
0 0 -0.08625 -0.72625
1 0 -0.103125 -0.726042
2 0 -0.108333 -0.722917
0 1 -0.125 -0.44375
1 1 -0.140625 -0.441667
2 1 -0.148958 -0.439583
0 2 -0.0199999 -0.58
1 2 -0.03375 -0.57625
2 2 -0.0425 -0.575
0 3 -0.08625 -0.72625
1 3 -0.10125 -0.7225
2 3 -0.10875 -0.7225
0 4 0.0489583 -0.447917
1 4 0.03375 -0.445
2 4 0.0275 -0.44125
0 5 -0.0175 -0.586
1 5 -0.0309999 -0.583
2 5 -0.04 -0.5815
0 6 -0.076 -0.6025
1 6 -0.091 -0.5995
2 6 -0.0984999 -0.598
0 7 -0.0715 -0.5995
1 7 -0.0865 -0.5965
2 7 -0.094 -0.595
0 8 -0.25 -0.6985
1 8 -0.2665 -0.6955
2 8 -0.2755 -0.6955
0 9 -0.25 -0.724
1 9 -0.2665 -0.721
2 9 -0.2755 -0.721
0 10 -0.247 -0.6925
1 10 -0.2635 -0.6895
2 10 -0.2725 -0.6895
0 11 -0.0205 -0.58
1 11 -0.034 -0.577
2 11 -0.043 -0.5755
0 12 -0.0865 -0.727
1 12 -0.1015 -0.7225
2 12 -0.109 -0.7225
0 13 -0.0654999 -0.67
1 13 -0.0805 -0.667
2 13 -0.0865 -0.6655
0 14 -0.2548 -0.694
1 14 -0.271 -0.6904
2 14 -0.28 -0.6904
0 15 0.4445 -0.8815
1 15 0.4382 -0.8848
2 15 0.4472 -0.8902
0 16 -0.244 -0.6958
1 16 -0.2602 -0.6922
2 16 -0.2692 -0.6922
0 17 0.1646 -0.2908
1 17 0.152 -0.2854
2 17 0.1466 -0.28
0 18 -0.0207999 -0.6742
1 18 -0.0333999 -0.6706
2 18 -0.0423999 -0.6688
0 19 -0.2728 -0.6958
1 19 -0.289 -0.6922
2 19 -0.298 -0.6922
0 20 -0.0693999 -0.5788
1 20 -0.0837999 -0.5752
2 20 -0.0909999 -0.5734
0 21 -0.2494 -0.7246
1 21 -0.2674 -0.721
2 21 -0.2764 -0.721
0 22 -0.0873999 -0.7282
1 22 -0.10375 -0.72625
2 22 -0.109 -0.7246
0 23 -0.0531999 -0.586
1 23 -0.0675999 -0.5824
2 23 -0.0747999 -0.5806
0 24 -0.0850238 -0.735616
1 24 -0.1018 -0.7336
2 24 -0.109 -0.7318
0 25 0.3086 -0.829
1 25 0.2978 -0.829
2 25 0.2978 -0.8308
0 26 -0.0539199 -0.58528
1 26 -0.0690399 -0.58312
2 26 -0.0755199 -0.58096
0 27 -0.0711999 -0.59824
1 27 -0.0863199 -0.59608
2 27 -0.0927999 -0.59392
0 28 -0.0755199 -0.60472
1 28 -0.0906399 -0.6004
2 28 -0.0971199 -0.6004
0 29 -0.25048 -0.72352
1 29 -0.26776 -0.72136
2 29 -0.2764 -0.72136
0 30 -0.0215199 -0.67384
1 30 -0.0344798 -0.66952
2 30 -0.0431199 -0.66952
0 31 -0.0582399 -0.57664
1 31 -0.0733599 -0.57448
2 31 -0.0819998 -0.57232
0 32 -0.24832 -0.69328
1 32 -0.2656 -0.69112
2 32 -0.27424 -0.69112
0 33 -0.2764 -0.70192
1 33 -0.29368 -0.69976
2 33 -0.30232 -0.69976
0 34 0.3068 -0.83584
1 34 0.296 -0.83584
2 34 0.296 -0.838
0 35 -0.0171998 -0.66952
1 35 -0.0301599 -0.6652
2 35 -0.0387999 -0.6652
0 36 -0.0513278 -0.58528
1 36 -0.0642878 -0.582688
2 36 -0.0720638 -0.580096
0 37 -0.0720638 -0.59824
1 37 -0.0850238 -0.595648
2 37 -0.0927998 -0.593056
0 38 -0.243136 -0.707104
1 38 -0.258688 -0.704512
2 38 -0.269056 -0.704512
0 39 -0.250912 -0.722656
1 39 -0.269056 -0.720064
2 39 -0.276832 -0.720064
0 40 -0.253504 -0.694144
1 40 -0.271648 -0.691552
2 40 -0.279424 -0.691552
0 41 -0.24832 -0.717472
1 41 -0.263872 -0.71488
2 41 -0.27424 -0.71488
0 42 -0.0824318 -0.72784
1 42 -0.0992798 -0.72352
2 42 -0.10576 -0.722656
0 43 -0.0746558 -0.606016
1 43 -0.0902078 -0.603424
2 43 -0.0979838 -0.600832
0 44 -0.0228158 -0.673408
1 44 -0.0357758 -0.670816
2 44 -0.0435518 -0.670816
0 45 -0.263872 -0.282016
1 45 -0.28288 -0.27208
2 45 -0.292384 -0.271648
0 46 0.163808 -0.289792
1 46 0.150848 -0.284608
2 46 0.145664 -0.279424
0 47 -0.0694718 -0.668224
1 47 -0.0824318 -0.665632
2 47 -0.0902078 -0.66304
0 48 -0.244173 -0.701402
1 48 -0.259725 -0.698291
2 48 -0.269056 -0.698291
0 49 -0.244173 -0.707622
1 49 -0.259725 -0.704512
2 49 -0.269056 -0.704512
0 50 -0.0233341 -0.673408
1 50 -0.0388861 -0.670297
2 50 -0.045107 -0.670297
0 51 -0.253504 -0.723174
1 51 -0.269056 -0.720064
2 51 -0.278387 -0.720064
0 52 -0.262835 -0.278387
1 52 -0.282016 -0.27424
2 52 -0.293939 -0.269056
0 53 0.163808 -0.289792
1 53 0.150848 -0.284608
2 53 0.144628 -0.278387
0 54 0.163808 -0.289792
1 54 0.150848 -0.284608
2 54 0.142139 -0.279631
0 55 -0.0855421 -0.734994
1 55 -0.100472 -0.731261
2 55 -0.107937 -0.731261
0 56 -0.275899 -0.723796
1 56 -0.290829 -0.720064
2 56 -0.302026 -0.720064
0 57 -0.253504 -0.723796
1 57 -0.272166 -0.720064
2 57 -0.279631 -0.720064
0 58 -0.02209 -0.675274
1 58 -0.0370199 -0.671542
2 58 -0.0444848 -0.671542
0 59 -0.0519498 -0.589427
1 59 -0.0668797 -0.585695
2 59 -0.0743447 -0.585695
0 60 -0.0594147 -0.57823
1 60 -0.0743447 -0.574497
2 60 -0.0818097 -0.574497
0 61 -0.014625 -0.581962
1 61 -0.0295549 -0.57823
2 61 -0.0370199 -0.574497
0 62 -0.264701 -0.279631
1 62 -0.283364 -0.272166
2 62 -0.294561 -0.272166
0 63 -0.107937 -0.716331
1 63 -0.122867 -0.716331
2 63 -0.130332 -0.712599
