15
0 0 0.0385417 -0.725
1 0 0.0166667 -0.722917
2 0 0.0135417 -0.722917
0 1 0.0416667 -0.723958
1 1 0.01625 -0.7225
2 1 0.0125001 -0.7225
0 2 0.0385417 -0.725
1 2 0.0155001 -0.724
2 2 0.0125001 -0.724
0 3 0.2528 -0.3088
1 3 0.2294 -0.3088
2 3 0.2276 -0.307
0 4 0.041 -0.724
1 4 0.0155001 -0.724
2 4 0.0134001 -0.7246
0 5 0.0422001 -0.7246
1 5 0.0170001 -0.7228
2 5 0.0152002 -0.72352
0 6 0.24632 -0.31096
1 6 0.228608 -0.307936
2 6 0.22688 -0.30664
0 7 -0.0258224 -0.839503
1 7 0.0186562 -0.730432
2 7 0.0160643 -0.730432
0 8 0.24632 -0.31096
1 8 0.228608 -0.307936
2 8 0.226016 -0.307936
0 9 0.247271 -0.309491
1 9 0.228608 -0.309491
2 9 0.225498 -0.306381
0 10 0.0544259 -0.601869
1 10 0.032653 -0.598758
2 10 0.0264323 -0.598758
0 11 -0.129088 -0.309491
1 11 -0.157081 -0.306381
2 11 -0.160192 -0.30327
0 12 -0.130332 -0.309491
1 12 -0.156459 -0.305759
2 12 -0.160192 -0.305759
0 13 0.246649 -0.309491
1 13 0.227986 -0.309491
2 13 0.224254 -0.305759
0 14 0.42954 -0.817108
1 14 0.403413 -0.817108
2 14 0.407145 -0.820841
