50
0 0 -0.06625 -0.8125
1 0 -0.0574999 -0.81375
2 0 -0.0437499 -0.8075
0 1 -0.06625 -0.6725
1 1 -0.06 -0.6725
2 1 -0.0512499 -0.6675
0 2 -0.305 -0.67375
1 2 -0.3025 -0.67375
2 2 -0.2975 -0.675
0 3 -0.15 -0.71375
1 3 -0.14375 -0.715
2 3 -0.135 -0.71125
0 4 -0.0562499 -0.7825
1 4 -0.0475 -0.78375
2 4 -0.03625 -0.7775
0 5 -0.3055 -0.6745
1 5 -0.3025 -0.6745
2 5 -0.298 -0.6745
0 6 -0.109 -0.766
1 6 -0.0999999 -0.7675
2 6 -0.0895 -0.763
0 7 -0.0669999 -0.6745
1 7 -0.0594999 -0.673
2 7 -0.052 -0.6685
0 8 -0.0835 -0.6745
1 8 -0.076 -0.6745
2 8 -0.0684999 -0.6685
0 9 0.1682 -0.3502
1 9 0.176 -0.3415
2 9 0.1805 -0.3235
0 10 -0.1144 -0.6706
1 10 -0.109 -0.6706
2 10 -0.0999999 -0.667
0 11 0.16856 -0.34984
1 11 0.1754 -0.3412
2 11 0.1808 -0.3232
0 12 -0.1612 -0.8362
1 12 -0.1522 -0.838
2 12 -0.1396 -0.8344
0 13 -0.0657999 -0.82
1 13 -0.0567999 -0.82
2 13 -0.0441999 -0.8146
0 14 -0.2926 -0.442
1 14 -0.2926 -0.442
2 14 -0.2944 -0.4384
0 15 -0.1036 -0.66736
1 15 -0.0971199 -0.66736
2 15 -0.0906399 -0.66304
0 16 -0.0647199 -0.67384
1 16 -0.0582399 -0.67384
2 16 -0.0495998 -0.66736
0 17 -0.30664 -0.67384
1 17 -0.30232 -0.676
2 17 -0.298 -0.676
0 18 -0.1036 -0.76024
1 18 -0.0949599 -0.7624
2 18 -0.0841599 -0.75808
0 19 -0.27856 -0.85312
1 19 -0.27208 -0.85744
2 19 -0.26128 -0.8596
0 20 0.16856 -0.34984
1 20 0.17504 -0.3412
2 20 0.17936 -0.32176
0 21 -0.1036 -0.676
1 21 -0.0971199 -0.676
2 21 -0.0884799 -0.67168
0 22 -0.14248 -0.81424
1 22 -0.13384 -0.81424
2 22 -0.12088 -0.80992
0 23 -0.28072 -0.8056
1 23 -0.27424 -0.80992
2 23 -0.2656 -0.80992
0 24 -0.0668798 -0.81856
1 24 -0.0582399 -0.81856
2 24 -0.0452799 -0.81424
0 25 -0.147232 -0.704512
1 25 -0.142048 -0.707104
2 25 -0.13168 -0.704512
0 26 -0.142048 -0.813376
1 26 -0.13168 -0.813376
2 26 -0.121312 -0.810784
0 27 -0.0668798 -0.81856
1 27 -0.0591038 -0.81856
2 27 -0.0461438 -0.813376
0 28 -0.305344 -0.676
1 28 -0.302752 -0.678592
2 28 -0.297568 -0.678592
0 29 0.1664 -0.349926
1 29 0.174176 -0.341632
2 29 0.17936 -0.323488
0 30 -0.160192 -0.834112
1 30 -0.152416 -0.836704
2 30 -0.139456 -0.834112
0 31 -0.0575485 -0.791603
1 31 -0.0482173 -0.791603
2 31 -0.0388861 -0.785382
0 32 -0.0482173 -0.810266
1 32 -0.0388861 -0.810266
2 32 -0.0295549 -0.804045
0 33 -0.0637693 -0.673408
1 33 -0.0575485 -0.673408
2 33 -0.0482173 -0.667187
0 34 -0.129088 -0.670297
1 34 -0.122867 -0.670297
2 34 -0.116646 -0.667187
0 35 -0.0699902 -0.819597
1 35 -0.060659 -0.819597
2 35 -0.0482173 -0.813376
0 36 0.1664 -0.349926
1 36 0.172621 -0.340595
2 36 0.178842 -0.321933
0 37 -0.150861 -0.704512
1 37 -0.14464 -0.704512
2 37 -0.135309 -0.704512
0 38 -0.160192 -0.832038
1 38 -0.150861 -0.835149
2 38 -0.138419 -0.832038
0 39 -0.150861 -0.720064
1 39 -0.14464 -0.720064
2 39 -0.135309 -0.716954
0 40 -0.138419 -0.813376
1 40 -0.132198 -0.813376
2 40 -0.119757 -0.810266
0 41 -0.0370199 -0.813376
1 41 -0.0258224 -0.813376
2 41 -0.014625 -0.805911
0 42 -0.0706122 -0.805911
1 42 -0.0594147 -0.805911
2 42 -0.0482173 -0.802178
0 43 -0.137797 -0.813376
1 43 -0.130332 -0.813376
2 43 -0.119134 -0.809643
0 44 -0.0631472 -0.675274
1 44 -0.0556823 -0.675274
2 44 -0.0482173 -0.667809
0 45 -0.130332 -0.671542
1 45 -0.122867 -0.671542
2 45 -0.115402 -0.667809
0 46 -0.279631 -0.809643
1 46 -0.272166 -0.813376
2 46 -0.264701 -0.813376
0 47 -0.107937 -0.686472
1 47 -0.100472 -0.686472
2 47 -0.0930071 -0.682739
0 48 -0.148994 -0.690204
1 48 -0.141529 -0.690204
2 48 -0.134064 -0.690204
0 49 0.168267 -0.350548
1 49 0.172621 -0.340595
2 49 0.179464 -0.324421
