58
0 0 0.180208 -0.642708
1 0 0.1875 -0.64375
2 0 0.186458 -0.646875
0 1 0.0552083 -0.673958
1 1 0.0614583 -0.675
2 1 0.059375 -0.676042
0 2 0.1 -0.65125
1 2 0.1075 -0.6525
2 2 0.10625 -0.65375
0 3 0.0550001 -0.67375
1 3 0.0612501 -0.675
2 3 0.06 -0.67625
0 4 0.0550001 -0.67625
1 4 0.0612501 -0.6775
2 4 0.06 -0.67875
0 5 0.0550001 -0.67875
1 5 0.0612501 -0.68
2 5 0.06 -0.68125
0 6 -0.18125 -0.355
1 6 -0.18125 -0.35125
2 6 -0.185 -0.345
0 7 0.15625 -0.79
1 7 0.16375 -0.7925
2 7 0.16125 -0.79375
0 8 0.0950001 -0.6295
1 8 0.101 -0.6295
2 8 0.0995 -0.631
0 9 0.1025 -0.6925
1 9 0.11 -0.694
2 9 0.1085 -0.6955
0 10 0.104 -0.7195
1 10 0.11 -0.721
2 10 0.11 -0.7225
0 11 -0.1105 -0.805
1 11 -0.109 -0.808
2 11 -0.1165 -0.8095
0 12 -0.106 -0.805
1 12 -0.103 -0.8095
2 12 -0.1105 -0.811
0 13 0.155 -0.79
1 13 0.1625 -0.793
2 13 0.161 -0.7945
0 14 0.179 -0.6445
1 14 0.1865 -0.6445
2 14 0.185 -0.6475
0 15 0.0995 -0.6505
1 15 0.107 -0.652
2 15 0.107 -0.6535
0 16 0.1034 -0.7192
1 16 0.1106 -0.721
2 16 0.1106 -0.7228
0 17 0.107 -0.6958
1 17 0.1142 -0.6976
2 17 0.1142 -0.6994
0 18 0.1556 -0.7534
1 18 0.1628 -0.7552
2 18 0.161 -0.757
0 19 -0.1108 -0.8038
1 19 -0.109 -0.8092
2 19 -0.1162 -0.8092
0 20 0.107 -0.7714
1 20 0.1142 -0.7732
2 20 0.1124 -0.775
0 21 0.14264 -0.63712
1 21 0.14912 -0.63712
2 21 0.14912 -0.63928
0 22 0.1016 -0.65224
1 22 0.10808 -0.65224
2 22 0.10808 -0.6544
0 23 0.0540801 -0.676
1 23 0.0605602 -0.67816
2 23 0.0584002 -0.67816
0 24 0.0994401 -0.71488
1 24 0.10808 -0.71704
2 24 0.10592 -0.71704
0 25 0.14048 -0.6976
1 25 0.14696 -0.6976
2 25 0.14696 -0.69976
0 26 -0.15976 -0.64144
1 26 -0.15976 -0.6436
2 26 -0.16624 -0.64144
0 27 0.1556 -0.79696
1 27 0.16208 -0.79912
2 27 0.15992 -0.80128
0 28 0.10376 -0.69328
1 28 0.1124 -0.69328
2 28 0.11024 -0.69544
0 29 0.11024 -0.73648
1 29 0.11672 -0.73864
2 29 0.11672 -0.73864
0 30 0.1016 -0.64144
1 30 0.10808 -0.6436
2 30 0.10592 -0.6436
0 31 0.17936 -0.64576
1 31 0.18584 -0.64576
2 31 0.18584 -0.64792
0 32 0.0735202 -0.79264
1 32 0.0800002 -0.79696
2 32 0.0778402 -0.79696
0 33 0.14912 -0.7516
1 33 0.1556 -0.75376
2 33 0.15344 -0.75592
0 34 0.0860483 -0.795232
1 34 0.0938243 -0.797824
2 34 0.0912323 -0.797824
0 35 0.0990083 -0.657856
1 35 0.106784 -0.660448
2 35 0.106784 -0.660448
0 36 -0.271648 -0.6112
1 36 -0.27424 -0.6112
2 36 -0.282016 -0.608608
0 37 0.156032 -0.797824
1 37 0.161216 -0.800416
2 37 0.158624 -0.800416
0 38 0.122336 -0.639712
1 38 0.12752 -0.639712
2 38 0.12752 -0.642304
0 39 0.101082 -0.642304
1 39 0.107303 -0.642304
2 39 0.107303 -0.642304
0 40 0.175732 -0.785382
1 40 0.181952 -0.788493
2 40 0.178842 -0.788493
0 41 0.0513155 -0.639194
1 41 0.0575363 -0.639194
2 41 0.0544259 -0.639194
0 42 0.144628 -0.636083
1 42 0.150848 -0.636083
2 42 0.150848 -0.639194
0 43 0.101082 -0.632973
1 43 0.107303 -0.632973
2 43 0.107303 -0.636083
0 44 0.0979715 -0.657856
1 44 0.107303 -0.660966
2 44 0.107303 -0.660966
0 45 0.110413 -0.76361
1 45 0.116634 -0.76672
2 45 0.116634 -0.76672
0 46 0.147738 -0.782272
1 46 0.157069 -0.785382
2 46 0.153959 -0.785382
0 47 0.141517 -0.657856
1 47 0.150848 -0.657856
2 47 0.147738 -0.660966
0 48 0.0513155 -0.676518
1 48 0.0575363 -0.679629
2 48 0.0575363 -0.679629
0 49 0.144628 -0.682739
1 49 0.150848 -0.68585
2 49 0.150848 -0.68585
0 50 0.0513155 -0.819597
1 50 0.0575363 -0.822707
2 50 0.0544259 -0.822707
0 51 0.0712221 -0.637949
1 51 0.0749546 -0.637949
2 51 0.0749546 -0.637949
0 52 0.0488272 -0.637949
1 52 0.0562922 -0.641682
2 52 0.0525597 -0.641682
0 53 0.0749546 -0.790981
1 53 0.0824195 -0.794714
2 53 0.078687 -0.794714
0 54 0.175732 -0.649147
1 54 0.183197 -0.649147
2 54 0.183197 -0.649147
0 55 0.0525597 -0.817108
1 55 0.0600246 -0.820841
2 55 0.0562922 -0.820841
0 56 0.0525597 -0.679007
1 56 0.0562922 -0.679007
2 56 0.0562922 -0.679007
0 57 -0.119134 -0.809643
1 57 -0.115402 -0.813376
2 57 -0.122867 -0.813376
