27
0 0 -0.053125 -0.748958
1 0 -0.03375 -0.7525
2 0 -0.00208333 -0.753125
0 1 0.14 -0.3385
1 1 0.1715 -0.34
2 1 0.1975 -0.33875
0 2 -0.053125 -0.748958
1 2 -0.03375 -0.7525
2 2 -0.00249996 -0.75375
0 3 0.0155001 -0.6025
1 3 0.0440001 -0.6055
2 3 0.0695001 -0.607
0 4 -0.0535 -0.7405
1 4 -0.0324999 -0.7425
2 4 -0.000999959 -0.745
0 5 0.14 -0.3385
1 5 0.1715 -0.34
2 5 0.197 -0.3385
0 6 -0.0517598 -0.74944
1 6 -0.034 -0.751
2 6 -0.00249996 -0.7525
0 7 -0.0517598 -0.74296
1 7 -0.0309999 -0.7435
2 7 -0.000999896 -0.7462
0 8 -0.2242 -0.343
1 8 -0.1954 -0.3448
2 8 -0.172 -0.343
0 9 -0.0513999 -0.7498
1 9 -0.034 -0.751
2 9 -0.000999896 -0.7534
0 10 0.1394 -0.3376
1 10 0.1718 -0.3394
2 10 0.197 -0.3394
0 11 -0.0531999 -0.7408
1 11 -0.0315999 -0.7426
2 11 8.01722e-05 -0.74512
0 12 -0.0431199 -0.60904
1 12 -0.0193598 -0.6112
2 12 0.00872014 -0.6112
0 13 -0.22456 -0.34336
1 13 -0.19432 -0.34336
2 13 -0.17272 -0.34336
0 14 -0.0513999 -0.7498
1 14 -0.034 -0.751
2 14 8.01722e-05 -0.75376
0 15 0.1394 -0.3376
1 15 0.17072 -0.33904
2 15 0.19664 -0.33904
0 16 0.1394 -0.3376
1 16 0.17072 -0.33904
2 16 0.19664 -0.33472
0 17 0.137888 -0.336448
1 17 0.17072 -0.33904
2 17 0.197504 -0.33904
0 18 -0.2224 -0.341632
1 18 -0.19432 -0.34336
2 18 -0.17056 -0.341632
0 19 -0.0517598 -0.74944
1 19 -0.0323199 -0.7516
2 19 0.00051225 -0.75376
0 20 0.137888 -0.336448
1 20 0.164534 -0.339351
2 20 0.194394 -0.337485
0 21 -0.223644 -0.343083
1 21 -0.194406 -0.343705
2 21 -0.172633 -0.343705
0 22 -0.206848 -0.738726
1 22 -0.181965 -0.738726
2 22 -0.157081 -0.738726
0 23 -0.223644 -0.343083
1 23 -0.193784 -0.343083
2 23 -0.171389 -0.343083
0 24 0.138407 -0.339351
1 24 0.164534 -0.339351
2 24 0.194394 -0.339351
0 25 -0.0482173 -0.749924
1 25 -0.0295549 -0.749924
2 25 0.000304921 -0.753656
0 26 -0.115402 -0.854433
1 26 -0.0930071 -0.858166
2 26 -0.0631472 -0.858166
