102
0 0 -0.0499999 -0.72125
1 0 -0.05875 -0.72625
2 0 -0.075 -0.726042
0 1 -0.207292 -0.7
1 1 -0.216667 -0.703125
2 1 -0.234375 -0.70625
0 2 -0.05 -0.73125
1 2 -0.0583333 -0.734375
2 2 -0.075 -0.735417
0 3 0.0197917 -0.667708
1 3 0.0114583 -0.669792
2 3 -0.00416667 -0.669792
0 4 0.015625 -0.577083
1 4 0.00625006 -0.57875
2 4 -0.00833333 -0.579167
0 5 -0.2325 -0.69125
1 5 -0.2425 -0.69625
2 5 -0.26 -0.69875
0 6 -0.20625 -0.69
1 6 -0.21625 -0.69375
2 6 -0.2325 -0.69625
0 7 0.19 -0.29375
1 7 0.18375 -0.2925
2 7 0.17 -0.2925
0 8 -0.205 -0.685
1 8 -0.21375 -0.68875
2 8 -0.23125 -0.69125
0 9 -0.20625 -0.70375
1 9 -0.215 -0.70875
2 9 -0.2325 -0.71125
0 10 0.015 -0.5775
1 10 0.00625006 -0.57875
2 10 -0.00874996 -0.58
0 11 -0.0225 -0.575
1 11 -0.03 -0.57625
2 11 -0.04625 -0.5775
0 12 -0.00624994 -0.57875
1 12 -0.01625 -0.58
2 12 -0.0312499 -0.58125
0 13 -0.00749995 -0.5725
1 13 -0.01625 -0.575
2 13 -0.0312499 -0.575
0 14 -0.035 -0.59625
1 14 -0.0437499 -0.5975
2 14 -0.05875 -0.59875
0 15 -0.07875 -0.64
1 15 -0.0874999 -0.6425
2 15 -0.1025 -0.64375
0 16 -0.05 -0.722917
1 16 -0.05875 -0.72625
2 16 -0.0749999 -0.72625
0 17 0.0300001 -0.57375
1 17 0.0225 -0.575
2 17 0.00625006 -0.57625
0 18 0.02 -0.6675
1 18 0.0112501 -0.67
2 18 -0.00374997 -0.67
0 19 -0.0505 -0.7315
1 19 -0.0583333 -0.732292
2 19 -0.0749999 -0.735
0 20 -0.0495999 -0.7228
1 20 -0.058 -0.724
2 20 -0.073 -0.727
0 21 -0.0775 -0.6355
1 21 -0.0865 -0.6385
2 21 -0.1015 -0.6385
0 22 0.1925 -0.29375
1 22 0.1835 -0.292
2 22 0.17 -0.292
0 23 -0.079 -0.64
1 23 -0.088 -0.643
2 23 -0.103 -0.6445
0 24 -0.0385 -0.589
1 24 -0.0475 -0.5905
2 24 -0.0624999 -0.592
0 25 -0.0294999 -0.6655
1 25 -0.037 -0.6685
2 25 -0.052 -0.67
0 26 0.0155001 -0.577
1 26 0.00650005 -0.5785
2 26 -0.00849997 -0.58
0 27 -0.235 -0.6886
1 27 -0.2458 -0.694
2 27 -0.2638 -0.6958
0 28 0.0170001 -0.577
1 28 0.00800012 -0.5788
2 28 -0.00819988 -0.5788
0 29 -0.0423999 -0.6688
1 29 -0.0495999 -0.6706
2 29 -0.0657999 -0.6724
0 30 -0.199 -0.6904
1 30 -0.2098 -0.694
2 30 -0.226 -0.6976
0 31 -0.0495999 -0.7228
1 31 -0.0585999 -0.7246
2 31 -0.0729999 -0.7264
0 32 -0.208 -0.7156
1 32 -0.217 -0.7192
2 32 -0.235 -0.7228
0 33 -0.0171999 -0.5824
1 33 -0.0261999 -0.5842
2 33 -0.0423999 -0.5842
0 34 0.191 -0.2935
1 34 0.1826 -0.2926
2 34 0.17 -0.2926
0 35 -0.2062 -0.685
1 35 -0.2152 -0.6886
2 35 -0.2332 -0.6922
0 36 -0.2116 -0.685
1 36 -0.2206 -0.6904
2 36 -0.2386 -0.6922
0 37 -0.00639992 -0.5788
1 37 -0.0153999 -0.5806
2 37 -0.0297999 -0.5806
0 38 -0.0297999 -0.6652
1 38 -0.0369999 -0.6688
2 38 -0.0531999 -0.6688
0 39 -0.00639992 -0.5734
1 39 -0.0153999 -0.5752
2 39 -0.0297999 -0.5752
0 40 0.0350001 -0.721
1 40 0.0260001 -0.7228
2 40 0.0116001 -0.7246
0 41 -0.0495999 -0.73
1 41 -0.058 -0.733
2 41 -0.0729999 -0.7354
0 42 -0.0801999 -0.6418
1 42 -0.0891999 -0.6436
2 42 -0.1054 -0.6436
0 43 0.0173601 -0.58312
1 43 0.00872014 -0.58528
2 43 -0.00639985 -0.58528
0 44 -0.0366398 -0.59392
1 44 -0.0452799 -0.59608
2 44 -0.0603999 -0.59824
0 45 -0.2008 -0.69112
1 45 -0.20944 -0.69544
2 45 -0.22672 -0.6976
0 46 -0.0409599 -0.66736
1 46 -0.0495998 -0.66952
2 46 -0.0647199 -0.67168
0 47 -0.0387999 -0.58744
1 47 -0.0474399 -0.5896
2 47 -0.0625599 -0.5896
0 48 -0.0171998 -0.58312
1 48 -0.0258399 -0.58528
2 48 -0.0409599 -0.58528
0 49 0.188173 -0.290829
1 49 0.181952 -0.292384
2 49 0.16856 -0.29152
0 50 -0.20944 -0.71488
1 50 -0.21808 -0.7192
2 50 -0.23536 -0.72136
0 51 -0.0171998 -0.56584
1 51 -0.0258399 -0.568
2 51 -0.0409599 -0.568
0 52 0.0216801 -0.6652
1 52 0.0130402 -0.66736
2 52 -0.00207984 -0.66736
0 53 0.0173601 -0.57664
1 53 0.00872014 -0.5788
2 53 -0.00639985 -0.5788
0 54 -0.23536 -0.68896
1 54 -0.24616 -0.69328
2 54 -0.26344 -0.69544
0 55 -0.0387999 -0.6004
1 55 -0.0474399 -0.60256
2 55 -0.0625599 -0.60472
0 56 -0.0495998 -0.72352
1 56 -0.0585999 -0.7246
2 56 -0.0733599 -0.72784
0 57 -0.0495999 -0.73
1 57 -0.0560799 -0.73216
2 57 -0.0733599 -0.73432
0 58 -0.631936 -0.554176
1 58 -0.64875 -0.55875
2 58 -0.67816 -0.56152
0 59 -0.219808 -0.709696
1 59 -0.230176 -0.71488
2 59 -0.245728 -0.717472
0 60 -0.0254078 -0.670816
1 60 -0.0331838 -0.673408
2 60 -0.0487357 -0.673408
0 61 -0.0495998 -0.72352
1 61 -0.0539198 -0.725248
2 61 -0.0720638 -0.72784
0 62 0.0134722 -0.670816
1 62 0.00569623 -0.673408
2 62 -0.00985578 -0.673408
0 63 -0.0409598 -0.668224
1 63 -0.0487357 -0.670816
2 63 -0.0642878 -0.670816
0 64 -0.0357758 -0.595648
1 64 -0.0435518 -0.59824
2 64 -0.0591038 -0.59824
0 65 -0.212032 -0.686368
1 65 -0.2224 -0.691552
2 65 -0.237952 -0.694144
0 66 -0.20944 -0.71488
1 66 -0.217216 -0.720064
2 66 -0.23536 -0.722656
0 67 0.0316163 -0.673408
1 67 0.0238403 -0.676
2 67 0.00828826 -0.676
0 68 -0.0228158 -0.574912
1 68 -0.0305918 -0.574912
2 68 -0.0461438 -0.577504
0 69 0.0627202 -0.722656
1 69 0.0549442 -0.722656
2 69 0.0393922 -0.725248
0 70 -0.0176318 -0.564544
1 70 -0.0254078 -0.567136
2 70 -0.0409598 -0.567136
0 71 -0.219808 -0.284608
1 71 -0.230176 -0.284608
2 71 -0.24832 -0.284608
0 72 0.188173 -0.290829
1 72 0.181952 -0.290829
2 72 0.168992 -0.292384
0 73 0.0186562 -0.577504
1 73 0.0108802 -0.577504
2 73 -0.00467173 -0.580096
0 74 -0.23536 -0.68896
1 74 -0.245728 -0.694144
2 74 -0.263872 -0.696736
0 75 0.0295427 -0.673408
1 75 0.0233219 -0.673408
2 75 0.0077699 -0.676518
0 76 0.0171011 -0.583206
1 76 0.0077699 -0.586317
2 76 -0.00778211 -0.586317
0 77 0.0171011 -0.576985
1 77 0.0108803 -0.576985
2 77 -0.00467173 -0.580096
0 78 -0.219289 -0.284608
1 78 -0.231731 -0.284608
2 78 -0.250393 -0.284608
0 79 0.188173 -0.290829
1 79 0.181952 -0.290829
2 79 0.169511 -0.290829
0 80 -0.0233341 -0.573875
1 80 -0.0326653 -0.576985
2 80 -0.0482173 -0.576985
0 81 -0.0357758 -0.595648
1 81 -0.045107 -0.595648
2 81 -0.060659 -0.598758
0 82 0.0139907 -0.670297
1 82 0.00465946 -0.673408
2 82 -0.0108926 -0.673408
0 83 -0.0171134 -0.564544
1 83 -0.0264446 -0.567654
2 83 -0.0419965 -0.567654
0 84 -0.2224 -0.713843
1 84 -0.228621 -0.716954
2 84 -0.247283 -0.720064
0 85 -0.209958 -0.713843
1 85 -0.219289 -0.716954
2 85 -0.237952 -0.720064
0 86 -0.200627 -0.698291
1 86 -0.20944 -0.70192
2 86 -0.228621 -0.704512
0 87 -0.0824317 -0.645414
1 87 -0.0917629 -0.648525
2 87 -0.107315 -0.651635
0 88 -0.208714 -0.697669
1 88 -0.219911 -0.701402
2 88 -0.234841 -0.705134
0 89 -0.0370199 -0.596892
1 89 -0.0444848 -0.596892
2 89 -0.0594147 -0.600625
0 90 -0.208714 -0.686472
1 90 -0.219911 -0.690204
2 90 -0.234841 -0.693937
0 91 0.186929 -0.290829
1 91 0.181952 -0.290829
2 91 0.168267 -0.290829
0 92 -0.212446 -0.712599
1 92 -0.219911 -0.720064
2 92 -0.238574 -0.720064
0 93 -0.014625 -0.567032
1 93 -0.0258224 -0.567032
2 93 -0.0407523 -0.567032
0 94 -0.219911 -0.716331
1 94 -0.231109 -0.720064
2 94 -0.246039 -0.723796
0 95 -0.014625 -0.585695
1 95 -0.0258224 -0.589427
2 95 -0.0407523 -0.589427
0 96 -0.02209 -0.574497
1 96 -0.0332874 -0.57823
2 96 -0.0482173 -0.57823
0 97 -0.0482173 -0.727529
1 97 -0.0556823 -0.731261
2 97 -0.0706122 -0.734994
0 98 -0.219911 -0.287096
1 98 -0.231109 -0.287096
2 98 -0.249771 -0.287096
0 99 0.0115024 -0.671542
1 99 0.00403741 -0.675274
2 99 -0.0108925 -0.675274
0 100 -0.0743447 -0.455058
1 100 -0.0818097 -0.455058
2 100 -0.100472 -0.455058
0 101 -0.234841 -0.701402
1 101 -0.242306 -0.705134
2 101 -0.260969 -0.708866
