68
0 0 0.171875 -0.358333
1 0 0.16875 -0.35125
2 0 0.176042 -0.341667
0 1 -0.1375 -0.703125
1 1 -0.145833 -0.7
2 1 -0.139583 -0.701042
0 2 -0.0729167 -0.677083
1 2 -0.0822917 -0.675
2 2 -0.0760417 -0.675
0 3 -0.05625 -0.677083
1 3 -0.0666667 -0.675
2 3 -0.059375 -0.675
0 4 -0.1 -0.784375
1 4 -0.108333 -0.78125
2 4 -0.1 -0.78125
0 5 -0.05875 -0.72125
1 5 -0.0675 -0.71875
2 5 -0.06 -0.71875
0 6 -0.0975 -0.6675
1 6 -0.10625 -0.665
2 6 -0.0999999 -0.665
0 7 -0.14125 -0.71625
1 7 -0.15 -0.71375
2 7 -0.14375 -0.715
0 8 -0.29375 -0.67625
1 8 -0.305 -0.67375
2 8 -0.3025 -0.67375
0 9 0.1725 -0.3575
1 9 0.16875 -0.35125
2 9 0.17625 -0.34125
0 10 -0.0234999 -0.8185
1 10 -0.0324999 -0.8155
2 10 -0.02375 -0.81625
0 11 -0.097 -0.6685
1 11 -0.106 -0.6655
2 11 -0.0999999 -0.6655
0 12 -0.0745 -0.6775
1 12 -0.0835 -0.6745
2 12 -0.076 -0.6745
0 13 -0.142 -0.679
1 13 -0.1495 -0.676
2 13 -0.1435 -0.6775
0 14 -0.0249999 -0.685
1 14 -0.034 -0.682
2 14 -0.0264999 -0.682
0 15 -0.1015 -0.7975
1 15 -0.1105 -0.793
2 15 -0.1015 -0.7945
0 16 -0.2935 -0.6775
1 16 -0.3055 -0.6745
2 16 -0.3025 -0.6745
0 17 -0.0984999 -0.721
1 17 -0.1075 -0.7195
2 17 -0.0999999 -0.7195
0 18 0.1718 -0.3574
1 18 0.1682 -0.3502
2 18 0.176 -0.3415
0 19 -0.133 -0.817
1 19 -0.142 -0.8125
2 19 -0.133 -0.814
0 20 -0.0567999 -0.8218
1 20 -0.0657999 -0.82
2 20 -0.0567999 -0.82
0 21 -0.1324 -0.8164
1 21 -0.1414 -0.8128
2 21 -0.1324 -0.8128
0 22 -0.1054 -0.6724
1 22 -0.1144 -0.6706
2 22 -0.109 -0.6706
0 23 -0.1198 -0.8182
1 23 -0.12952 -0.81424
2 23 -0.1216 -0.8164
0 24 0.17072 -0.35632
1 24 0.16856 -0.34984
2 24 0.17504 -0.3412
0 25 -0.0949599 -0.76456
1 25 -0.1036 -0.76024
2 25 -0.0949599 -0.7624
0 26 -0.0992798 -0.76888
1 26 -0.10792 -0.76672
2 26 -0.0992798 -0.76672
0 27 -0.29368 -0.67816
1 27 -0.30664 -0.67384
2 27 -0.30232 -0.676
0 28 -0.14032 -0.67816
1 28 -0.14896 -0.676
2 28 -0.14248 -0.676
0 29 -0.0949599 -0.67816
1 29 -0.1036 -0.676
2 29 -0.0971199 -0.676
0 30 -0.0884799 -0.676
1 30 -0.0971199 -0.67384
2 30 -0.0906399 -0.67384
0 31 -0.0560799 -0.676
1 31 -0.0647199 -0.67384
2 31 -0.0582399 -0.67384
0 32 -0.10576 -0.67384
1 32 -0.1144 -0.67168
2 32 -0.10792 -0.67168
0 33 -0.0582399 -0.82072
1 33 -0.0668798 -0.81856
2 33 -0.0582399 -0.81856
0 34 -0.0949599 -0.66952
1 34 -0.1036 -0.66736
2 34 -0.0971199 -0.66736
0 35 -0.12088 -0.81856
1 35 -0.12952 -0.81424
2 35 -0.12088 -0.8164
0 36 -0.0258399 -0.81856
1 36 -0.0344798 -0.8164
2 36 -0.0258399 -0.8164
0 37 -0.139456 -0.686368
1 37 -0.149824 -0.683776
2 37 -0.142048 -0.683776
0 38 -0.0591038 -0.821152
1 38 -0.0668798 -0.81856
2 38 -0.0591038 -0.81856
0 39 -0.0487357 -0.79264
1 39 -0.0565118 -0.790048
2 39 -0.0487357 -0.790048
0 40 -0.13168 -0.815968
1 40 -0.14248 -0.81424
2 40 -0.13168 -0.813376
0 41 0.171584 -0.357184
1 41 0.168992 -0.349408
2 41 0.174176 -0.341632
0 42 -0.149824 -0.836704
1 42 -0.160192 -0.834112
2 42 -0.152416 -0.836704
0 43 -0.0254078 -0.81856
1 43 -0.0357758 -0.815968
2 43 -0.0254078 -0.815968
0 44 -0.100576 -0.797824
1 44 -0.108352 -0.795232
2 44 -0.100576 -0.795232
0 45 -0.0254078 -0.618976
1 45 -0.0357758 -0.620531
2 45 -0.0279998 -0.616384
0 46 -0.0927998 -0.764128
1 46 -0.103168 -0.761536
2 46 -0.0927998 -0.761536
0 47 -0.141529 -0.707622
1 47 -0.150861 -0.704512
2 47 -0.14464 -0.704512
0 48 -0.060659 -0.819597
1 48 -0.0699902 -0.819597
2 48 -0.060659 -0.819597
0 49 -0.0544381 -0.676518
1 49 -0.0637693 -0.673408
2 49 -0.0575485 -0.673408
0 50 -0.119757 -0.673408
1 50 -0.129088 -0.670297
2 50 -0.122867 -0.670297
0 51 -0.0917629 -0.670297
1 51 -0.101094 -0.670297
2 51 -0.0948734 -0.667187
0 52 -0.0575485 -0.68896
1 52 -0.0637693 -0.68585
2 52 -0.0575485 -0.68585
0 53 -0.150861 -0.835149
1 53 -0.160192 -0.832038
2 53 -0.150861 -0.835149
0 54 0.169511 -0.356147
1 54 0.1664 -0.349926
2 54 0.172621 -0.340595
0 55 -0.293939 -0.682739
1 55 -0.306381 -0.676518
2 55 -0.30327 -0.679629
0 56 -0.0388861 -0.813376
1 56 -0.0482173 -0.810266
2 56 -0.0388861 -0.810266
0 57 -0.0482173 -0.794714
1 57 -0.0575485 -0.791603
2 57 -0.0482173 -0.791603
0 58 -0.129088 -0.813376
1 58 -0.138419 -0.813376
2 58 -0.132198 -0.813376
0 59 -0.0264446 -0.816486
1 59 -0.0357758 -0.816486
2 59 -0.0264446 -0.813376
0 60 0.168267 -0.358013
1 60 0.1664 -0.349926
2 60 0.171999 -0.339351
0 61 -0.14464 -0.819597
1 61 -0.152727 -0.817108
2 61 -0.145262 -0.817108
0 62 -0.119134 -0.671542
1 62 -0.130332 -0.671542
2 62 -0.122867 -0.671542
0 63 -0.141529 -0.693937
1 63 -0.148994 -0.690204
2 63 -0.141529 -0.690204
0 64 -0.141529 -0.708866
1 64 -0.152727 -0.705134
2 64 -0.145262 -0.705134
0 65 -0.130332 -0.813376
1 65 -0.137797 -0.813376
2 65 -0.130332 -0.813376
0 66 -0.0407523 -0.809643
1 66 -0.0482173 -0.805911
2 66 -0.0407523 -0.809643
0 67 -0.0258224 -0.817108
1 67 -0.0370199 -0.813376
2 67 -0.0258224 -0.813376
