18
0 0 0.06375 -0.72625
1 0 0.0583333 -0.726042
2 0 0.0416667 -0.723958
0 1 0.0625 -0.726042
1 1 0.0575 -0.72625
2 1 0.0385417 -0.725
0 2 0.0635 -0.7255
1 2 0.0575 -0.72625
2 2 0.04125 -0.72375
0 3 0.0638001 -0.7264
1 3 0.0575 -0.72625
2 3 0.03875 -0.725
0 4 0.0638001 -0.7264
1 4 0.0584002 -0.72784
2 4 0.038 -0.7255
0 5 0.0638001 -0.7264
1 5 0.0584002 -0.72784
2 5 0.0422001 -0.7246
0 6 0.26792 -0.31312
1 6 0.2636 -0.31096
2 6 0.2474 -0.3106
0 7 0.26792 -0.31312
1 7 0.2636 -0.31096
2 7 0.24632 -0.31096
0 8 0.26792 -0.31312
1 8 0.2636 -0.31096
2 8 0.2528 -0.3088
0 9 -0.110944 -0.315712
1 9 -0.116646 -0.312601
2 9 -0.129088 -0.310528
0 10 0.26792 -0.31312
1 10 0.2636 -0.31096
2 10 0.246752 -0.307936
0 11 0.132186 -0.592537
1 11 0.125965 -0.592537
2 11 0.110413 -0.589427
0 12 0.265933 -0.312601
1 12 0.262823 -0.309491
2 12 0.247271 -0.309491
0 13 -0.110944 -0.315712
1 13 -0.115402 -0.313223
2 13 -0.129088 -0.309491
0 14 0.0653123 -0.733024
1 14 0.0601283 -0.733024
2 14 -0.0258224 -0.839503
0 15 -0.111669 -0.316956
1 15 -0.115402 -0.313223
2 15 -0.130332 -0.309491
0 16 0.265311 -0.313223
1 16 0.262823 -0.309491
2 16 0.246649 -0.309491
0 17 0.776039 -0.632973
1 17 0.788481 -0.632973
2 17 0.791591 -0.634217
