61
0 0 -0.053125 -0.689583
1 0 -0.0604167 -0.688542
2 0 -0.065625 -0.6875
0 1 -0.075 -0.682292
1 1 -0.0822917 -0.680208
2 1 -0.0875 -0.679167
0 2 -0.1125 -0.725
1 2 -0.119792 -0.722917
2 2 -0.126042 -0.720833
0 3 -0.279167 -0.517708
1 3 -0.2875 -0.51125
2 3 -0.29375 -0.505
0 4 -0.1125 -0.725
1 4 -0.12 -0.7225
2 4 -0.12625 -0.72
0 5 -0.08 -0.72875
1 5 -0.0874999 -0.72875
2 5 -0.0937499 -0.7275
0 6 -0.11 -0.7125
1 6 -0.1175 -0.71125
2 6 -0.12375 -0.70875
0 7 -0.205 -0.808
1 7 -0.2155 -0.8065
2 7 -0.223 -0.802
0 8 -0.2785 -0.5185
1 8 -0.286 -0.5125
2 8 -0.2935 -0.505
0 9 -0.0745 -0.682
1 9 -0.082 -0.682
2 9 -0.088 -0.679
0 10 -0.082 -0.688
1 10 -0.0895 -0.6865
2 10 -0.0955 -0.6835
0 11 0.119 -0.424
1 11 0.119 -0.421
2 11 0.119 -0.418
0 12 -0.1165 -0.6985
1 12 -0.124 -0.697
2 12 -0.13 -0.6955
0 13 -0.2782 -0.5194
1 13 -0.2872 -0.514
2 13 -0.2926 -0.5068
0 14 -0.1126 -0.7282
1 14 -0.1198 -0.7228
2 14 -0.127 -0.721
0 15 -0.1108 -0.7192
1 15 -0.118 -0.7192
2 15 -0.1234 -0.7156
0 16 -0.0729999 -0.6832
1 16 -0.0819999 -0.6814
2 16 -0.0873999 -0.6796
0 17 -0.1054 -0.8182
1 17 -0.1144 -0.81856
2 17 -0.1216 -0.8182
0 18 -0.0333999 -0.82
1 18 -0.0423999 -0.82
2 18 -0.0495999 -0.82
0 19 -0.0297999 -0.802
1 19 -0.0387999 -0.802
2 19 -0.0441999 -0.802
0 20 -0.1162 -0.6994
1 20 -0.1234 -0.6976
2 20 -0.1288 -0.6958
0 21 -0.2314 -0.7048
1 21 -0.2404 -0.6994
2 21 -0.2476 -0.694
0 22 0.11888 -0.42328
1 22 0.11888 -0.42112
2 22 0.1196 -0.4186
0 23 -0.2782 -0.5194
1 23 -0.2872 -0.514
2 23 -0.29368 -0.50536
0 24 -0.11656 -0.69976
1 24 -0.12304 -0.6976
2 24 -0.12952 -0.69544
0 25 -0.11224 -0.7192
1 25 -0.11872 -0.7192
2 25 -0.1252 -0.71704
0 26 -0.0711999 -0.69112
1 26 -0.0776799 -0.69112
2 26 -0.0841599 -0.68896
0 27 -0.0776799 -0.73
1 27 -0.0863199 -0.73
2 27 -0.0927999 -0.72784
0 28 -0.0949599 -0.68896
1 28 -0.10144 -0.6868
2 28 -0.10792 -0.68464
0 29 -0.0819998 -0.6868
1 29 -0.0884799 -0.6868
2 29 -0.0949599 -0.68464
0 30 -0.0711999 -0.68464
1 30 -0.0798399 -0.68464
2 30 -0.0841599 -0.68248
0 31 -0.23104 -0.70624
1 31 -0.23968 -0.69976
2 31 -0.24616 -0.6976
0 32 -0.20296 -0.80344
1 32 -0.21376 -0.80128
2 32 -0.22024 -0.79696
0 33 -0.10576 -0.81856
1 33 -0.1144 -0.81856
2 33 -0.12088 -0.8164
0 34 0.11888 -0.42328
1 34 0.117152 -0.419392
2 34 0.11888 -0.4168
0 35 -0.2782 -0.4384
1 35 -0.28504 -0.4276
2 35 -0.28936 -0.42328
0 36 -0.11656 -0.83584
1 36 -0.12736 -0.83584
2 36 -0.13384 -0.83368
0 37 -0.0357758 -0.800416
1 37 -0.0461438 -0.800416
2 37 -0.0513278 -0.800416
0 38 -0.116128 -0.730432
1 38 -0.123904 -0.72784
2 38 -0.129088 -0.725248
0 39 -0.110944 -0.68896
1 39 -0.11872 -0.68896
2 39 -0.123904 -0.686368
0 40 -0.27856 -0.4384
1 40 -0.28504 -0.4276
2 40 -0.289792 -0.424576
0 41 0.11888 -0.42328
1 41 0.117152 -0.419392
2 41 0.117152 -0.4168
0 42 -0.276832 -0.52048
1 42 -0.284608 -0.512704
2 42 -0.292384 -0.50752
0 43 -0.0824317 -0.698291
1 43 -0.0886525 -0.698291
2 43 -0.0948734 -0.695181
0 44 -0.116646 -0.710733
1 44 -0.122867 -0.707622
2 44 -0.129088 -0.707622
0 45 -0.116646 -0.832038
1 45 -0.125977 -0.832038
2 45 -0.132198 -0.828928
0 46 -0.0264446 -0.794714
1 46 -0.0357758 -0.797824
2 46 -0.0419965 -0.794714
0 47 -0.0699902 -0.68585
1 47 -0.076211 -0.68585
2 47 -0.0824317 -0.682739
0 48 -0.113536 -0.68896
1 48 -0.119757 -0.68896
2 48 -0.125977 -0.68585
0 49 -0.278387 -0.437017
1 49 -0.279631 -0.432663
2 49 -0.290829 -0.424576
0 50 0.116634 -0.421465
1 50 0.116634 -0.418355
2 50 0.116634 -0.415245
0 51 -0.0370199 -0.798446
1 51 -0.0482173 -0.798446
2 51 -0.0556823 -0.798446
0 52 -0.275899 -0.522242
1 52 -0.283364 -0.514777
2 52 -0.290829 -0.511045
0 53 -0.115402 -0.832038
1 53 -0.126599 -0.828306
2 53 -0.134064 -0.824573
0 54 -0.100472 -0.817108
1 54 -0.111669 -0.817108
2 54 -0.119134 -0.813376
0 55 -0.204982 -0.813376
1 55 -0.216179 -0.809643
2 55 -0.223644 -0.805911
0 56 -0.115402 -0.720064
1 56 -0.122867 -0.720064
2 56 -0.130332 -0.716331
0 57 0.116012 -0.425198
1 57 0.116012 -0.421465
2 57 0.116012 -0.417733
0 58 -0.00716 -0.817108
1 58 -0.014625 -0.813376
2 58 -0.02209 -0.813376
0 59 -0.278387 -0.437017
1 59 -0.279631 -0.432663
2 59 -0.290829 -0.425198
0 60 -0.0668797 -0.686472
1 60 -0.0743447 -0.686472
2 60 -0.0818097 -0.682739
