35
0 0 0.215 -0.67375
1 0 0.19875 -0.6725
2 0 0.15875 -0.6675
0 1 0.2645 -0.7
1 1 0.245 -0.6985
2 1 0.206 -0.694
0 2 0.212 -0.685
1 2 0.194 -0.6835
2 2 0.155 -0.679
0 3 0.2075 -0.7915
1 3 0.191 -0.7915
2 3 0.152 -0.787
0 4 0.2636 -0.7012
1 4 0.2438 -0.6994
2 4 0.206 -0.694
0 5 0.2258 -0.8056
1 5 0.2078 -0.8056
2 5 0.1682 -0.802
0 6 0.1934 -0.6706
1 6 0.1772 -0.6706
2 6 0.1376 -0.6652
0 7 0.2744 -0.8218
1 7 0.2564 -0.8218
2 7 0.2186 -0.8164
0 8 0.2222 -0.8236
1 8 0.2042 -0.8236
2 8 0.1646 -0.82
0 9 -0.0925 -0.8905
1 9 -0.118 -0.8938
2 9 -0.1612 -0.8974
0 10 -0.1018 -0.8884
1 10 -0.127 -0.8902
2 10 -0.1702 -0.8938
0 11 0.2744 -0.8488
1 11 0.2564 -0.8488
2 11 0.2204 -0.8434
0 12 0.2636 -0.739
1 12 0.2456 -0.739
2 12 0.206 -0.7336
0 13 0.2942 -0.613
1 13 0.278 -0.6112
2 13 0.23768 -0.60688
0 14 -0.0927999 -0.88984
1 14 -0.11872 -0.89416
2 14 -0.16192 -0.89632
0 15 -0.10144 -0.88768
1 15 -0.12736 -0.892
2 15 -0.17056 -0.89416
0 16 0.15344 -0.71272
1 16 0.13616 -0.71272
2 16 0.0972801 -0.7084
0 17 0.22256 -0.82288
1 17 0.20528 -0.82504
2 17 0.1664 -0.82072
0 18 0.150848 -0.725248
1 18 0.132704 -0.725248
2 18 0.0938243 -0.720064
0 19 0.264896 -0.733024
1 19 0.246752 -0.733024
2 19 0.207872 -0.72784
0 20 -0.100576 -0.888544
1 20 -0.126496 -0.891136
2 20 -0.17056 -0.89632
0 21 -0.0927998 -0.888544
1 21 -0.11872 -0.893728
2 21 -0.162784 -0.89632
0 22 0.223424 -0.823744
1 22 0.20528 -0.823744
2 22 0.1664 -0.81856
0 23 -0.104205 -0.888026
1 23 -0.129088 -0.891136
2 23 -0.172633 -0.894246
0 24 0.272154 -0.853811
1 24 0.253492 -0.856922
2 24 0.216167 -0.850701
0 25 0.185063 -0.84759
1 25 0.1664 -0.84759
2 25 0.129075 -0.84448
0 26 -0.172633 -0.660966
1 26 -0.197517 -0.657856
2 26 -0.247283 -0.657856
0 27 0.222388 -0.822707
1 27 0.206836 -0.822707
2 27 0.1664 -0.819597
0 28 0.259712 -0.673408
1 28 0.24416 -0.673408
2 28 0.203725 -0.667187
0 29 0.194394 -0.673408
1 29 0.175732 -0.673408
2 29 0.138407 -0.667187
0 30 0.149604 -0.716331
1 30 0.130942 -0.716331
2 30 0.093617 -0.712599
0 31 0.272776 -0.854433
1 31 0.254114 -0.854433
2 31 0.216789 -0.850701
0 32 0.186929 -0.846968
1 32 0.168267 -0.846968
2 32 0.130942 -0.843236
0 33 0.295171 -0.843236
1 33 0.276509 -0.843236
2 33 0.239184 -0.835771
0 34 -0.171389 -0.664077
1 34 -0.197517 -0.660344
2 34 -0.246039 -0.660344
