63
0 0 -0.130208 -0.704167
1 0 -0.126042 -0.7
2 0 -0.123958 -0.694792
0 1 -0.0895833 -0.672917
1 1 -0.0864583 -0.666667
2 1 -0.0833333 -0.6625
0 2 -0.297917 -0.673958
1 2 -0.297917 -0.667708
2 2 -0.297917 -0.661458
0 3 -0.308333 -0.438542
1 3 -0.309375 -0.430208
2 3 -0.309375 -0.420833
0 4 -0.0887499 -0.6725
1 4 -0.08375 -0.66625
2 4 -0.0824999 -0.6625
0 5 -0.23 -0.91125
1 5 -0.22625 -0.91
2 5 -0.22625 -0.9075
0 6 -0.08375 -0.6675
1 6 -0.08 -0.6625
2 6 -0.0775 -0.6575
0 7 -0.0445 -0.808
1 7 -0.04 -0.8035
2 7 -0.0385 -0.8005
0 8 -0.0219999 -0.661
1 8 -0.0175 -0.655
2 8 -0.0145 -0.6505
0 9 -0.133 -0.7075
1 9 -0.1285 -0.703
2 9 -0.127 -0.6985
0 10 -0.136 -0.694
1 10 -0.1315 -0.6895
2 10 -0.13 -0.6835
0 11 -0.0835 -0.667
1 11 -0.0805 -0.6625
2 11 -0.0775 -0.658
0 12 -0.3865 -0.6415
1 12 -0.388 -0.6355
2 12 -0.3895 -0.6295
0 13 0.1808 -0.3232
1 13 0.188 -0.31
2 13 0.1985 -0.301
0 14 -0.1405 -0.8365
1 14 -0.1345 -0.8305
2 14 -0.1345 -0.8275
0 15 -0.136 -0.6976
1 15 -0.1324 -0.6922
2 15 -0.1306 -0.6886
0 16 -0.1306 -0.667
1 16 -0.127 -0.6616
2 16 -0.1252 -0.658
0 17 -0.0855999 -0.7642
1 17 -0.0819999 -0.7588
2 17 -0.0801999 -0.7552
0 18 -0.0459999 -0.8092
1 18 -0.0405999 -0.8038
2 18 -0.0387999 -0.8002
0 19 0.1805 -0.3235
1 19 0.188 -0.3106
2 19 0.1988 -0.3016
0 20 -0.13168 -0.66736
1 20 -0.12736 -0.6652
2 20 -0.1252 -0.65872
0 21 -0.136 -0.69112
1 21 -0.13168 -0.6868
2 21 -0.12952 -0.68248
0 22 -0.298 -0.676
1 22 -0.298 -0.67168
2 22 -0.298 -0.6652
0 23 -0.2656 -0.80992
1 23 -0.26344 -0.8056
2 23 -0.26344 -0.80128
0 24 -0.0452799 -0.81424
1 24 -0.0409599 -0.80992
2 24 -0.0387999 -0.8056
0 25 -0.0495998 -0.68032
1 25 -0.0474399 -0.676
2 25 -0.0431199 -0.67168
0 26 0.1808 -0.3232
1 26 0.188 -0.3106
2 26 0.1988 -0.30016
0 27 -0.38224 -0.71704
1 27 -0.38224 -0.71272
2 27 -0.3844 -0.7084
0 28 -0.12088 -0.80992
1 28 -0.11656 -0.8056
2 28 -0.1144 -0.80344
0 29 -0.37792 -0.44272
1 29 -0.38224 -0.43408
2 29 -0.38224 -0.42544
0 30 -0.385696 -0.5464
1 30 -0.388288 -0.541216
2 30 -0.388288 -0.53344
0 31 -0.0279998 -0.797824
1 31 -0.0228158 -0.795232
2 31 -0.0202237 -0.790048
0 32 -0.0876158 -0.66304
1 32 -0.0850238 -0.657856
2 32 -0.0824318 -0.652672
0 33 -0.0979838 -0.668224
1 33 -0.0953918 -0.66304
2 33 -0.0927998 -0.657856
0 34 -0.134272 -0.683776
1 34 -0.13168 -0.678592
2 34 -0.129088 -0.673408
0 35 -0.134272 -0.691552
1 35 -0.13168 -0.686368
2 35 -0.129088 -0.681184
0 36 -0.409024 -0.340595
1 36 -0.419392 -0.333856
2 36 -0.424576 -0.318304
0 37 -0.13168 -0.704512
1 37 -0.129088 -0.699328
2 37 -0.126496 -0.694144
0 38 -0.139456 -0.834112
1 38 -0.134272 -0.828928
2 38 -0.134272 -0.826336
0 39 -0.0953918 -0.735616
1 39 -0.0902078 -0.730432
2 39 -0.0876158 -0.725248
0 40 -0.266464 -0.810784
1 40 -0.263872 -0.808192
2 40 -0.263872 -0.803008
0 41 -0.12088 -0.80992
1 41 -0.116128 -0.8056
2 41 -0.110944 -0.803008
0 42 -0.0513278 -0.803008
1 42 -0.0435518 -0.797824
2 42 -0.0435518 -0.795232
0 43 -0.26128 -0.803008
1 43 -0.258688 -0.800416
2 43 -0.258688 -0.795232
0 44 -0.0202237 -0.678592
1 44 -0.0150398 -0.670816
2 44 -0.0124477 -0.668224
0 45 -0.262835 -0.804045
1 45 -0.259725 -0.800934
2 45 -0.259725 -0.794714
0 46 -0.116646 -0.667187
1 46 -0.113536 -0.660966
2 46 -0.110425 -0.657856
0 47 -0.269056 -0.813376
1 47 -0.265945 -0.807155
2 47 -0.265945 -0.804045
0 48 -0.0948734 -0.735616
1 48 -0.0917629 -0.729395
2 48 -0.0886525 -0.726285
0 49 -0.135309 -0.704512
1 49 -0.132198 -0.698291
2 49 -0.129088 -0.695181
0 50 -0.409024 -0.340595
1 50 -0.418355 -0.331264
2 50 -0.424576 -0.321933
0 51 0.17936 -0.323488
1 51 0.187136 -0.310528
2 51 0.197504 -0.30016
0 52 -0.0482173 -0.813376
1 52 -0.0444848 -0.809643
2 52 -0.0407523 -0.805911
0 53 -0.119134 -0.809643
1 53 -0.115402 -0.805911
2 53 -0.111669 -0.802178
0 54 -0.298294 -0.682739
1 54 -0.298294 -0.679007
2 54 -0.298294 -0.671542
0 55 -0.137797 -0.667809
1 55 -0.134064 -0.664077
2 55 -0.130332 -0.660344
0 56 -0.0295549 -0.802178
1 56 -0.02209 -0.798446
2 56 -0.02209 -0.794714
0 57 -0.0482173 -0.667809
1 57 -0.0444848 -0.664077
2 57 -0.0407523 -0.656612
0 58 -0.115402 -0.667809
1 58 -0.111669 -0.660344
2 58 -0.111669 -0.656612
0 59 -0.0370199 -0.787249
1 59 -0.0332874 -0.783516
2 59 -0.0295549 -0.779784
0 60 -0.137797 -0.832038
1 60 -0.134064 -0.828306
2 60 -0.134064 -0.824573
0 61 -0.014625 -0.805911
1 61 -0.0108925 -0.802178
2 61 -0.00716 -0.798446
0 62 0.179464 -0.324421
1 62 0.185063 -0.309491
2 62 0.198126 -0.302026
