56
0 0 0.109375 -0.911458
1 0 0.090625 -0.911458
2 0 0.08125 -0.90625
0 1 0.075 -0.669792
1 1 0.0625 -0.667708
2 1 0.053125 -0.660417
0 2 0.10875 -0.91125
1 2 0.09 -0.91125
2 2 0.0800001 -0.90625
0 3 0.0325 -0.69375
1 3 0.01875 -0.691667
2 3 0.0112501 -0.685
0 4 0.0300001 -0.68875
1 4 0.0175001 -0.6875
2 4 0.00875003 -0.68
0 5 0.03375 -0.81875
1 5 0.0175001 -0.81625
2 5 0.00875003 -0.80875
0 6 0.077 -0.688
1 6 0.065 -0.6865
2 6 0.056 -0.679
0 7 0.1175 -0.6775
1 7 0.104 -0.676
2 7 0.0965 -0.6685
0 8 0.0350001 -0.7372
1 8 0.0206001 -0.7354
2 8 0.0116001 -0.7282
0 9 0.0782001 -0.6976
1 9 0.0656001 -0.6958
2 9 0.0566001 -0.6886
0 10 0.0332001 -0.694
1 10 0.0188001 -0.6922
2 10 0.0116001 -0.685
0 11 0.0314001 -0.6886
1 11 0.0170001 -0.6868
2 11 0.00980008 -0.6796
0 12 0.0206001 -0.7624
1 12 0.00620009 -0.7606
2 12 -0.00279992 -0.7534
0 13 -0.3304 -0.91
1 13 -0.361 -0.9082
2 13 -0.3844 -0.901
0 14 0.0314001 -0.667
1 14 0.0170001 -0.6652
2 14 0.00800012 -0.658
0 15 -0.0117999 -0.6688
1 15 -0.0261999 -0.667
2 15 -0.0351999 -0.658
0 16 0.0854001 -0.847
1 16 0.0692001 -0.8452
2 16 0.0584001 -0.8398
0 17 0.0350001 -0.7678
1 17 0.0206001 -0.766
2 17 0.0116001 -0.7588
0 18 0.0368001 -0.8038
1 18 0.0224001 -0.802
2 18 0.0134001 -0.7948
0 19 0.0972801 -0.8164
1 19 0.0800002 -0.81424
2 19 0.0713601 -0.80776
0 20 0.0778402 -0.6976
1 20 0.0648802 -0.69544
2 20 0.0562401 -0.68896
0 21 0.0303202 -0.69976
1 21 0.0173601 -0.6976
2 21 0.00872014 -0.69112
0 22 -0.3304 -0.90928
1 22 -0.36064 -0.90928
2 22 -0.3844 -0.90064
0 23 0.0324802 -0.66736
1 23 0.0173601 -0.6652
2 23 0.00872014 -0.65656
0 24 0.0454402 -0.8056
1 24 0.0324802 -0.80344
2 24 0.0216801 -0.79696
0 25 0.0216801 -0.7624
1 25 0.00656013 -0.76024
2 25 -0.00207984 -0.75376
0 26 0.11456 -0.60904
1 26 0.1016 -0.60688
2 26 0.0929601 -0.6004
0 27 0.0843202 -0.8488
1 27 0.0692001 -0.84664
2 27 0.0584002 -0.84016
0 28 0.0419842 -0.813376
1 28 0.0264322 -0.810784
2 28 0.0160643 -0.803008
0 29 -0.3304 -0.90928
1 29 -0.362368 -0.906688
2 29 -0.385696 -0.898912
0 30 0.0316163 -0.70192
1 30 0.0186562 -0.699328
2 30 0.0108802 -0.691552
0 31 0.111968 -0.608608
1 31 0.1016 -0.608608
2 31 0.0938243 -0.600832
0 32 0.0860483 -0.854848
1 32 0.0679043 -0.852256
2 32 0.0601283 -0.847072
0 33 0.0316163 -0.761536
1 33 0.0186562 -0.761536
2 33 0.00828826 -0.75376
0 34 0.110413 -0.6112
1 34 0.0979715 -0.6112
2 34 0.0917507 -0.601869
0 35 0.0513155 -0.670297
1 35 0.0357635 -0.667187
2 35 0.0264323 -0.660966
0 36 0.0295427 -0.757389
1 36 0.0171011 -0.754278
2 36 0.0077699 -0.748058
0 37 0.107303 -0.84137
1 37 0.0917507 -0.84137
2 37 0.0824195 -0.835149
0 38 -0.00467173 -0.84759
1 38 -0.0202237 -0.84448
2 38 -0.0295549 -0.838259
0 39 0.0761987 -0.701402
1 39 0.0637571 -0.698291
2 39 0.0544259 -0.69207
0 40 0.032653 -0.701402
1 40 0.0202115 -0.701402
2 40 0.0108803 -0.69207
0 41 0.0824195 -0.853811
1 41 0.0668674 -0.850701
2 41 0.0575363 -0.84448
0 42 0.0699778 -0.744947
1 42 0.0575363 -0.741837
2 42 0.0482051 -0.735616
0 43 0.0357635 -0.822707
1 43 0.0202115 -0.819597
2 43 0.0108803 -0.813376
0 44 0.0388739 -0.813376
1 44 0.0233219 -0.810266
2 44 0.0139907 -0.804045
0 45 -0.421465 -0.641682
1 45 -0.455058 -0.634217
2 45 -0.477453 -0.615554
0 46 -0.0370199 -0.720064
1 46 -0.0519498 -0.716331
2 46 -0.0631472 -0.708866
0 47 0.0824195 -0.854433
1 47 0.0674896 -0.850701
2 47 0.0562922 -0.846968
0 48 -0.0370199 -0.712599
1 48 -0.0519498 -0.708866
2 48 -0.0631472 -0.701402
0 49 0.0264323 -0.664077
1 49 0.0115024 -0.660344
2 49 0.00403741 -0.652879
0 50 0.104814 -0.839503
1 50 0.0898844 -0.839503
2 50 0.0824195 -0.832038
0 51 0.0115024 -0.667809
1 51 -0.00342757 -0.664077
2 51 -0.0108925 -0.656612
0 52 0.0376298 -0.820841
1 52 0.0226998 -0.820841
2 52 0.0115024 -0.813376
0 53 0.093617 -0.817108
1 53 0.078687 -0.813376
2 53 0.0674896 -0.809643
0 54 0.0376298 -0.813376
1 54 0.0189673 -0.813376
2 54 0.0115024 -0.805911
0 55 -0.0332874 -0.667809
1 55 -0.0482173 -0.664077
2 55 -0.0556823 -0.656612
