54
0 0 -0.065625 -0.528125
1 0 -0.0541667 -0.529167
2 0 -0.0447917 -0.532292
0 1 0.0166667 -0.896875
1 1 0.0375001 -0.90125
2 1 0.053125 -0.909375
0 2 0.090625 -0.659375
1 2 0.108333 -0.661458
2 2 0.122917 -0.663542
0 3 -0.06625 -0.52875
1 3 -0.055 -0.52875
2 3 -0.0449999 -0.5325
0 4 -0.06625 -0.46375
1 4 -0.0574999 -0.46375
2 4 -0.0475 -0.46625
0 5 0.22625 -0.4575
1 5 0.2402 -0.4528
2 5 0.25375 -0.4525
0 6 0.077 -0.667
1 6 0.0935 -0.6685
2 6 0.1085 -0.6715
0 7 0.1055 -0.664
1 7 0.1235 -0.6655
2 7 0.1385 -0.6685
0 8 -0.06625 -0.46375
1 8 -0.058 -0.463
2 8 -0.0475 -0.466
0 9 0.226042 -0.458333
1 9 0.2402 -0.4528
2 9 0.2525 -0.4525
0 10 -0.06625 -0.52875
1 10 -0.055 -0.529
2 10 -0.046 -0.535
0 11 -0.06625 -0.52875
1 11 -0.055 -0.529
2 11 -0.0445 -0.532
0 12 -0.0675999 -0.4636
1 12 -0.058 -0.463
2 12 -0.0477999 -0.4654
0 13 0.0746001 -0.6598
1 13 0.0926001 -0.6616
2 13 0.107 -0.6652
0 14 0.0764001 -0.667
1 14 0.0944002 -0.6688
2 14 0.1088 -0.6724
0 15 -0.0477999 -0.676
1 15 -0.0333999 -0.6778
2 15 -0.0189999 -0.6832
0 16 0.0170001 -0.8974
1 16 0.0368001 -0.9028
2 16 0.0566001 -0.91
0 17 0.22256 -0.45784
1 17 0.2402 -0.4528
2 17 0.2528 -0.4528
0 18 0.0411201 -0.69112
1 18 0.0584002 -0.69328
2 18 0.0735202 -0.6976
0 19 0.10808 -0.784
1 19 0.12752 -0.78616
2 19 0.1448 -0.79048
0 20 0.10376 -0.7732
1 20 0.12536 -0.77536
2 20 0.14048 -0.77968
0 21 0.10808 -0.76672
1 21 0.12752 -0.76888
2 21 0.1448 -0.77536
0 22 0.0540801 -0.77968
1 22 0.0735202 -0.78184
2 22 0.0908001 -0.78832
0 23 0.0756802 -0.66088
1 23 0.0929601 -0.66304
2 23 0.10808 -0.6652
0 24 -0.0675999 -0.4636
1 24 -0.0560799 -0.46216
2 24 -0.0474399 -0.46432
0 25 0.0432802 -0.77752
1 25 0.0627202 -0.78184
2 25 0.0800002 -0.78616
0 26 0.0342082 -0.681184
1 26 0.0523523 -0.683776
2 26 0.0679043 -0.68896
0 27 0.106784 -0.782272
1 27 0.12752 -0.784864
2 27 0.143072 -0.790048
0 28 0.0540801 -0.77968
1 28 0.0730882 -0.782272
2 28 0.0912323 -0.787456
0 29 0.106784 -0.76672
1 29 0.12752 -0.769312
2 29 0.143072 -0.774496
0 30 -0.0642878 -0.530848
1 30 -0.0539198 -0.530848
2 30 -0.0435518 -0.53344
0 31 0.0342082 -0.784864
1 31 0.0544259 -0.788493
2 31 0.0704962 -0.797824
0 32 -0.0668798 -0.46216
1 32 -0.0565118 -0.463456
2 32 -0.0461438 -0.466048
0 33 0.106784 -0.665632
1 33 0.124928 -0.665632
2 33 0.14048 -0.668224
0 34 0.0186562 -0.898912
1 34 0.0368003 -0.904096
2 34 0.0549442 -0.911872
0 35 0.50984 -0.3952
1 35 0.534464 -0.375328
2 35 0.5552 -0.36496
0 36 0.124928 -0.774496
1 36 0.143072 -0.774496
2 36 0.161216 -0.782272
0 37 0.223424 -0.458272
1 37 0.238976 -0.453088
2 37 0.251936 -0.453088
0 38 0.0482051 -0.776051
1 38 0.0668674 -0.779162
2 38 0.0824195 -0.785382
0 39 -0.0642878 -0.530848
1 39 -0.0544381 -0.53344
2 39 -0.0419965 -0.53655
0 40 -0.0668798 -0.461901
1 40 -0.0575485 -0.461901
2 40 -0.0482173 -0.465011
0 41 -0.0482173 -0.679629
1 41 -0.0326653 -0.682739
2 41 -0.0202237 -0.68585
0 42 0.104192 -0.76361
1 42 0.125965 -0.76672
2 42 0.141517 -0.76983
0 43 0.222388 -0.45568
1 43 0.23794 -0.452569
2 43 0.250381 -0.452569
0 44 0.0338973 -0.679007
1 44 0.0525597 -0.682739
2 44 0.0674896 -0.686472
0 45 0.0338973 -0.679007
1 45 0.0525597 -0.682739
2 45 0.0674896 -0.679007
0 46 0.0488272 -0.776051
1 46 0.0674896 -0.779784
2 46 0.0824195 -0.783516
0 47 0.104814 -0.783516
1 47 0.127209 -0.787249
2 47 0.142139 -0.790981
0 48 0.0338973 -0.783516
1 48 0.0525597 -0.787249
2 48 0.0712221 -0.790981
0 49 0.0637571 -0.675274
1 49 0.0824195 -0.675274
2 49 0.0973494 -0.679007
0 50 0.0376298 -0.664077
1 50 0.0525597 -0.664077
2 50 0.0674896 -0.667809
0 51 -0.0482173 -0.679629
1 51 -0.0332874 -0.686472
2 51 -0.02209 -0.690204
0 52 0.112279 -0.664077
1 52 0.130942 -0.664077
2 52 0.145872 -0.667809
0 53 -0.0668797 -0.462523
1 53 -0.0575485 -0.461901
2 53 -0.0482173 -0.466255
