94
0 0 0.059375 -0.814583
1 0 0.0572917 -0.814583
2 0 0.0552083 -0.814583
0 1 -0.01875 -0.726042
1 1 -0.021875 -0.725
2 1 -0.0229167 -0.726042
0 2 0.01875 -0.796875
1 2 0.0145833 -0.796875
2 2 0.0145833 -0.796875
0 3 0.05625 -0.729167
1 3 0.053125 -0.729167
2 3 0.053125 -0.729167
0 4 0.0166667 -0.729167
1 4 0.0135417 -0.729167
2 4 0.0135417 -0.729167
0 5 0.0145833 -0.6875
1 5 0.0114583 -0.686458
2 5 0.0104167 -0.686458
0 6 -0.0187499 -0.71125
1 6 -0.02125 -0.71
2 6 -0.0225 -0.71
0 7 -0.10125 -0.7975
1 7 -0.10625 -0.795
2 7 -0.10875 -0.7975
0 8 -0.015 -0.7225
1 8 -0.0175 -0.7225
2 8 -0.0187499 -0.7225
0 9 0.0175001 -0.7525
1 9 0.01375 -0.75125
2 9 0.0125001 -0.7525
0 10 -0.1575 -0.45625
1 10 -0.16125 -0.45
2 10 -0.16625 -0.44875
0 11 0.0605 -0.799
1 11 0.0575 -0.799
2 11 0.0575 -0.799
0 12 0.2 -0.4465
1 12 0.2015 -0.445
2 12 0.203 -0.4435
0 13 -0.15875 -0.52625
1 13 -0.163 -0.523
2 13 -0.1675 -0.5215
0 14 0.0215 -0.685
1 14 0.0185 -0.6835
2 14 0.0170001 -0.6835
0 15 0.0140001 -0.6895
1 15 0.0110001 -0.688
2 15 0.00950006 -0.688
0 16 -0.0115 -0.688
1 16 -0.0145 -0.6865
2 16 -0.016 -0.688
0 17 0.0245 -0.694
1 17 0.0215 -0.694
2 17 0.02 -0.694
0 18 -0.0145 -0.715
1 18 -0.019 -0.7135
2 18 -0.019 -0.7135
0 19 -0.019 -0.727
1 19 -0.0219999 -0.7255
2 19 -0.0234999 -0.727
0 20 0.0800001 -0.685
1 20 0.077 -0.685
2 20 0.077 -0.685
0 21 -0.1575 -0.45625
1 21 -0.1615 -0.4495
2 21 -0.166 -0.448
0 22 0.0242001 -0.694
1 22 0.0224001 -0.694
2 22 0.0206001 -0.694
0 23 0.0566001 -0.6994
1 23 0.0548001 -0.6976
2 23 0.0530001 -0.6976
0 24 0.0170001 -0.7318
1 24 0.0152001 -0.73
2 24 0.0134001 -0.73
0 25 0.0620001 -0.7966
1 25 0.0584001 -0.7966
2 25 0.0584001 -0.7966
0 26 -0.1594 -0.5284
1 26 -0.163 -0.523
2 26 -0.1684 -0.523
0 27 -0.1234 -0.6994
1 27 -0.1288 -0.6958
2 27 -0.1306 -0.6994
0 28 0.2 -0.4465
1 28 0.2006 -0.4438
2 28 0.2024 -0.442
0 29 0.0602001 -0.8218
1 29 0.0548001 -0.82
2 29 0.0548001 -0.8218
0 30 -0.00999991 -0.8164
1 30 -0.0135999 -0.8164
2 30 -0.0135999 -0.8164
0 31 -0.1576 -0.4564
1 31 -0.1615 -0.4495
2 31 -0.1666 -0.4474
0 32 -0.0128799 -0.69112
1 32 -0.0171998 -0.68896
2 32 -0.0171998 -0.68896
0 33 0.0584002 -0.69112
1 33 0.0540801 -0.69112
2 33 0.0540801 -0.69112
0 34 0.0238401 -0.69328
1 34 0.0216801 -0.69328
2 34 0.0216801 -0.69328
0 35 -0.0193598 -0.72784
1 35 -0.0215199 -0.72784
2 35 -0.0236799 -0.72784
0 36 0.53 -0.6418
1 36 0.54872 -0.63712
2 36 0.56816 -0.63712
0 37 0.1988 -0.44704
1 37 0.2006 -0.4438
2 37 0.20096 -0.44272
0 38 -0.1576 -0.45568
1 38 -0.160192 -0.450496
2 38 -0.16624 -0.44704
0 39 -0.00855986 -0.8164
1 39 -0.0128799 -0.81424
2 39 -0.0128799 -0.81424
0 40 0.0173601 -0.73
1 40 0.0152002 -0.73
2 40 0.0130402 -0.73
0 41 -0.15976 -0.52912
1 41 -0.16408 -0.5248
2 41 -0.16624 -0.52264
0 42 -0.0992798 -0.79264
1 42 -0.1036 -0.79048
2 42 -0.10576 -0.79264
0 43 0.0195201 -0.79912
1 43 0.0152002 -0.79912
2 43 0.0152002 -0.79912
0 44 0.00224012 -0.8164
1 44 -0.00207984 -0.8164
2 44 -0.00207984 -0.8164
0 45 -0.0176318 -0.709696
1 45 -0.0228158 -0.709696
2 45 -0.0228158 -0.709696
0 46 0.0575363 -0.821152
1 46 0.0549442 -0.821152
2 46 0.0549442 -0.821152
0 47 0.0186562 -0.699328
1 47 0.0134722 -0.699328
2 47 0.0134722 -0.699328
0 48 0.0575363 -0.691552
1 48 0.0549442 -0.691552
2 48 0.0549442 -0.691552
0 49 -0.0124477 -0.68896
1 49 -0.0176318 -0.68896
2 49 -0.0176318 -0.68896
0 50 -0.15976 -0.52912
1 50 -0.162784 -0.525664
2 50 -0.165376 -0.523072
0 51 -0.0176318 -0.72784
1 51 -0.0228158 -0.72784
2 51 -0.0228158 -0.72784
0 52 -0.100576 -0.800416
1 52 -0.10576 -0.797824
2 52 -0.108352 -0.800416
0 53 -0.00726376 -0.815968
1 53 -0.0124477 -0.815968
2 53 -0.0124477 -0.815968
0 54 0.0756803 -0.813376
1 54 0.0730882 -0.813376
2 54 0.0704962 -0.813376
0 55 -0.1576 -0.453088
1 55 -0.160192 -0.450496
2 55 -0.165376 -0.447904
0 56 0.0186562 -0.730432
1 56 0.0134722 -0.730432
2 56 0.0134722 -0.730432
0 57 0.1988 -0.44704
1 57 0.200096 -0.44272
2 57 0.202688 -0.44272
0 58 0.531872 -0.644896
1 58 0.547424 -0.639712
2 58 0.56816 -0.63712
0 59 -0.0228158 -0.821152
1 59 -0.0279998 -0.821152
2 59 -0.0279998 -0.821152
0 60 -0.0171134 -0.68896
1 60 -0.0202237 -0.68896
2 60 -0.0202237 -0.68896
0 61 0.0513155 -0.698291
1 61 0.0482051 -0.698291
2 61 0.0482051 -0.698291
0 62 0.00154908 -0.68896
1 62 -0.00156136 -0.68585
2 62 -0.00156136 -0.68896
0 63 0.0575363 -0.819597
1 63 0.0513155 -0.819597
2 63 0.0513155 -0.819597
0 64 0.0575363 -0.810266
1 64 0.0544259 -0.810266
2 64 0.0544259 -0.810266
0 65 -0.0202237 -0.828928
1 65 -0.0264446 -0.828928
2 65 -0.0264446 -0.828928
0 66 -0.101094 -0.800934
1 66 -0.107315 -0.797824
2 66 -0.110425 -0.800934
0 67 -0.0202237 -0.710733
1 67 -0.0233341 -0.710733
2 67 -0.0233341 -0.710733
0 68 0.0668674 -0.797824
1 68 0.0637571 -0.797824
2 68 0.0637571 -0.797824
0 69 -0.00778211 -0.813376
1 69 -0.0108926 -0.813376
2 69 -0.0108926 -0.813376
0 70 -0.157081 -0.530329
1 70 -0.163302 -0.527219
2 70 -0.163302 -0.524109
0 71 -0.0202237 -0.729395
1 71 -0.0233341 -0.726285
2 71 -0.0233341 -0.729395
0 72 0.0264323 -0.68896
1 72 0.0233219 -0.68585
2 72 0.0233219 -0.68585
0 73 -0.157081 -0.452569
1 73 -0.160192 -0.449459
2 73 -0.166413 -0.446349
0 74 0.200096 -0.445312
1 74 0.200096 -0.44272
2 74 0.200615 -0.440128
0 75 0.531872 -0.644896
1 75 0.547424 -0.639712
2 75 0.567642 -0.639194
0 76 0.0855298 -0.816486
1 76 0.0824195 -0.816486
2 76 0.0824195 -0.816486
0 77 0.0674896 -0.798446
1 77 0.0637571 -0.798446
2 77 0.0637571 -0.798446
0 78 -0.100472 -0.794714
1 78 -0.104205 -0.790981
2 78 -0.107937 -0.794714
0 79 0.779149 -0.129088
1 79 0.825183 -0.0930071
2 79 0.873706 -0.0594147
0 80 0.000304921 -0.690204
1 80 -0.00342757 -0.690204
2 80 -0.00342757 -0.690204
0 81 0.0562922 -0.809643
1 81 0.0525597 -0.809643
2 81 0.0525597 -0.809643
0 82 -0.0183575 -0.690204
1 82 -0.02209 -0.690204
2 82 -0.02209 -0.690204
0 83 0.0637571 -0.813376
1 83 0.0600246 -0.813376
2 83 0.0600246 -0.813376
0 84 0.0824195 -0.705134
1 84 0.078687 -0.701402
2 84 0.078687 -0.701402
0 85 -0.0183575 -0.720064
1 85 -0.02209 -0.720064
2 85 -0.02209 -0.720064
0 86 0.200096 -0.445312
1 86 0.197504 -0.443238
2 86 0.198126 -0.440128
0 87 0.0562922 -0.820841
1 87 0.0525597 -0.820841
2 87 0.0525597 -0.820841
0 88 -0.156459 -0.451325
1 88 -0.160192 -0.447593
2 88 -0.163924 -0.44386
0 89 -0.0183575 -0.731261
1 89 -0.02209 -0.727529
2 89 -0.02209 -0.731261
0 90 -0.0183575 -0.705134
1 90 -0.02209 -0.708866
2 90 -0.02209 -0.705134
0 91 -0.156459 -0.53344
1 91 -0.163924 -0.529707
2 91 -0.163924 -0.525975
0 92 0.0152349 -0.701402
1 92 0.0115024 -0.701402
2 92 0.0115024 -0.701402
0 93 -0.0183575 -0.828306
1 93 -0.0264446 -0.828928
2 93 -0.0258224 -0.828306
