61
0 0 -0.12125 -0.6775
1 0 -0.11875 -0.68125
2 0 -0.12 -0.67875
0 1 -0.2625 -0.79
1 1 -0.25875 -0.79625
2 1 -0.2625 -0.79375
0 2 -0.00549997 -0.643
1 2 -0.00249996 -0.643
2 2 -0.00249996 -0.643
0 3 -0.0775 -0.6895
1 3 -0.0745 -0.6925
2 3 -0.076 -0.6925
0 4 -0.304 -0.646
1 4 -0.304 -0.649
2 4 -0.3055 -0.6445
0 5 -0.0624999 -0.745
1 5 -0.0594999 -0.748
2 5 -0.0609999 -0.748
0 6 -0.1255 -0.6835
1 6 -0.1225 -0.685
2 6 -0.124 -0.6835
0 7 -0.079 -0.763
1 7 -0.0745 -0.766
2 7 -0.076 -0.766
0 8 -0.3034 -0.6472
1 8 -0.3034 -0.6508
2 8 -0.307 -0.6472
0 9 -0.0315999 -0.7858
1 9 -0.0279999 -0.7876
2 9 -0.0297999 -0.7876
0 10 -0.00459989 -0.6436
1 10 -0.00279992 -0.6436
2 10 -0.00279992 -0.6436
0 11 -0.0765999 -0.6904
1 11 -0.0747999 -0.6922
2 11 -0.0747999 -0.6922
0 12 -0.0801999 -0.6868
1 12 -0.0783999 -0.6886
2 12 -0.0783999 -0.6886
0 13 -0.0225999 -0.757
1 13 -0.0189999 -0.7588
2 13 -0.0207999 -0.7588
0 14 -0.1216 -0.6364
1 14 -0.118 -0.6382
2 14 -0.1198 -0.6364
0 15 -0.4024 -0.6094
1 15 -0.4042 -0.6148
2 15 -0.4078 -0.6076
0 16 -0.0783999 -0.7624
1 16 -0.0747999 -0.766
2 16 -0.0765999 -0.766
0 17 -0.00999997 -0.574
1 17 -0.00999991 -0.5752
2 17 -0.00819988 -0.5752
0 18 -0.0971199 -0.784
1 18 -0.0927999 -0.79048
2 18 -0.0949599 -0.78832
0 19 -0.0798399 -0.6868
1 19 -0.0776799 -0.68896
2 19 -0.0776799 -0.68896
0 20 -0.0841599 -0.7084
1 20 -0.0819998 -0.71056
2 20 -0.0819998 -0.71056
0 21 -0.1252 -0.68464
1 21 -0.12304 -0.68896
2 21 -0.12304 -0.6868
0 22 -0.0733599 -0.72784
1 22 -0.0711999 -0.73
2 22 -0.0711999 -0.73
0 23 -0.40384 -0.60904
1 23 -0.40384 -0.61552
2 23 -0.40816 -0.60688
0 24 -0.00639985 -0.6436
1 24 -0.00423985 -0.6436
2 24 -0.00423985 -0.6436
0 25 -0.2656 -0.79264
1 25 -0.26128 -0.79912
2 25 -0.2656 -0.7948
0 26 -0.123904 -0.673408
1 26 -0.121312 -0.676
2 26 -0.121312 -0.673408
0 27 -0.0331838 -0.784864
1 27 -0.0279998 -0.787456
2 27 -0.0305918 -0.787456
0 28 -0.108352 -0.782272
1 28 -0.10576 -0.787456
2 28 -0.108352 -0.787456
0 29 -0.0461438 -0.691552
1 29 -0.0435518 -0.694144
2 29 -0.0435518 -0.694144
0 30 -0.396582 -0.393472
1 30 -0.398656 -0.396064
2 30 -0.401248 -0.385696
0 31 -0.266464 -0.79264
1 31 -0.263872 -0.800416
2 31 -0.266464 -0.795232
0 32 -0.0772478 -0.631936
1 32 -0.0746558 -0.634528
2 32 -0.0746558 -0.631936
0 33 -0.129088 -0.808192
1 33 -0.123904 -0.810784
2 33 -0.126496 -0.810784
0 34 -0.396064 -0.694144
1 34 -0.3952 -0.70192
2 34 -0.401248 -0.694144
0 35 -0.076211 -0.632973
1 35 -0.0731005 -0.632973
2 35 -0.0731005 -0.632973
0 36 -0.0357758 -0.785382
1 36 -0.0295549 -0.788493
2 36 -0.0326653 -0.788493
0 37 -0.0482173 -0.69207
1 37 -0.045107 -0.695181
2 37 -0.045107 -0.695181
0 38 -0.125977 -0.673408
1 38 -0.122867 -0.676518
2 38 -0.122867 -0.673408
0 39 -0.30016 -0.387251
1 39 -0.30327 -0.390361
2 39 -0.30327 -0.38103
0 40 -0.0140029 -0.776051
1 40 -0.0108926 -0.776051
2 40 -0.0108926 -0.779162
0 41 -0.30327 -0.648525
1 41 -0.30327 -0.654746
2 41 -0.306381 -0.648525
0 42 -0.0264446 -0.754278
1 42 -0.0233341 -0.757389
2 42 -0.0233341 -0.757389
0 43 -0.453088 -0.282016
1 43 -0.463456 -0.284608
2 43 -0.468121 -0.272166
0 44 -0.110425 -0.782272
1 44 -0.104205 -0.785382
2 44 -0.107315 -0.785382
0 45 -0.0575485 -0.639194
1 45 -0.0575485 -0.639194
2 45 -0.0575485 -0.639194
0 46 -0.129088 -0.807155
1 46 -0.122867 -0.810266
2 46 -0.125977 -0.810266
0 47 -0.0793214 -0.76361
1 47 -0.0731005 -0.76672
2 47 -0.076211 -0.76672
0 48 0.24105 -0.253504
1 48 0.250381 -0.244173
2 48 0.265933 -0.237952
0 49 -0.452569 -0.281497
1 49 -0.462523 -0.283364
2 49 -0.466255 -0.272166
0 50 -0.0258224 -0.757389
1 50 -0.02209 -0.761121
2 50 -0.02209 -0.761121
0 51 -0.014625 -0.772319
1 51 -0.0108925 -0.776051
2 51 -0.0108925 -0.776051
0 52 -0.0370199 -0.772319
1 52 -0.0332874 -0.776051
2 52 -0.0332874 -0.776051
0 53 -0.107937 -0.783516
1 53 -0.104205 -0.787249
2 53 -0.104205 -0.783516
0 54 -0.0370199 -0.783516
1 54 -0.0295549 -0.787249
2 54 -0.0332874 -0.787249
0 55 -0.0892746 -0.757389
1 55 -0.0855421 -0.761121
2 55 -0.0855421 -0.761121
0 56 -0.130332 -0.805911
1 56 -0.122867 -0.809643
2 56 -0.126599 -0.809643
0 57 -0.104205 -0.637949
1 57 -0.104205 -0.637949
2 57 -0.104205 -0.637949
0 58 0.24105 -0.253504
1 58 0.250381 -0.246039
2 58 0.265311 -0.238574
0 59 -0.399071 -0.693937
1 59 -0.399071 -0.701402
2 59 -0.402803 -0.693937
0 60 -0.396582 -0.393472
1 60 -0.402803 -0.393472
2 60 -0.402803 -0.387873
