58
0 0 0.11125 -0.69625
1 0 0.108333 -0.697917
2 0 0.114583 -0.701042
0 1 0.109375 -0.76875
1 1 0.108333 -0.771875
2 1 0.114583 -0.776042
0 2 0.11125 -0.69625
1 2 0.10875 -0.69875
2 2 0.115 -0.70125
0 3 0.185 -0.646
1 3 0.1835 -0.6475
2 3 0.1895 -0.652
0 4 0.056 -0.6685
1 4 0.0530001 -0.67
2 4 0.059 -0.6745
0 5 0.146 -0.697
1 5 0.1445 -0.6985
2 5 0.1505 -0.7015
0 6 0.1115 -0.697
1 6 0.1085 -0.6985
2 6 0.116 -0.7015
0 7 0.0995 -0.6295
1 7 0.0965 -0.631
2 7 0.1025 -0.634
0 8 -0.1165 -0.811
1 8 -0.124 -0.817
2 8 -0.121 -0.826
0 9 0.158 -0.793
1 9 0.1565 -0.796
2 9 0.164 -0.8005
0 10 0.0575 -0.6805
1 10 0.0545001 -0.682
2 10 0.0605 -0.6865
0 11 0.0575 -0.6745
1 11 0.0545001 -0.676
2 11 0.0605 -0.6805
0 12 0.1502 -0.6562
1 12 0.1484 -0.658
2 12 0.1538 -0.6598
0 13 0.1016 -0.649
1 13 0.0998001 -0.6508
2 13 0.1052 -0.6526
0 14 0.1484 -0.6922
1 14 0.1466 -0.694
2 14 0.152 -0.6976
0 15 -0.1216 -0.811
1 15 -0.1288 -0.8146
2 15 -0.127 -0.8254
0 16 0.0566001 -0.6778
1 16 0.0548001 -0.6796
2 16 0.0602001 -0.6832
0 17 0.0512001 -0.6706
1 17 0.0494001 -0.6724
2 17 0.0530001 -0.676
0 18 0.1124 -0.6976
1 18 0.1106 -0.6994
2 18 0.116 -0.703
0 19 0.1592 -0.7642
1 19 0.1574 -0.7678
2 19 0.1646 -0.7714
0 20 -0.28 -0.6958
1 20 -0.2908 -0.6976
2 20 -0.2944 -0.7066
0 21 0.12752 -0.75592
1 21 0.12536 -0.75808
2 21 0.13184 -0.7624
0 22 0.11888 -0.76456
1 22 0.11672 -0.76672
2 22 0.1232 -0.77104
0 23 0.11024 -0.7408
1 23 0.10808 -0.74296
2 23 0.11456 -0.74728
0 24 -0.17272 -0.33688
1 24 -0.1792 -0.3304
2 24 -0.18352 -0.3304
0 25 -0.17272 -0.63928
1 25 -0.18136 -0.63928
2 25 -0.18136 -0.64576
0 26 0.1124 -0.6976
1 26 0.11024 -0.69976
2 26 0.11672 -0.70408
0 27 0.14912 -0.65656
1 27 0.14696 -0.65872
2 27 0.15344 -0.66088
0 28 0.14696 -0.63712
1 28 0.1448 -0.63928
2 28 0.15128 -0.64144
0 29 -0.12304 -0.81208
1 29 -0.13168 -0.81424
2 29 -0.12736 -0.82504
0 30 0.10808 -0.72136
1 30 0.10592 -0.72352
2 30 0.1124 -0.72784
0 31 0.15776 -0.79912
1 31 0.1556 -0.80344
2 31 0.16424 -0.80776
0 32 0.0562401 -0.63712
1 32 0.0540801 -0.63712
2 32 0.0584002 -0.64144
0 33 0.11456 -0.699328
1 33 0.111968 -0.70192
2 33 0.117152 -0.704512
0 34 0.0756803 -0.795232
1 34 0.0730882 -0.797824
2 34 0.0808642 -0.803008
0 35 -0.2872 -0.595648
1 35 -0.297568 -0.593056
2 35 -0.302752 -0.600832
0 36 -0.292384 -0.606016
1 36 -0.302752 -0.606016
2 36 -0.307936 -0.613792
0 37 0.156032 -0.797824
1 37 0.156032 -0.803008
2 37 0.163808 -0.8056
0 38 0.0575363 -0.678592
1 38 0.0549442 -0.678592
2 38 0.0601283 -0.683776
0 39 0.148256 -0.63712
1 39 0.145664 -0.639712
2 39 0.150848 -0.642304
0 40 -0.173152 -0.639712
1 40 -0.180928 -0.639712
2 40 -0.180928 -0.647488
0 41 -0.2872 -0.47512
1 41 -0.297568 -0.471232
2 41 -0.302752 -0.476416
0 42 0.111968 -0.771904
1 42 0.109376 -0.774496
2 42 0.117152 -0.77968
0 43 0.153959 -0.797824
1 43 0.153959 -0.804045
2 43 0.16018 -0.807155
0 44 0.0544259 -0.679629
1 44 0.0544259 -0.679629
2 44 0.0575363 -0.682739
0 45 -0.290829 -0.60809
1 45 -0.30327 -0.604979
2 45 -0.306381 -0.61431
0 46 0.0544259 -0.639194
1 46 0.0513155 -0.639194
2 46 0.0575363 -0.642304
0 47 0.178842 -0.788493
1 47 0.175732 -0.791603
2 47 0.185063 -0.794714
0 48 -0.172633 -0.642304
1 48 -0.181965 -0.642304
2 48 -0.181965 -0.648525
0 49 0.147738 -0.657856
1 49 0.144628 -0.660966
2 49 0.150848 -0.664077
0 50 0.0575363 -0.654746
1 50 0.0544259 -0.654746
2 50 0.0606467 -0.657856
0 51 -0.281497 -0.343705
1 51 -0.290829 -0.337485
2 51 -0.297049 -0.337485
0 52 0.0525597 -0.679007
1 52 0.0525597 -0.679007
2 52 0.0562922 -0.686472
0 53 0.175732 -0.787249
1 53 0.175732 -0.790981
2 53 0.183197 -0.794714
0 54 0.0525597 -0.637949
1 54 0.0488272 -0.641682
2 54 0.0562922 -0.645414
0 55 0.078687 -0.794714
1 55 0.078687 -0.794714
2 55 0.0824195 -0.802178
0 56 -0.283364 -0.697669
1 56 -0.294561 -0.697669
2 56 -0.298294 -0.708866
0 57 -0.171389 -0.339351
1 57 -0.175122 -0.335618
2 57 -0.178854 -0.335618
