37
0 0 -0.021875 -0.794792
1 0 -0.00729167 -0.794792
2 0 -0.00833333 -0.79375
0 1 -0.0614583 -0.7625
1 1 -0.0499999 -0.7625
2 1 -0.0525 -0.76125
0 2 0.0300001 -0.665
1 2 0.0437501 -0.66375
2 2 0.0425001 -0.6625
0 3 -0.0324999 -0.739
1 3 -0.0175 -0.739
2 3 -0.019 -0.7375
0 4 -0.0609999 -0.748
1 4 -0.0505 -0.748
2 4 -0.0535 -0.7465
0 5 0.0305 -0.709
1 5 0.0440001 -0.709
2 5 0.0425001 -0.7075
0 6 0.00200005 -0.7765
1 6 0.0155001 -0.7765
2 6 0.0140001 -0.775
0 7 0.0674001 -0.5716
1 7 0.0800001 -0.568
2 7 0.0785 -0.5665
0 8 -0.0219999 -0.8005
1 8 -0.00699997 -0.799
2 8 -0.00849997 -0.799
0 9 0.0332001 -0.7894
1 9 0.0476001 -0.7894
2 9 0.0476001 -0.7876
0 10 0.0275 -0.715
1 10 0.0404001 -0.7138
2 10 0.0386001 -0.7138
0 11 0.0500001 -0.9145
1 11 0.0638001 -0.9154
2 11 0.0620001 -0.9154
0 12 -0.0189999 -0.6706
1 12 -0.00459989 -0.6706
2 12 -0.00639992 -0.6688
0 13 -0.0153999 -0.7804
1 13 0.000800069 -0.7786
2 13 -0.000999896 -0.7786
0 14 0.0314001 -0.829
1 14 0.0458001 -0.829
2 14 0.0440001 -0.829
0 15 0.0296001 -0.7102
1 15 0.0411201 -0.7084
2 15 0.0411201 -0.7084
0 16 0.0454402 -0.7948
1 16 0.0605602 -0.79264
2 16 0.0584002 -0.79048
0 17 0.0324802 -0.67168
1 17 0.0454402 -0.66952
2 17 0.0432802 -0.66952
0 18 -0.0193598 -0.79912
1 18 -0.00639985 -0.79912
2 18 -0.00639985 -0.79912
0 19 -0.00639985 -0.78832
1 19 0.00656013 -0.78832
2 19 0.00440013 -0.78832
0 20 -0.0344798 -0.62632
1 20 -0.0236799 -0.62416
2 20 -0.0258399 -0.622
0 21 -0.0305918 -0.738208
1 21 -0.0176318 -0.735616
2 21 -0.0176318 -0.735616
0 22 0.0316163 -0.704512
1 22 0.0445763 -0.70192
2 22 0.0445763 -0.70192
0 23 0.0316163 -0.836704
1 23 0.0471682 -0.836704
2 23 0.0445763 -0.836704
0 24 -0.0124477 -0.77968
1 24 0.00051225 -0.77968
2 24 0.00051225 -0.77968
0 25 -0.0108926 -0.629862
1 25 -0.00156136 -0.626752
2 25 -0.00156136 -0.626752
0 26 0.0295427 -0.838259
1 26 0.0450947 -0.838259
2 26 0.0419843 -0.835149
0 27 -0.119757 -0.68896
1 27 -0.110425 -0.68896
2 27 -0.113536 -0.68585
0 28 0.0295427 -0.701402
1 28 0.0419843 -0.701402
2 28 0.0419843 -0.701402
0 29 0.0264323 -0.788493
1 29 0.0419843 -0.788493
2 29 0.0388739 -0.788493
0 30 0.0301648 -0.835771
1 30 0.0450947 -0.835771
2 30 0.0413623 -0.835771
0 31 -0.0444848 -0.615554
1 31 -0.0332874 -0.615554
2 31 -0.0370199 -0.611822
0 32 -0.0295549 -0.738726
1 32 -0.014625 -0.738726
2 32 -0.0183575 -0.734994
0 33 -0.0482173 -0.734994
1 33 -0.0370199 -0.734994
2 33 -0.0370199 -0.734994
0 34 -0.130332 -0.693937
1 34 -0.119134 -0.693937
2 34 -0.122867 -0.690204
0 35 -0.0183575 -0.798446
1 35 -0.00342757 -0.798446
2 35 -0.00716 -0.798446
0 36 -0.0631472 -0.828306
1 36 -0.0482173 -0.828306
2 36 -0.0519498 -0.828306
