84
0 0 0.0562501 -0.735
1 0 0.0625001 -0.72875
2 0 0.0625 -0.726042
0 1 0.43125 -0.825
1 1 0.438542 -0.815625
2 1 0.442708 -0.811458
0 2 0.2636 -0.325
1 2 0.269792 -0.317708
2 2 0.26875 -0.31375
0 3 0.0562501 -0.735
1 3 0.0625001 -0.72875
2 3 0.06375 -0.72625
0 4 -0.451 -0.589
1 4 -0.45125 -0.5825
2 4 -0.4575 -0.58
0 5 0.415 -0.8125
1 5 0.42375 -0.805
2 5 0.42625 -0.8
0 6 0.125 -0.62375
1 6 0.13 -0.61625
2 6 0.13125 -0.61375
0 7 0.2636 -0.325
1 7 0.269 -0.3175
2 7 0.2675 -0.313
0 8 -0.1195 -0.706
1 8 -0.115 -0.7
2 8 -0.1135 -0.6985
0 9 0.056 -0.736
1 9 0.062 -0.7285
2 9 0.0635 -0.7255
0 10 0.0800001 -0.6835
1 10 0.0860001 -0.676
2 10 0.0875 -0.673
0 11 0.128 -0.601
1 11 0.134 -0.5935
2 11 0.134 -0.5905
0 12 0.1235 -0.6865
1 12 0.1295 -0.6805
2 12 0.131 -0.676
0 13 0.1205 -0.595
1 13 0.125 -0.589
2 13 0.1265 -0.586
0 14 -0.44875 -0.58875
1 14 -0.45136 -0.58312
2 14 -0.457 -0.58
0 15 0.1265 -0.682
1 15 0.1325 -0.676
2 15 0.134 -0.6715
0 16 -0.0925 -0.7
1 16 -0.0865 -0.694
2 16 -0.0865 -0.6925
0 17 0.0710002 -0.5932
1 17 0.0764001 -0.5878
2 17 0.0782001 -0.5842
0 18 -0.1198 -0.7066
1 18 -0.1144 -0.7012
2 18 -0.1144 -0.6994
0 19 -0.0981999 -0.7264
1 19 -0.0909999 -0.721
2 19 -0.0909999 -0.7192
0 20 0.0674001 -0.6184
1 20 0.0728001 -0.6112
2 20 0.0746001 -0.6094
0 21 0.0674001 -0.6058
1 21 0.0728001 -0.6004
2 21 0.0746001 -0.5968
0 22 0.0566001 -0.7372
1 22 0.0620001 -0.73
2 22 0.0638001 -0.7264
0 23 0.1268 -0.6832
1 23 0.1322 -0.676
2 23 0.134 -0.6724
0 24 0.2636 -0.325
1 24 0.269 -0.3175
2 24 0.2672 -0.3124
0 25 -0.45136 -0.5896
1 25 -0.451 -0.583
2 25 -0.4582 -0.5806
0 26 0.1214 -0.595
1 26 0.125 -0.5896
2 26 0.1268 -0.586
0 27 0.0800001 -0.6832
1 27 0.0854001 -0.676
2 27 0.0872002 -0.6724
0 28 -0.4564 -0.595
1 28 -0.4564 -0.5896
2 28 -0.4636 -0.586
0 29 -0.451 -0.5896
1 29 -0.45136 -0.58312
2 29 -0.45784 -0.58096
0 30 -0.11008 -0.70408
1 30 -0.1036 -0.6976
2 30 -0.1036 -0.69544
0 31 0.0562401 -0.73648
1 31 0.0627202 -0.73
2 31 0.0670401 -0.72568
0 32 0.12104 -0.59608
1 32 0.12752 -0.5896
2 32 0.12968 -0.58528
0 33 -0.11872 -0.72568
1 33 -0.11224 -0.7192
2 33 -0.11224 -0.71704
0 34 -0.12304 -0.72568
1 34 -0.11656 -0.7192
2 34 -0.11656 -0.71704
0 35 0.12752 -0.68248
1 35 0.134 -0.676
2 35 0.134 -0.67168
0 36 0.12752 -0.6004
1 36 0.134 -0.59392
2 36 0.134 -0.59176
0 37 -0.0992798 -0.72568
1 37 -0.0927999 -0.7192
2 37 -0.0927999 -0.71704
0 38 0.0674001 -0.6058
1 38 0.0735202 -0.59824
2 38 0.0756802 -0.59608
0 39 -0.1162 -0.3268
1 39 -0.11224 -0.3196
2 39 -0.11224 -0.31528
0 40 -0.10144 -0.69976
1 40 -0.0949599 -0.69328
2 40 -0.0949599 -0.69112
0 41 -0.11872 -0.70192
1 41 -0.11224 -0.69544
2 41 -0.11224 -0.69328
0 42 0.2636 -0.32392
1 42 0.267488 -0.315712
2 42 0.26792 -0.31312
0 43 0.0575363 -0.735616
1 43 0.0627202 -0.730432
2 43 0.0653123 -0.725248
0 44 -0.0927998 -0.720064
1 44 -0.0876158 -0.71488
2 44 -0.0876158 -0.712288
0 45 0.0668674 -0.682739
1 45 0.0730882 -0.678592
2 45 0.0730882 -0.676
0 46 -0.11872 -0.725248
1 46 -0.113536 -0.720064
2 46 -0.113536 -0.717472
0 47 -0.0979838 -0.725248
1 47 -0.0927998 -0.720064
2 47 -0.0927998 -0.717472
0 48 -0.100576 -0.699328
1 48 -0.0953918 -0.694144
2 48 -0.0953918 -0.691552
0 49 0.0562401 -0.74296
1 49 0.0637571 -0.735616
2 49 0.0653123 -0.733024
0 50 -0.123904 -0.70192
1 50 -0.116128 -0.696736
2 50 -0.116128 -0.694144
0 51 0.0679043 -0.618976
1 51 0.0730882 -0.613792
2 51 0.0756803 -0.6112
0 52 -0.0979838 -0.707104
1 52 -0.0927998 -0.70192
2 52 -0.0927998 -0.699328
0 53 -0.11872 -0.717472
1 53 -0.113536 -0.712288
2 53 -0.113536 -0.709696
0 54 -0.11872 -0.709696
1 54 -0.113536 -0.704512
2 54 -0.113536 -0.70192
0 55 0.0679043 -0.606016
1 55 0.0730882 -0.59824
2 55 0.0756803 -0.595648
0 56 -0.113536 -0.32608
1 56 -0.110425 -0.318822
2 56 -0.110944 -0.315712
0 57 0.752192 -0.655264
1 57 0.767744 -0.642304
2 57 0.778112 -0.631936
0 58 0.122336 -0.595648
1 58 0.130112 -0.587872
2 58 0.130112 -0.58528
0 59 -0.450496 -0.590464
1 59 -0.452569 -0.583206
2 59 -0.458272 -0.582688
0 60 0.2636 -0.32392
1 60 0.267488 -0.315712
2 60 0.267488 -0.31312
0 61 -0.116646 -0.325043
1 61 -0.110425 -0.318822
2 61 -0.113536 -0.315712
0 62 0.122855 -0.68896
1 62 0.125965 -0.679629
2 62 0.129075 -0.676518
0 63 0.0575363 -0.735616
1 63 0.0637571 -0.729395
2 63 0.0668674 -0.726285
0 64 0.751156 -0.657856
1 64 0.766708 -0.642304
2 64 0.776039 -0.632973
0 65 0.0668674 -0.620531
1 65 0.0730883 -0.61431
2 65 0.0730883 -0.6112
0 66 0.0699778 -0.6112
1 66 0.0761987 -0.604979
2 66 0.0761987 -0.601869
0 67 0.0917507 -0.601869
1 67 0.0979715 -0.595648
2 67 0.0979715 -0.592537
0 68 0.125965 -0.601869
1 68 0.132186 -0.595648
2 68 0.132186 -0.592537
0 69 -0.101094 -0.723174
1 69 -0.0948734 -0.720064
2 69 -0.0948734 -0.716954
0 70 0.0575363 -0.741837
1 70 0.0637571 -0.735616
2 70 0.0637571 -0.732506
0 71 -0.119757 -0.710733
1 71 -0.116646 -0.707622
2 71 -0.113536 -0.704512
0 72 -0.450496 -0.590464
1 72 -0.452569 -0.583206
2 72 -0.45879 -0.583206
0 73 0.262823 -0.325043
1 73 0.265933 -0.315712
2 73 0.265933 -0.312601
0 74 -0.552102 -0.589427
1 74 -0.552102 -0.583206
2 74 -0.561433 -0.580096
0 75 -0.0930071 -0.708866
1 75 -0.0855421 -0.701402
2 75 -0.0855421 -0.701402
0 76 0.123477 -0.611822
1 76 0.130942 -0.604357
2 76 0.130942 -0.600625
0 77 0.123477 -0.596892
1 77 0.130942 -0.596892
2 77 0.130942 -0.59316
0 78 0.440738 -0.869363
1 78 0.448203 -0.861898
2 78 0.451935 -0.854433
0 79 0.086152 -0.686472
1 79 0.0898844 -0.679007
2 79 0.093617 -0.675274
0 80 -0.115402 -0.328153
1 80 -0.111669 -0.320688
2 80 -0.111669 -0.316956
0 81 0.261579 -0.324421
1 81 0.265311 -0.316956
2 81 0.265311 -0.313223
0 82 0.0301648 -0.477453
1 82 0.0338973 -0.469988
2 82 0.0338973 -0.466255
0 83 -0.552102 -0.589427
1 83 -0.552102 -0.585695
2 83 -0.559567 -0.581962
