89
0 0 -0.0739583 -0.56875
1 0 -0.0760417 -0.569792
2 0 -0.078125 -0.570833
0 1 -0.1075 -0.7225
1 1 -0.109375 -0.722917
2 1 -0.111458 -0.726042
0 2 -0.286458 -0.701042
1 2 -0.290625 -0.703125
2 2 -0.29375 -0.70625
0 3 -0.28125 -0.73
1 3 -0.285 -0.73125
2 3 -0.28875 -0.735
0 4 -0.0437499 -0.57
1 4 -0.04625 -0.57125
2 4 -0.0475 -0.5725
0 5 -0.285 -0.72
1 5 -0.28875 -0.7225
2 5 -0.2925 -0.725
0 6 -0.0675 -0.5675
1 6 -0.0699999 -0.5675
2 6 -0.07125 -0.56875
0 7 -0.1075 -0.7225
1 7 -0.109 -0.7255
2 7 -0.11125 -0.72625
0 8 -0.0749999 -0.5975
1 8 -0.0775 -0.5975
2 8 -0.08 -0.59875
0 9 -0.305 -0.69875
1 9 -0.30875 -0.70125
2 9 -0.3125 -0.70375
0 10 0.315 -0.82875
1 10 0.32375 -0.8375
2 10 0.3325 -0.8475
0 11 -0.2815 -0.7015
1 11 -0.286 -0.703
2 11 -0.289 -0.706
0 12 -0.3175 -0.7015
1 12 -0.322 -0.7045
2 12 -0.325 -0.706
0 13 -0.304 -0.709
1 13 -0.3085 -0.7105
2 13 -0.3115 -0.7135
0 14 -0.085 -0.664
1 14 -0.088 -0.664
2 14 -0.091 -0.6655
0 15 -0.2845 -0.7195
1 15 -0.289 -0.7225
2 15 -0.292 -0.7255
0 16 -0.1075 -0.7225
1 16 -0.109 -0.7255
2 16 -0.112 -0.727
0 17 -0.0669999 -0.5665
1 17 -0.0699999 -0.5695
2 17 -0.0715 -0.5695
0 18 -0.0385 -0.6595
1 18 -0.0415 -0.661
2 18 -0.043 -0.661
0 19 -0.073 -0.5695
1 19 -0.076 -0.5695
2 19 -0.0775 -0.571
0 20 -0.0925 -0.5695
1 20 -0.0955 -0.5695
2 20 -0.097 -0.571
0 21 -0.2815 -0.73
1 21 -0.286 -0.7315
2 21 -0.289 -0.7345
0 22 0.15 -0.2575
1 22 0.15125 -0.2575
2 22 0.152 -0.256
0 23 -0.1414 -0.64
1 23 -0.1432 -0.64
2 23 -0.1468 -0.6418
0 24 -0.2818 -0.73
1 24 -0.2854 -0.7318
2 24 -0.289 -0.7336
0 25 0.1484 -0.2584
1 25 0.14912 -0.25696
2 25 0.152 -0.2566
0 26 -0.10576 -0.72568
1 26 -0.109 -0.7264
2 26 -0.1108 -0.7282
0 27 -0.2836 -0.721
1 27 -0.2872 -0.7228
2 27 -0.2908 -0.7264
0 28 -0.0387999 -0.6598
1 28 -0.0405999 -0.6616
2 28 -0.0423999 -0.6616
0 29 -0.0999999 -0.5842
1 29 -0.1018 -0.5842
2 29 -0.1036 -0.586
0 30 -0.2872 -0.703
1 30 -0.2908 -0.7048
2 30 -0.2944 -0.7084
0 31 -0.0999999 -0.667
1 31 -0.1036 -0.6688
2 31 -0.1054 -0.6706
0 32 -0.0999999 -0.595
1 32 -0.1018 -0.5968
2 32 -0.1036 -0.5986
0 33 -0.3052 -0.6994
1 33 -0.3106 -0.7012
2 33 -0.3142 -0.7048
0 34 -0.0765999 -0.577
1 34 -0.0801999 -0.577
2 34 -0.0819999 -0.5788
0 35 -0.28 -0.6958
1 35 -0.2836 -0.6976
2 35 -0.2872 -0.7012
0 36 -0.0855999 -0.6634
1 36 -0.0891999 -0.6634
2 36 -0.0909999 -0.6652
0 37 -0.31312 -0.69976
1 37 -0.31744 -0.70192
2 37 -0.32176 -0.70408
0 38 -0.31096 -0.73
1 38 -0.31096 -0.73216
2 38 -0.31528 -0.73432
0 39 -0.28288 -0.72784
1 39 -0.2872 -0.73216
2 39 -0.28936 -0.73432
0 40 -0.3088 -0.72136
1 40 -0.31528 -0.72568
2 40 -0.31744 -0.72784
0 41 -0.0409599 -0.57664
1 41 -0.0431199 -0.57664
2 41 -0.0452799 -0.5788
0 42 -0.28288 -0.72136
1 42 -0.2872 -0.72352
2 42 -0.28936 -0.72568
0 43 -0.3088 -0.70624
1 43 -0.31528 -0.7084
2 43 -0.31744 -0.71056
0 44 -0.28288 -0.70408
1 44 -0.2872 -0.70624
2 44 -0.28936 -0.7084
0 45 -0.30664 -0.69976
1 45 -0.31096 -0.70192
2 45 -0.31312 -0.70408
0 46 -0.2872 -0.6976
1 46 -0.29152 -0.69976
2 46 -0.29368 -0.70192
0 47 0.1484 -0.2584
1 47 0.14912 -0.25696
2 47 0.15128 -0.2548
0 48 -0.0949599 -0.57016
1 48 -0.0971199 -0.57016
2 48 -0.0992798 -0.57232
0 49 -0.10576 -0.72568
1 49 -0.109 -0.7264
2 49 -0.11008 -0.72784
0 50 -0.0776799 -0.57664
1 50 -0.0798399 -0.57664
2 50 -0.0819998 -0.5788
0 51 -0.0431199 -0.6652
1 51 -0.0452799 -0.6652
2 51 -0.0474399 -0.66736
0 52 -0.0992798 -0.58312
1 52 -0.10144 -0.58312
2 52 -0.1036 -0.58528
0 53 0.3176 -0.83368
1 53 0.32624 -0.84232
2 53 0.33488 -0.85312
0 54 -0.0992798 -0.59608
1 54 -0.10144 -0.59824
2 54 -0.1036 -0.6004
0 55 -0.0863199 -0.66304
1 55 -0.0884799 -0.66304
2 55 -0.0906399 -0.6652
0 56 -0.0582399 -0.57016
1 56 -0.0603999 -0.57232
2 56 -0.0625599 -0.57232
0 57 -0.0902078 -0.660448
1 57 -0.0927998 -0.66304
2 57 -0.0953918 -0.66304
0 58 -0.0979838 -0.582688
1 58 -0.100576 -0.582688
2 58 -0.103168 -0.58528
0 59 -0.302752 -0.72784
1 59 -0.307936 -0.730432
2 59 -0.310528 -0.733024
0 60 -0.282016 -0.730432
1 60 -0.2872 -0.730432
2 60 -0.289792 -0.733024
0 61 -0.0435518 -0.665632
1 61 -0.0461438 -0.668224
2 61 -0.0487357 -0.668224
0 62 -0.279424 -0.696736
1 62 -0.284608 -0.699328
2 62 -0.2872 -0.70192
0 63 -0.2872 -0.696736
1 63 -0.294976 -0.70192
2 63 -0.297568 -0.704512
0 64 -0.10576 -0.725248
1 64 -0.108352 -0.72784
2 64 -0.110944 -0.730432
0 65 -0.294976 -0.722656
1 65 -0.30016 -0.725248
2 65 -0.302752 -0.72784
0 66 -0.279424 -0.722656
1 66 -0.284608 -0.725248
2 66 -0.2872 -0.72784
0 67 -0.0979838 -0.59824
1 67 -0.100576 -0.59824
2 67 -0.103168 -0.600832
0 68 -0.0953918 -0.590464
1 68 -0.0979838 -0.590464
2 68 -0.100576 -0.593056
0 69 -0.10576 -0.730432
1 69 -0.108352 -0.733024
2 69 -0.110944 -0.735616
0 70 0.148256 -0.256096
1 70 0.145872 -0.257236
2 70 0.150848 -0.253504
0 71 -0.0824317 -0.667187
1 71 -0.0824317 -0.667187
2 71 -0.0855422 -0.667187
0 72 -0.309491 -0.710733
1 72 -0.315712 -0.713843
2 72 -0.318822 -0.716954
0 73 -0.293939 -0.726285
1 73 -0.30016 -0.729395
2 73 -0.30327 -0.729395
0 74 -0.0948734 -0.589427
1 74 -0.0979837 -0.589427
2 74 -0.101094 -0.592537
0 75 -0.104205 -0.731261
1 75 -0.107315 -0.732506
2 75 -0.110425 -0.735616
0 76 -0.0419965 -0.570765
1 76 -0.0419965 -0.570765
2 76 -0.045107 -0.570765
0 77 -0.076211 -0.558323
1 77 -0.0793214 -0.561433
2 77 -0.0824317 -0.561433
0 78 -0.275899 -0.712599
1 78 -0.279631 -0.712599
2 78 -0.283364 -0.716331
0 79 -0.275899 -0.705134
1 79 -0.279631 -0.705134
2 79 -0.283364 -0.708866
0 80 -0.309491 -0.716331
1 80 -0.313223 -0.716331
2 80 -0.316956 -0.720064
0 81 -0.294561 -0.731261
1 81 -0.298294 -0.731261
2 81 -0.302026 -0.734994
0 82 -0.0444848 -0.667809
1 82 -0.0482173 -0.667809
2 82 -0.0482173 -0.667809
0 83 -0.0743447 -0.581962
1 83 -0.0780772 -0.581962
2 83 -0.0818097 -0.581962
0 84 -0.313223 -0.701402
1 84 -0.316956 -0.705134
2 84 -0.320688 -0.708866
0 85 -0.0818097 -0.570765
1 85 -0.0855421 -0.570765
2 85 -0.0892746 -0.570765
0 86 -0.0780772 -0.559567
1 86 -0.0780772 -0.559567
2 86 -0.0818097 -0.5633
0 87 -0.316956 -0.260969
1 87 -0.320688 -0.257236
2 87 -0.324421 -0.257236
0 88 0.145872 -0.257236
1 88 0.145872 -0.257236
2 88 0.149604 -0.257236
