36
0 0 -0.0291667 -0.628125
1 0 -0.00625 -0.625
2 0 0.00520833 -0.621875
0 1 0.02 -0.91625
1 1 0.05125 -0.91375
2 1 0.065 -0.915
0 2 -0.0425 -0.66875
1 2 -0.015625 -0.665625
2 2 -0.00249996 -0.665
0 3 -0.00549997 -0.6355
1 3 0.0170001 -0.631
2 3 0.0275 -0.628
0 4 0.00500005 -0.6745
1 4 0.032 -0.6685
2 4 0.0455001 -0.6685
0 5 0.00200005 -0.7135
1 5 0.0305 -0.709
2 5 0.0440001 -0.709
0 6 -0.0415 -0.6685
1 6 -0.0145 -0.6655
2 6 -0.00249996 -0.6655
0 7 0.00200005 -0.67
1 7 0.029 -0.6655
2 7 0.0425001 -0.664
0 8 0.0185 -0.916
1 8 0.0500001 -0.9145
2 8 0.065 -0.9145
0 9 0.00200005 -0.832
1 9 0.032 -0.829
2 9 0.0455001 -0.829
0 10 -0.0333999 -0.784
1 10 -0.00279992 -0.7804
2 10 0.00980008 -0.7804
0 11 -0.0279999 -0.7804
1 11 0.000800069 -0.7768
2 11 0.0152001 -0.7768
0 12 0.000800069 -0.8326
1 12 0.0314001 -0.829
2 12 0.0458001 -0.829
0 13 -0.0495999 -0.802
1 13 -0.0207999 -0.8002
2 13 -0.00639992 -0.8002
0 14 -0.145 -0.6922
1 14 -0.1216 -0.6904
2 14 -0.1126 -0.6904
0 15 8.01722e-05 -0.79696
1 15 0.0303202 -0.7948
2 15 0.0432802 -0.79264
0 16 0.0152002 -0.79696
1 16 0.0454402 -0.7948
2 16 0.0605602 -0.79264
0 17 -0.00207984 -0.7192
1 17 0.0260002 -0.71488
2 17 0.0389601 -0.71488
0 18 -0.15328 -0.69112
1 18 -0.12952 -0.68896
2 18 -0.11872 -0.68896
0 19 0.00440013 -0.676
1 19 0.0324802 -0.67168
2 19 0.0454402 -0.66952
0 20 -0.0495998 -0.80128
1 20 -0.0193598 -0.79912
2 20 -0.00639985 -0.79912
0 21 0.00569623 -0.795232
1 21 0.0342082 -0.790048
2 21 0.0497602 -0.790048
0 22 -0.0902078 -0.76672
1 22 -0.0616958 -0.76672
2 22 -0.0487357 -0.76672
0 23 -0.0591038 -0.7408
1 23 -0.0305918 -0.738208
2 23 -0.0176318 -0.735616
0 24 0.00310421 -0.707104
1 24 0.0316163 -0.704512
2 24 0.0445763 -0.70192
0 25 0.00051225 -0.839296
1 25 0.0316163 -0.836704
2 25 0.0471682 -0.836704
0 26 -0.0419965 -0.791603
1 26 -0.0108926 -0.788493
2 26 0.00154908 -0.788493
0 27 -0.00156136 -0.804045
1 27 0.0295427 -0.800934
2 27 0.0450947 -0.800934
0 28 -0.00156136 -0.84137
1 28 0.0295427 -0.838259
2 28 0.0450947 -0.838259
0 29 -0.0948734 -0.828928
1 29 -0.0668798 -0.828928
2 29 -0.0513278 -0.828928
0 30 -0.0930071 -0.828306
1 30 -0.0631472 -0.828306
2 30 -0.0482173 -0.828306
0 31 0.0264323 -0.824573
1 31 0.0562922 -0.824573
2 31 0.0712221 -0.820841
0 32 0.000304921 -0.805911
1 32 0.0301648 -0.802178
2 32 0.0450947 -0.802178
0 33 -0.0780772 -0.738726
1 33 -0.0482173 -0.734994
2 33 -0.0370199 -0.734994
0 34 -0.152727 -0.697669
1 34 -0.130332 -0.693937
2 34 -0.119134 -0.693937
0 35 -0.0556823 -0.742459
1 35 -0.0295549 -0.738726
2 35 -0.014625 -0.738726
