40
0 0 -0.00833333 -0.688542
1 0 -0.0333333 -0.696875
2 0 -0.05625 -0.701042
0 1 0.034375 -0.648958
1 1 0.0125 -0.654167
2 1 -0.0125 -0.658333
0 2 -0.00833333 -0.685417
1 2 -0.0312499 -0.6925
2 2 -0.0541667 -0.696875
0 3 0.045 -0.84625
1 3 0.02125 -0.85375
2 3 -0.00624994 -0.86
0 4 0.0375001 -0.685
1 4 0.015 -0.69125
2 4 -0.00874996 -0.69625
0 5 -0.00833333 -0.685417
1 5 -0.0312499 -0.6925
2 5 -0.05375 -0.6975
0 6 0.06875 -0.925
1 6 0.0425001 -0.9325
2 6 0.0140001 -0.9415
0 7 0.0440001 -0.847
1 7 0.02 -0.8545
2 7 -0.00699997 -0.8605
0 8 -0.00639992 -0.73
1 8 -0.0297999 -0.7372
2 8 -0.0531999 -0.7426
0 9 0.0440001 -0.847
1 9 0.0206001 -0.8542
2 9 -0.00639992 -0.8614
0 10 -0.0117999 -0.82
1 10 -0.0351999 -0.8272
2 10 -0.0603999 -0.8326
0 11 0.0548001 -0.8128
1 11 0.0314001 -0.82
2 11 0.00620009 -0.8254
0 12 -0.00819988 -0.8002
1 12 -0.0297999 -0.8074
2 12 -0.0549999 -0.8128
0 13 -0.00423985 -0.73
1 13 -0.0279999 -0.73648
2 13 -0.0517598 -0.7408
0 14 0.0454402 -0.80992
1 14 0.0216801 -0.8164
2 14 -0.00207984 -0.82288
0 15 -0.0107199 -0.81856
1 15 -0.0344798 -0.8272
2 15 -0.0582399 -0.83152
0 16 -0.00855986 -0.68032
1 16 -0.0301599 -0.6868
2 16 -0.0539199 -0.69112
0 17 0.0454402 -0.85528
1 17 0.0195201 -0.86176
2 17 -0.00639985 -0.86824
0 18 0.0454402 -0.8164
1 18 0.0216801 -0.82288
2 18 -0.00423985 -0.82936
0 19 -0.00639985 -0.79912
1 19 -0.0301599 -0.80776
2 19 -0.0539199 -0.81208
0 20 0.0454402 -0.79696
1 20 0.0216801 -0.80344
2 20 -0.00207984 -0.80992
0 21 0.0432802 -0.8488
1 21 0.0195201 -0.85528
2 21 -0.00639985 -0.86176
0 22 -0.00467173 -0.686368
1 22 -0.0279998 -0.691552
2 22 -0.0513278 -0.696736
0 23 0.0445763 -0.854848
1 23 0.0186562 -0.862624
2 23 -0.00726376 -0.867808
0 24 0.0393922 -0.691552
1 24 0.0160643 -0.699328
2 24 -0.00726376 -0.704512
0 25 0.0497602 -0.821152
1 25 0.0264322 -0.828928
2 25 0.00051225 -0.834112
0 26 -0.00985578 -0.81856
1 26 -0.0331838 -0.826336
2 26 -0.0591038 -0.83152
0 27 -0.00467173 -0.730432
1 27 -0.0279998 -0.738208
2 27 -0.0513278 -0.743392
0 28 0.00310421 -0.800416
1 28 -0.0202237 -0.808192
2 28 -0.0461438 -0.813376
0 29 0.0368003 -0.808192
1 29 0.0134722 -0.815968
2 29 -0.0124477 -0.821152
0 30 -0.00467173 -0.68585
1 30 -0.0264446 -0.69207
2 30 -0.0513278 -0.698291
0 31 0.0419843 -0.853811
1 31 0.0171011 -0.863142
2 31 -0.00778211 -0.869363
0 32 0.0357635 -0.723174
1 32 0.0139907 -0.729395
2 32 -0.0108926 -0.735616
0 33 0.0077699 -0.654746
1 33 -0.0140029 -0.660966
2 33 -0.0388861 -0.664077
0 34 0.0513155 -0.813376
1 34 0.0295427 -0.819597
2 34 0.00465946 -0.825818
0 35 -0.0264446 -0.813376
1 35 -0.0513278 -0.819597
2 35 -0.076211 -0.825818
0 36 0.0357635 -0.807155
1 36 0.0108803 -0.813376
2 36 -0.0140029 -0.819597
0 37 0.0413623 -0.854433
1 37 0.0189673 -0.861898
2 37 -0.0108925 -0.869363
0 38 -0.0482173 -0.846968
1 38 -0.0743447 -0.854433
2 38 -0.100472 -0.858166
0 39 0.0226998 -0.664077
1 39 -0.00342757 -0.667809
2 39 -0.0258224 -0.675274
