67
0 0 -0.021875 -0.566667
1 0 -0.00625 -0.565625
2 0 -0.00416667 -0.565625
0 1 0.0708333 -0.682292
1 1 0.0875 -0.682292
2 1 0.0895833 -0.683333
0 2 -0.0114583 -0.5875
1 2 0.00416667 -0.586458
2 2 0.00729167 -0.586458
0 3 0.06875 -0.6375
1 3 0.0854167 -0.6375
2 3 0.0875 -0.6375
0 4 -0.0437499 -0.71875
1 4 -0.02875 -0.71875
2 4 -0.0262499 -0.72
0 5 0.04 -0.75125
1 5 0.0562501 -0.75125
2 5 0.05875 -0.7525
0 6 0.07125 -0.77
1 6 0.0887501 -0.77
2 6 0.09 -0.77125
0 7 0.0675001 -0.6875
1 7 0.08375 -0.6875
2 7 0.0862501 -0.68875
0 8 -0.0175 -0.56875
1 8 -0.00249996 -0.5675
2 8 6.35783e-08 -0.5675
0 9 0.02 -0.586
1 9 0.0365 -0.586
2 9 0.0395 -0.586
0 10 0.0455001 -0.5785
1 10 0.062 -0.577
2 10 0.065 -0.577
0 11 0.09625 -0.91375
1 11 0.113 -0.9145
2 11 0.1145 -0.9175
0 12 0.0215 -0.6385
1 12 0.038 -0.6385
2 12 0.0395 -0.64
0 13 -0.0445 -0.718
1 13 -0.0279999 -0.7195
2 13 -0.0264999 -0.721
0 14 -0.1165 -0.655
1 14 -0.1015 -0.655
2 14 -0.0999999 -0.655
0 15 0.0695001 -0.6835
1 15 0.0860001 -0.6835
2 15 0.0875 -0.6835
0 16 0.0695001 -0.634
1 16 0.0860001 -0.634
2 16 0.0875 -0.634
0 17 0.0170001 -0.7735
1 17 0.0335 -0.7735
2 17 0.035 -0.775
0 18 -0.04 -0.7405
1 18 -0.0234999 -0.7405
2 18 -0.0219999 -0.742
0 19 0.0335 -0.76
1 19 0.0515001 -0.76
2 19 0.0530001 -0.7615
0 20 0.0500001 -0.5845
1 20 0.065 -0.5845
2 20 0.068 -0.5845
0 21 0.0725001 -0.8095
1 21 0.0890001 -0.8095
2 21 0.0920001 -0.811
0 22 0.1016 -0.9208
1 22 0.116 -0.9226
2 22 0.1196 -0.9262
0 23 0.0944002 -0.9172
1 23 0.1106 -0.919
2 23 0.1142 -0.9226
0 24 0.0674001 -0.6832
1 24 0.0836001 -0.6832
2 24 0.0872002 -0.685
0 25 -0.0441999 -0.7192
1 25 -0.0279999 -0.7192
2 25 -0.0261999 -0.721
0 26 0.0206001 -0.586
1 26 0.0368001 -0.586
2 26 0.0386001 -0.586
0 27 0.0710002 -0.6436
1 27 0.0872002 -0.6436
2 27 0.0890001 -0.6436
0 28 0.0314001 -0.7174
1 28 0.0476001 -0.7174
2 28 0.0512001 -0.7192
0 29 0.0206001 -0.712
1 29 0.0368001 -0.712
2 29 0.0386001 -0.7138
0 30 -0.0387999 -0.7246
1 30 -0.0225999 -0.7246
2 30 -0.0207999 -0.7264
0 31 -0.0647199 -0.92008
1 31 -0.0474399 -0.92224
2 31 -0.0452799 -0.9244
0 32 -0.11656 -0.6544
1 32 -0.10144 -0.6544
2 32 -0.0992798 -0.6544
0 33 -0.0431199 -0.7192
1 33 -0.0279999 -0.7192
2 33 -0.0258399 -0.72136
0 34 0.0648802 -0.68896
1 34 0.0821602 -0.69112
2 34 0.0843202 -0.69112
0 35 0.0692001 -0.68464
1 35 0.0843202 -0.68464
2 35 0.0864802 -0.68464
0 36 -0.0431199 -0.74512
1 36 -0.0279999 -0.74512
2 36 -0.0258399 -0.74728
0 37 0.0692001 -0.6436
1 37 0.0864802 -0.6436
2 37 0.0886402 -0.6436
0 38 -0.0128799 -0.58096
1 38 0.00440013 -0.58096
2 38 0.00656013 -0.58096
0 39 0.0173601 -0.77752
1 39 0.0346401 -0.77752
2 39 0.0368001 -0.77752
0 40 0.0670401 -0.6328
1 40 0.0843202 -0.6328
2 40 0.0864802 -0.6328
0 41 0.0670401 -0.76456
1 41 0.0843202 -0.76456
2 41 0.0864802 -0.76672
0 42 0.0704962 -0.644896
1 42 0.0860483 -0.644896
2 42 0.0886402 -0.644896
0 43 -0.110944 -0.657856
1 43 -0.0953918 -0.657856
2 43 -0.0953918 -0.657856
0 44 0.0186562 -0.58528
1 44 0.0342082 -0.58528
2 44 0.0368003 -0.58528
0 45 0.0653123 -0.691552
1 45 0.0808642 -0.691552
2 45 0.0834563 -0.691552
0 46 0.00569623 -0.712288
1 46 0.0238403 -0.712288
2 46 0.0238403 -0.712288
0 47 0.0316163 -0.758944
1 47 0.0497602 -0.758944
2 47 0.0523523 -0.758944
0 48 0.0886402 -0.769312
1 48 0.104192 -0.771904
2 48 0.106784 -0.771904
0 49 0.0679043 -0.631936
1 49 0.0834563 -0.631936
2 49 0.0860483 -0.631936
0 50 0.0704962 -0.678592
1 50 0.0860483 -0.678592
2 50 0.0886402 -0.678592
0 51 0.0264322 -0.756352
1 51 0.0419842 -0.756352
2 51 0.0445763 -0.756352
0 52 0.0730883 -0.819597
1 52 0.0886403 -0.819597
2 52 0.0917507 -0.819597
0 53 0.0202115 -0.710733
1 53 0.0357635 -0.710733
2 53 0.0388739 -0.713843
0 54 -0.110425 -0.657856
1 54 -0.0948734 -0.657856
2 54 -0.0948734 -0.657856
0 55 -0.119757 -0.657856
1 55 -0.107315 -0.657856
2 55 -0.104205 -0.657856
0 56 0.0264323 -0.757389
1 56 0.0419843 -0.757389
2 56 0.0450947 -0.757389
0 57 -0.110425 -0.636083
1 57 -0.0948734 -0.636083
2 57 -0.0948734 -0.636083
0 58 0.0668674 -0.629862
1 58 0.0824195 -0.629862
2 58 0.0855298 -0.629862
0 59 -0.119134 -0.634217
1 59 -0.104205 -0.634217
2 59 -0.104205 -0.634217
0 60 0.0525597 -0.581962
1 60 0.0674896 -0.581962
2 60 0.0712221 -0.581962
0 61 -0.119134 -0.660344
1 61 -0.104205 -0.660344
2 61 -0.104205 -0.660344
0 62 0.0264323 -0.757389
1 62 0.0413623 -0.757389
2 62 0.0450947 -0.757389
0 63 -0.111669 -0.637949
1 63 -0.0967396 -0.637949
2 63 -0.0930071 -0.637949
0 64 0.0674896 -0.649147
1 64 0.0824195 -0.649147
2 64 0.086152 -0.649147
0 65 -0.0295549 -0.809643
1 65 -0.0108925 -0.809643
2 65 -0.0108925 -0.809643
0 66 0.0712221 -0.817108
1 66 0.086152 -0.817108
2 66 0.0898844 -0.820841
