68
0 0 0.17875 -0.4525
1 0 0.1715 -0.457
2 0 0.169792 -0.4625
0 1 0.105 -0.7675
1 1 0.0925001 -0.775
2 1 0.08375 -0.7825
0 2 0.17875 -0.4525
1 2 0.1715 -0.457
2 2 0.17 -0.4625
0 3 -0.00399996 -0.883
1 3 -0.0175 -0.89
2 3 -0.03 -0.89625
0 4 0.041 -0.6505
1 4 0.0305 -0.6565
2 4 0.0215 -0.661
0 5 0.032 -0.6895
1 5 0.02 -0.6955
2 5 0.0125001 -0.7
0 6 0.105 -0.7675
1 6 0.0925001 -0.775
2 6 0.0830001 -0.7825
0 7 -0.0925 -0.5305
1 7 -0.1045 -0.5335
2 7 -0.112 -0.5335
0 8 -0.00399996 -0.883
1 8 -0.0175 -0.89
2 8 -0.0279999 -0.895
0 9 0.17875 -0.4525
1 9 0.1715 -0.457
2 9 0.17 -0.463
0 10 0.0422001 -0.6508
1 10 0.0314001 -0.6562
2 10 0.0224001 -0.6616
0 11 0.00980008 -0.685
1 11 -0.000999896 -0.6886
2 11 -0.00999991 -0.694
0 12 0.0242001 -0.7696
1 12 0.0116001 -0.7768
2 12 0.0026001 -0.7822
0 13 -0.0949599 -0.46648
1 13 -0.1072 -0.469
2 13 -0.1144 -0.469
0 14 0.4382 -0.7876
1 14 0.4364 -0.7984
2 14 0.44 -0.8164
0 15 0.0764001 -0.7714
1 15 0.0638001 -0.7768
2 15 0.0566001 -0.784
0 16 -0.00399996 -0.883
1 16 -0.0171999 -0.8902
2 16 -0.0297999 -0.8974
0 17 0.0656001 -0.6922
1 17 0.0530001 -0.6994
2 17 0.0458001 -0.7048
0 18 0.17875 -0.4525
1 18 0.1715 -0.457
2 18 0.17 -0.46
0 19 0.0134001 -0.7696
1 19 0.000800069 -0.7768
2 19 -0.00819988 -0.7804
0 20 0.00656013 -0.77536
1 20 -0.00639985 -0.78184
2 20 -0.0171998 -0.78616
0 21 0.0238401 -0.6544
1 21 0.0130402 -0.66088
2 21 0.00440013 -0.6652
0 22 0.41264 -0.41464
1 22 0.4148 -0.4168
2 22 0.42344 -0.41896
0 23 0.00224012 -0.676
1 23 -0.00855986 -0.68032
2 23 -0.0171998 -0.68464
0 24 -0.0949599 -0.46648
1 24 -0.1072 -0.469
2 24 -0.1144 -0.46864
0 25 0.0756802 -0.77104
1 25 0.0627202 -0.77752
2 25 0.0562401 -0.784
0 26 0.0238401 -0.76888
1 26 0.0108802 -0.77536
2 26 0.00224012 -0.78184
0 27 -0.0927999 -0.53128
1 27 -0.1036 -0.53344
2 27 -0.11008 -0.5356
0 28 0.1772 -0.45136
1 28 0.17072 -0.45784
2 28 0.16856 -0.46216
0 29 -0.00207977 -0.885952
1 29 -0.0171998 -0.892
2 29 -0.0301599 -0.89848
0 30 0.0821602 -0.74944
1 30 0.0713601 -0.75592
2 30 0.0627202 -0.7624
0 31 -0.0733599 -0.67384
1 31 -0.0863199 -0.67816
2 31 -0.0949599 -0.68032
0 32 -0.0948734 -0.465011
1 32 -0.10576 -0.46864
2 32 -0.113536 -0.46864
0 33 0.376352 -0.751168
1 33 0.37376 -0.761536
2 33 0.37376 -0.777088
0 34 -0.00156136 -0.884915
1 34 -0.0176318 -0.891136
2 34 -0.0279998 -0.89632
0 35 -0.0902078 -0.53344
1 35 -0.103168 -0.536032
2 35 -0.110944 -0.536032
0 36 0.0445763 -0.652672
1 36 0.0342082 -0.657856
2 36 0.0264322 -0.66304
0 37 0.00569623 -0.691552
1 37 -0.00726376 -0.696736
2 37 -0.0150398 -0.70192
0 38 0.0730882 -0.655264
1 38 0.0627202 -0.660448
2 38 0.0549442 -0.665632
0 39 0.0549442 -0.657856
1 39 0.0445763 -0.66304
2 39 0.0368003 -0.668224
0 40 0.0290243 -0.66304
1 40 0.0186562 -0.668224
2 40 0.0108802 -0.673408
0 41 0.00569623 -0.774496
1 41 -0.00639985 -0.78184
2 41 -0.0150398 -0.784864
0 42 0.00310421 -0.673408
1 42 -0.00726376 -0.678592
2 42 -0.0150398 -0.683776
0 43 0.0756803 -0.771904
1 43 0.0627202 -0.777088
2 43 0.0549442 -0.784864
0 44 0.0668674 -0.664077
1 44 0.0544259 -0.667187
2 44 0.0482051 -0.673408
0 45 0.00465946 -0.69207
1 45 -0.00778211 -0.698291
2 45 -0.0171134 -0.701402
0 46 0.0730883 -0.654746
1 46 0.0606467 -0.660966
2 46 0.0544259 -0.667187
0 47 0.405901 -0.415245
1 47 0.409012 -0.415245
2 47 0.418343 -0.418355
0 48 -0.0917629 -0.53344
1 48 -0.104205 -0.53655
2 48 -0.110425 -0.53655
0 49 0.0730883 -0.76983
1 49 0.0606467 -0.776051
2 49 0.0544259 -0.782272
0 50 0.0171011 -0.76672
1 50 0.00465946 -0.772941
2 50 -0.00467173 -0.779162
0 51 -0.0948734 -0.465011
1 51 -0.10576 -0.46864
2 51 -0.113536 -0.468121
0 52 -0.0731005 -0.676518
1 52 -0.0886525 -0.679629
2 52 -0.0948734 -0.682739
0 53 -0.00207977 -0.885952
1 53 -0.0171134 -0.894246
2 53 -0.0295549 -0.900467
0 54 0.418343 -0.374809
1 54 0.421453 -0.374809
2 54 0.430784 -0.37792
0 55 0.39657 -0.384141
1 55 0.39968 -0.384141
2 55 0.409012 -0.387251
0 56 0.80144 -0.424576
1 56 0.816474 -0.430797
2 56 0.847578 -0.443238
0 57 0.0948611 -0.660966
1 57 0.0824195 -0.670297
2 57 0.0761987 -0.676518
0 58 0.175732 -0.451325
1 58 0.168267 -0.45879
2 58 0.164534 -0.462523
0 59 0.0077699 -0.776051
1 59 -0.00778211 -0.782272
2 59 -0.014625 -0.783516
0 60 0.0226998 -0.652879
1 60 0.0115024 -0.660344
2 60 0.00403741 -0.664077
0 61 0.00403741 -0.667809
1 61 -0.00716 -0.671542
2 61 -0.014625 -0.679007
0 62 0.80144 -0.424576
1 62 0.816474 -0.430797
2 62 0.847578 -0.447593
0 63 -0.0743447 -0.679007
1 63 -0.0892746 -0.682739
2 63 -0.0967396 -0.686472
0 64 0.0712221 -0.772319
1 64 0.0600246 -0.779784
2 64 0.0525597 -0.783516
0 65 0.0077699 -0.682739
1 65 -0.00342757 -0.690204
2 65 -0.0108925 -0.693937
0 66 0.0189673 -0.768586
1 66 0.00403741 -0.772319
2 66 -0.00342757 -0.779784
0 67 0.00403741 -0.693937
1 67 -0.00716 -0.697669
2 67 -0.0183575 -0.705134
