82
0 0 -0.05625 -0.575
1 0 -0.0572917 -0.576042
2 0 -0.0520833 -0.580208
0 1 -0.12 -0.73
1 1 -0.12375 -0.735
2 1 -0.1175 -0.73875
0 2 -0.305 -0.7125
1 2 -0.30875 -0.715
2 2 -0.30625 -0.72
0 3 0.01625 -0.425
1 3 0.0155001 -0.4255
2 3 0.0225 -0.42875
0 4 -0.173958 -0.429167
1 4 -0.175 -0.430208
2 4 -0.17 -0.4325
0 5 -0.0975 -0.565
1 5 -0.0975 -0.56625
2 5 -0.0937499 -0.57
0 6 0.182 -0.226
1 6 0.1865 -0.226
2 6 0.197 -0.226
0 7 -0.082 -0.5665
1 7 -0.082 -0.5695
2 7 -0.0775 -0.5725
0 8 -0.088 -0.5695
1 8 -0.0895 -0.571
2 8 -0.085 -0.574
0 9 -0.1075 -0.5695
1 9 -0.109 -0.571
2 9 -0.1045 -0.574
0 10 -0.082 -0.571
1 10 -0.082 -0.574
2 10 -0.0775 -0.577
0 11 -0.0565 -0.5755
1 11 -0.058 -0.577
2 11 -0.0535 -0.5815
0 12 -0.17375 -0.42875
1 12 -0.1738 -0.4294
2 12 -0.1705 -0.433
0 13 -0.1555 -0.6415
1 13 -0.157 -0.6445
2 13 -0.1525 -0.649
0 14 -0.1198 -0.7318
1 14 -0.12375 -0.735
2 14 -0.118 -0.739
0 15 -0.1015 -0.6655
1 15 -0.103 -0.667
2 15 -0.0984999 -0.6715
0 16 -0.334 -0.7105
1 16 -0.3385 -0.712
2 16 -0.334 -0.7195
0 17 -0.307 -0.712
1 17 -0.3115 -0.715
2 17 -0.307 -0.721
0 18 -0.3115 -0.712
1 18 -0.3145 -0.715
2 18 -0.3115 -0.721
0 19 -0.1018 -0.6652
1 19 -0.1018 -0.667
2 19 -0.0981999 -0.6706
0 20 -0.3142 -0.7066
1 20 -0.3178 -0.7102
2 20 -0.3142 -0.7156
0 21 0.1808 -0.226
1 21 0.18584 -0.22672
2 21 0.197 -0.226
0 22 -0.3376 -0.7174
1 22 -0.3412 -0.7192
2 22 -0.3376 -0.7264
0 23 -0.1198 -0.7318
1 23 -0.124 -0.736
2 23 -0.118 -0.739
0 24 -0.1072 -0.5968
1 24 -0.109 -0.5986
2 24 -0.1036 -0.6022
0 25 -0.1108 -0.5914
1 25 -0.1126 -0.5914
2 25 -0.1072 -0.5968
0 26 -0.0567999 -0.5698
1 26 -0.0585999 -0.5716
2 26 -0.0531999 -0.5752
0 27 -0.17375 -0.42875
1 27 -0.1738 -0.4294
2 27 -0.1702 -0.433
0 28 -0.0711999 -0.5716
1 28 -0.0711999 -0.5734
2 28 -0.0675999 -0.577
0 29 -0.0567999 -0.5752
1 29 -0.0585999 -0.577
2 29 -0.0531999 -0.5806
0 30 -0.0945999 -0.577
1 30 -0.0945999 -0.5788
2 30 -0.0909999 -0.5824
0 31 -0.0495999 -0.6526
1 31 -0.0513999 -0.6544
2 31 -0.0459999 -0.658
0 32 -0.1144 -0.5842
1 32 -0.1162 -0.586
2 32 -0.1108 -0.5896
0 33 -0.0945999 -0.559
1 33 -0.0963999 -0.5608
2 33 -0.0909999 -0.5644
0 34 -0.334 -0.7102
1 34 -0.3394 -0.7138
2 34 -0.334 -0.7192
0 35 0.0155001 -0.4255
1 35 0.0152001 -0.4258
2 35 0.0206001 -0.4294
0 36 -0.1576 -0.6418
1 36 -0.1594 -0.6436
2 36 -0.154 -0.649
0 37 -0.1144 -0.59824
1 37 -0.11656 -0.59824
2 37 -0.11008 -0.60256
0 38 -0.11224 -0.5896
1 38 -0.11224 -0.59392
2 38 -0.10792 -0.59608
0 39 -0.3088 -0.74296
1 39 -0.31312 -0.74512
2 39 -0.3088 -0.7516
0 40 -0.3196 -0.71056
1 40 -0.32176 -0.71272
2 40 -0.31744 -0.7192
0 41 -0.34336 -0.71056
1 41 -0.34768 -0.71272
2 41 -0.34336 -0.7192
0 42 -0.0582399 -0.66736
1 42 -0.0582399 -0.66952
2 42 -0.0539199 -0.67384
0 43 -0.33472 -0.71056
1 43 -0.33904 -0.71272
2 43 -0.33472 -0.7192
0 44 -0.11872 -0.73
1 44 -0.12088 -0.73216
2 44 -0.11656 -0.73864
0 45 -0.10792 -0.6652
1 45 -0.11008 -0.66736
2 45 -0.1036 -0.66952
0 46 0.18152 -0.22672
1 46 0.18584 -0.22672
2 46 0.19664 -0.22456
0 47 -0.1144 -0.58312
1 47 -0.11656 -0.58528
2 47 -0.11008 -0.5896
0 48 -0.11008 -0.57016
1 48 -0.11008 -0.57016
2 48 -0.10576 -0.57448
0 49 -0.32608 -0.71488
1 49 -0.328672 -0.717472
2 49 -0.32608 -0.722656
0 50 -0.346816 -0.71488
1 50 -0.352 -0.717472
2 50 -0.346816 -0.722656
0 51 -0.33904 -0.720064
1 51 -0.341632 -0.722656
2 51 -0.33904 -0.72784
0 52 -0.310528 -0.722656
1 52 -0.315712 -0.725248
2 52 -0.310528 -0.730432
0 53 -0.305344 -0.707104
1 53 -0.310528 -0.709696
2 53 -0.305344 -0.717472
0 54 -0.1198 -0.7318
1 54 -0.11872 -0.733024
2 54 -0.116128 -0.7408
0 55 -0.10576 -0.66304
1 55 -0.108352 -0.665632
2 55 -0.103168 -0.670816
0 56 -0.307936 -0.743392
1 56 -0.31312 -0.745984
2 56 -0.307936 -0.751168
0 57 -0.0539198 -0.569728
1 57 -0.0565118 -0.57232
2 57 -0.0513278 -0.574912
0 58 -0.110944 -0.569728
1 58 -0.110944 -0.57232
2 58 -0.10576 -0.574912
0 59 -0.113536 -0.59824
1 59 -0.116128 -0.600832
2 59 -0.110944 -0.603424
0 60 -0.0357758 -0.665632
1 60 -0.0357758 -0.668224
2 60 -0.0305918 -0.673408
0 61 0.178842 -0.22551
1 61 0.185063 -0.22551
2 61 0.194394 -0.22551
0 62 -0.0357758 -0.667187
1 62 -0.0388861 -0.673408
2 62 -0.0326653 -0.676518
0 63 -0.060659 -0.667187
1 63 -0.060659 -0.670297
2 63 -0.0544381 -0.673408
0 64 -0.0948734 -0.558323
1 64 -0.0917629 -0.561433
2 64 -0.0886525 -0.564544
0 65 -0.306381 -0.707622
1 65 -0.309491 -0.710733
2 65 -0.306381 -0.716954
0 66 -0.315712 -0.707622
1 66 -0.318822 -0.710733
2 66 -0.312601 -0.716954
0 67 -0.0544381 -0.570765
1 67 -0.0575485 -0.570765
2 67 -0.0513278 -0.573875
0 68 -0.110425 -0.589427
1 68 -0.113536 -0.592537
2 68 -0.107315 -0.595648
0 69 -0.325043 -0.710733
1 69 -0.331264 -0.713843
2 69 -0.325043 -0.720064
0 70 -0.306381 -0.735616
1 70 -0.309491 -0.738726
2 70 -0.306381 -0.744947
0 71 -0.346816 -0.741837
1 71 -0.346816 -0.744947
2 71 -0.343705 -0.751168
0 72 -0.309491 -0.741837
1 72 -0.315712 -0.744947
2 72 -0.309491 -0.751168
0 73 -0.321933 -0.738726
1 73 -0.328153 -0.741837
2 73 -0.321933 -0.748058
0 74 -0.324421 -0.742459
1 74 -0.328153 -0.746191
2 74 -0.324421 -0.753656
0 75 -0.0594147 -0.667809
1 75 -0.0631472 -0.671542
2 75 -0.0556823 -0.675274
0 76 -0.0967396 -0.667809
1 76 -0.0967396 -0.671542
2 76 -0.0930071 -0.675274
0 77 -0.115402 -0.671542
1 77 -0.115402 -0.671542
2 77 -0.111669 -0.675274
0 78 -0.119134 -0.731261
1 78 -0.119134 -0.734994
2 78 -0.115402 -0.738726
0 79 -0.0370199 -0.664077
1 79 -0.0370199 -0.667809
2 79 -0.0332874 -0.675274
0 80 0.179464 -0.227376
1 80 0.183197 -0.227376
2 80 0.194394 -0.227376
0 81 -0.111669 -0.59316
1 81 -0.111669 -0.59316
2 81 -0.107937 -0.596892
