45
0 0 -0.00208333 -0.754167
1 0 0.00729167 -0.757292
2 0 0.0104167 -0.757292
0 1 0.0447917 -0.654167
1 1 0.0541667 -0.655208
2 1 0.0583333 -0.654167
0 2 0.04125 -0.63875
1 2 0.05125 -0.63875
2 2 0.0562501 -0.63875
0 3 0.0447917 -0.654167
1 3 0.0541667 -0.655208
2 3 0.0575 -0.65375
0 4 0.0225 -0.65375
1 4 0.0312501 -0.655
2 4 0.035 -0.65375
0 5 0.02875 -0.75375
1 5 0.03875 -0.75625
2 5 0.0425001 -0.75625
0 6 0.0800001 -0.835
1 6 0.09 -0.83875
2 6 0.09375 -0.83875
0 7 0.0250001 -0.80625
1 7 0.0362501 -0.80875
2 7 0.04 -0.80875
0 8 0.065 -0.649
1 8 0.0755 -0.649
2 8 0.0785 -0.649
0 9 0.0125001 -0.7495
1 9 0.023 -0.7525
2 9 0.026 -0.7525
0 10 0.0440001 -0.6535
1 10 0.0530001 -0.655
2 10 0.0575 -0.6535
0 11 0.0695001 -0.676
1 11 0.0785 -0.6775
2 11 0.0830001 -0.676
0 12 0.026 -0.6805
1 12 0.035 -0.6835
2 12 0.038 -0.682
0 13 0.0404001 -0.793
1 13 0.0494001 -0.7966
2 13 0.0530001 -0.7966
0 14 0.0206001 -0.6508
1 14 0.0296001 -0.6508
2 14 0.0332001 -0.6508
0 15 0.0440001 -0.6544
1 15 0.0530001 -0.6544
2 15 0.0566001 -0.6544
0 16 0.00620009 -0.8344
1 16 0.0170001 -0.838
2 16 0.0206001 -0.838
0 17 0.10808 -0.59176
1 17 0.11672 -0.59392
2 17 0.12104 -0.59176
0 18 -0.39304 -0.90928
1 18 -0.39736 -0.92008
2 18 -0.40816 -0.92872
0 19 0.0692001 -0.72352
1 19 0.0800002 -0.72568
2 19 0.0843202 -0.72568
0 20 0.0173601 -0.65656
1 20 0.0260002 -0.65872
2 20 0.0303202 -0.65656
0 21 0.0800002 -0.84232
1 21 0.0886402 -0.84664
2 21 0.0929601 -0.84664
0 22 0.0238403 -0.748576
1 22 0.0342082 -0.751168
2 22 0.0393922 -0.751168
0 23 0.0782722 -0.841888
1 23 0.0886402 -0.847072
2 23 0.0938243 -0.847072
0 24 0.0108802 -0.642304
1 24 0.0212482 -0.642304
2 24 0.0238403 -0.642304
0 25 0.0316163 -0.79264
1 25 0.0419842 -0.795232
2 25 0.0445763 -0.795232
0 26 0.0212482 -0.652672
1 26 0.0316163 -0.652672
2 26 0.0342082 -0.652672
0 27 0.0342082 -0.800416
1 27 0.0445763 -0.803008
2 27 0.0497602 -0.803008
0 28 -0.0560799 -0.90712
1 28 -0.0461438 -0.911872
2 28 -0.0435518 -0.914464
0 29 0.0419843 -0.654746
1 29 0.0513155 -0.654746
2 29 0.0544259 -0.654746
0 30 0.0761987 -0.84137
1 30 0.0855298 -0.84759
2 30 0.0917507 -0.84448
0 31 0.0108803 -0.642304
1 31 0.0202115 -0.642304
2 31 0.0233219 -0.642304
0 32 -0.0513278 -0.69207
1 32 -0.0419965 -0.695181
2 32 -0.0388861 -0.695181
0 33 0.0699778 -0.68896
1 33 0.0793091 -0.68896
2 33 0.0824195 -0.68896
0 34 0.0295427 -0.791603
1 34 0.0419843 -0.794714
2 34 0.0450947 -0.794714
0 35 -0.00156136 -0.648525
1 35 0.0077699 -0.648525
2 35 0.0108803 -0.648525
0 36 0.0674896 -0.652879
1 36 0.078687 -0.652879
2 36 0.0824195 -0.652879
0 37 0.0749546 -0.843236
1 37 0.086152 -0.846968
2 37 0.0898844 -0.846968
0 38 0.101082 -0.828306
1 38 0.112279 -0.832038
2 38 0.116012 -0.832038
0 39 0.0973494 -0.820841
1 39 0.108547 -0.824573
2 39 0.112279 -0.824573
0 40 -0.02209 -0.652879
1 40 -0.014625 -0.652879
2 40 -0.0108925 -0.652879
0 41 0.000304921 -0.649147
1 41 0.0077699 -0.649147
2 41 0.0115024 -0.649147
0 42 0.0189673 -0.656612
1 42 0.0264323 -0.656612
2 42 0.0301648 -0.656612
0 43 -0.0444848 -0.652879
1 43 -0.0370199 -0.652879
2 43 -0.0332874 -0.652879
0 44 0.116012 -0.832038
1 44 0.127209 -0.839503
2 44 0.130942 -0.835771
