46
0 0 -0.0385417 -0.78125
1 0 -0.06875 -0.779167
2 0 -0.0885417 -0.780208
0 1 -0.0625 -0.592708
1 1 -0.090625 -0.5875
2 1 -0.108333 -0.585417
0 2 -0.02875 -0.60875
1 2 -0.0574999 -0.60375
2 2 -0.07375 -0.6025
0 3 -0.085 -0.735
1 3 -0.11375 -0.73125
2 3 -0.135 -0.73125
0 4 0.01625 -0.65125
1 4 -0.0124999 -0.65
2 4 -0.03 -0.65125
0 5 0.0604167 -0.617708
1 5 0.03375 -0.615
2 5 0.01625 -0.615
0 6 -0.015 -0.7675
1 6 -0.0437499 -0.765
2 6 -0.065 -0.76625
0 7 -0.0385 -0.7855
1 7 -0.0669999 -0.7825
2 7 -0.088 -0.784
0 8 0.035 -0.91
1 8 0.00500005 -0.907
2 8 -0.0175 -0.9115
0 9 -0.0145 -0.7675
1 9 -0.043 -0.7645
2 9 -0.0639999 -0.766
0 10 -0.0279999 -0.613
1 10 -0.055 -0.6085
2 10 -0.0715 -0.607
0 11 0.0155001 -0.6445
1 11 -0.013 -0.643
2 11 -0.0309999 -0.643
0 12 -0.085 -0.736
1 12 -0.1135 -0.7315
2 12 -0.1345 -0.7315
0 13 -0.0835 -0.751
1 13 -0.1135 -0.7465
2 13 -0.1345 -0.7465
0 14 0.0332001 -0.9136
1 14 0.0026001 -0.9118
2 14 -0.0189999 -0.9154
0 15 0.0335 -0.91
1 15 0.00440013 -0.9082
2 15 -0.0171999 -0.9118
0 16 -0.0837999 -0.7498
1 16 -0.1126 -0.7462
2 16 -0.1342 -0.7462
0 17 -0.00279992 -0.6022
1 17 -0.0297999 -0.5986
2 17 -0.0477999 -0.5968
0 18 -0.0207999 -0.7732
1 18 -0.0495999 -0.7714
2 18 -0.0711999 -0.7732
0 19 -0.0215199 -0.7732
1 19 -0.0517598 -0.77104
2 19 -0.0733599 -0.7732
0 20 -0.11008 -0.91576
1 20 -0.1432 -0.9136
2 20 -0.16624 -0.91576
0 21 0.0735202 -0.9136
1 21 0.0432802 -0.91144
2 21 0.0216801 -0.91576
0 22 0.0130402 -0.69328
1 22 -0.0150399 -0.69112
2 22 -0.0344798 -0.69328
0 23 -0.14896 -0.67384
1 23 -0.1792 -0.66952
2 23 -0.2008 -0.66736
0 24 -0.15328 -0.67168
1 24 -0.18352 -0.66736
2 24 -0.20512 -0.6652
0 25 -0.0344798 -0.72352
1 25 -0.0647199 -0.72136
2 25 -0.0841599 -0.72136
0 26 -0.0474399 -0.72352
1 26 -0.0776799 -0.72136
2 26 -0.0971199 -0.72136
0 27 0.0108802 -0.69976
1 27 -0.0171998 -0.6976
2 27 -0.0366398 -0.69976
0 28 -0.0474399 -0.75808
1 28 -0.0755199 -0.75592
2 28 -0.0971199 -0.75592
0 29 0.0152002 -0.6868
1 29 -0.0128799 -0.68464
2 29 -0.0301599 -0.6868
0 30 -0.11872 -0.92008
1 30 -0.14896 -0.91792
2 30 -0.17488 -0.92008
0 31 -0.149824 -0.673408
1 31 -0.178336 -0.670816
2 31 -0.199072 -0.668224
0 32 -0.0461438 -0.725248
1 32 -0.0772478 -0.720064
2 32 -0.0953918 -0.720064
0 33 0.0160643 -0.761536
1 33 -0.0124477 -0.758944
2 33 -0.0331838 -0.761536
0 34 -0.160192 -0.919648
1 34 -0.191296 -0.917056
2 34 -0.217216 -0.919648
0 35 0.0139907 -0.68585
1 35 -0.0140029 -0.682739
2 35 -0.0326653 -0.68585
0 36 0.0139907 -0.825818
1 36 -0.0140029 -0.822707
2 36 -0.0357758 -0.825818
0 37 -0.0326653 -0.657856
1 37 -0.060659 -0.654746
2 37 -0.0793214 -0.654746
0 38 0.0233219 -0.788493
1 38 -0.00778211 -0.785382
2 38 -0.0264446 -0.788493
0 39 0.0202115 -0.760499
1 39 -0.0108926 -0.757389
2 39 -0.0295549 -0.760499
0 40 -0.148994 -0.671542
1 40 -0.178854 -0.667809
2 40 -0.197517 -0.667809
0 41 -0.0668797 -0.723796
1 41 -0.0967396 -0.720064
2 41 -0.115402 -0.720064
0 42 -0.0818097 -0.817108
1 42 -0.111669 -0.813376
2 42 -0.134064 -0.813376
0 43 -0.0668797 -0.764854
1 43 -0.0967396 -0.761121
2 43 -0.115402 -0.761121
0 44 -0.0295549 -0.611822
1 44 -0.0594147 -0.604357
2 44 -0.0780772 -0.604357
0 45 0.0189673 -0.761121
1 45 -0.0108925 -0.761121
2 45 -0.0295549 -0.761121
