14
0 0 0.279167 -0.910417
1 0 0.24375 -0.905208
2 0 0.19375 -0.907292
0 1 0.27875 -0.91125
1 1 0.24375 -0.905208
2 1 0.19375 -0.9075
0 2 0.24 -0.6725
1 2 0.2 -0.66625
2 2 0.1475 -0.6675
0 3 0.2564 -0.8488
1 3 0.2204 -0.8434
2 3 0.1646 -0.8434
0 4 0.2816 -0.6652
1 4 0.242 -0.658
2 4 0.1898 -0.658
0 5 0.21824 -0.676
1 5 0.17936 -0.67168
2 5 0.12536 -0.67168
0 6 0.134 -0.72784
1 6 0.0951201 -0.72136
2 6 0.0411201 -0.72136
0 7 0.132186 -0.713843
1 7 0.0917507 -0.710733
2 7 0.0388739 -0.710733
0 8 0.132186 -0.726285
1 8 0.0948611 -0.720064
2 8 0.0388739 -0.720064
0 9 0.254114 -0.854433
1 9 0.216789 -0.850701
2 9 0.164534 -0.850701
0 10 0.216789 -0.679007
1 10 0.175732 -0.671542
2 10 0.123477 -0.671542
0 11 0.134674 -0.675274
1 11 0.093617 -0.671542
2 11 0.0413623 -0.671542
0 12 0.276509 -0.843236
1 12 0.239184 -0.835771
2 12 0.183197 -0.839503
0 13 0.145872 -0.690204
1 13 0.108547 -0.686472
2 13 0.0525597 -0.686472
