15
0 0 0.3 -0.89375
1 0 0.311458 -0.901042
2 0 0.3125 -0.910417
0 1 0.258333 -0.663542
1 1 0.269792 -0.667708
2 1 0.269792 -0.673958
0 2 0.25875 -0.66375
1 2 0.27 -0.6675
2 2 0.27 -0.675
0 3 0.3 -0.89375
1 3 0.311458 -0.901042
2 3 0.31125 -0.91
0 4 0.299 -0.8935
1 4 0.3095 -0.8995
2 4 0.311 -0.91
0 5 0.2435 -0.7975
1 5 0.2555 -0.802
2 5 0.2555 -0.811
0 6 -0.0690399 -0.86392
1 6 -0.0647199 -0.87256
2 6 -0.0733599 -0.88336
0 7 -0.0621999 -0.8668
1 7 -0.0582399 -0.87472
2 7 -0.0668798 -0.88552
0 8 -0.0690399 -0.86392
1 8 -0.0668798 -0.872992
2 8 -0.0746558 -0.88336
0 9 0.259712 -0.667187
1 9 0.272154 -0.670297
2 9 0.272154 -0.676518
0 10 0.275264 -0.84137
1 10 0.287706 -0.84759
2 10 0.287706 -0.856922
0 11 -0.589427 -0.451325
1 11 -0.608089 -0.44386
2 11 -0.634217 -0.440128
0 12 0.213056 -0.671542
1 12 0.224254 -0.675274
2 12 0.224254 -0.682739
0 13 0.153337 -0.705134
1 13 0.164534 -0.712599
2 13 0.164534 -0.716331
0 14 0.153337 -0.712599
1 14 0.164534 -0.720064
2 14 0.164534 -0.727529
