96
0 0 0.00875003 -0.72375
1 0 -0.00499999 -0.72125
2 0 -0.0166667 -0.719792
0 1 0.0729167 -0.580208
1 1 0.0572917 -0.577083
2 1 0.0458333 -0.577083
0 2 0.0322917 -0.669792
1 2 0.015625 -0.666667
2 2 0.00416667 -0.666667
0 3 0.075 -0.672917
1 3 0.0614583 -0.669792
2 3 0.0489583 -0.669792
0 4 0.0312501 -0.67
1 4 0.015 -0.66625
2 4 0.00375004 -0.66625
0 5 -0.14375 -0.68875
1 5 -0.15875 -0.6875
2 5 -0.17 -0.685
0 6 0.0787501 -0.585
1 6 0.0625001 -0.5825
2 6 0.0525 -0.5825
0 7 -0.14875 -0.69375
1 7 -0.16375 -0.6925
2 7 -0.175 -0.69
0 8 0.0500001 -0.57625
1 8 0.03375 -0.57375
2 8 0.0237501 -0.5725
0 9 0.00875003 -0.72375
1 9 -0.00499999 -0.72125
2 9 -0.01625 -0.72
0 10 0.0500001 -0.58125
1 10 0.035 -0.57875
2 10 0.0237501 -0.5775
0 11 0.0437501 -0.605
1 11 0.0275 -0.6025
2 11 0.01625 -0.6025
0 12 0.0725001 -0.58
1 12 0.0575 -0.5775
2 12 0.04625 -0.57625
0 13 -0.14625 -0.71875
1 13 -0.16 -0.7175
2 13 -0.1725 -0.715
0 14 -0.0199999 -0.64375
1 14 -0.035 -0.64125
2 14 -0.04625 -0.64
0 15 0.077 -0.586
1 15 0.062 -0.583
2 15 0.0500001 -0.583
0 16 -0.1705 -0.7135
1 16 -0.184 -0.712
2 16 -0.196 -0.7105
0 17 -0.1465 -0.718
1 17 -0.1615 -0.7165
2 17 -0.1735 -0.715
0 18 0.00950006 -0.724
1 18 -0.00549997 -0.721
2 18 -0.016 -0.7195
0 19 0.236 -0.2995
1 19 0.221 -0.295
2 19 0.2165 -0.295
0 20 -0.145 -0.6895
1 20 -0.16 -0.688
2 20 -0.1705 -0.685
0 21 -0.5446 -0.5716
1 21 -0.56584 -0.57016
2 21 -0.58 -0.562
0 22 0.075 -0.6725
1 22 0.059 -0.67
2 22 0.0470001 -0.6685
0 23 0.0725001 -0.58
1 23 0.0575 -0.577
2 23 0.0470001 -0.577
0 24 -0.1675 -0.691
1 24 -0.1825 -0.691
2 24 -0.1945 -0.688
0 25 -0.139 -0.694
1 25 -0.154 -0.694
2 25 -0.166 -0.691
0 26 -0.1702 -0.712
1 26 -0.1846 -0.712
2 26 -0.1972 -0.7102
0 27 -0.1702 -0.6976
1 27 -0.1846 -0.6958
2 27 -0.1972 -0.694
0 28 -0.154 -0.6922
1 28 -0.1702 -0.6904
2 28 -0.181 -0.6886
0 29 -0.145 -0.6904
1 29 -0.1594 -0.6886
2 29 -0.1702 -0.685
0 30 0.2348 -0.2998
1 30 0.2204 -0.2944
2 30 0.215 -0.2944
0 31 -0.1648 -0.2998
1 31 -0.1828 -0.2962
2 31 -0.19 -0.2908
0 32 0.0728001 -0.5806
1 32 0.0584001 -0.577
2 32 0.0476001 -0.577
0 33 0.0350001 -0.5788
1 33 0.0188001 -0.5752
2 33 0.00800012 -0.5752
0 34 0.00980008 -0.7246
1 34 -0.00459989 -0.721
2 34 -0.0171999 -0.721
0 35 0.0188001 -0.5914
1 35 0.00440013 -0.5896
2 35 -0.00639992 -0.5878
0 36 0.0728001 -0.6724
1 36 0.0584001 -0.6688
2 36 0.0476001 -0.6688
0 37 -0.1684 -0.6922
1 37 -0.1828 -0.6904
2 37 -0.1954 -0.6886
0 38 0.0782001 -0.6688
1 38 0.0638001 -0.6652
2 38 0.0512001 -0.6652
0 39 0.0314001 -0.6688
1 39 0.0152001 -0.667
2 39 0.0026001 -0.6652
0 40 -0.5446 -0.5716
1 40 -0.5662 -0.5716
2 40 -0.5806 -0.5626
0 41 -0.14032 -0.69544
1 41 -0.15328 -0.69328
2 41 -0.16624 -0.69112
0 42 -0.1684 -0.69112
1 42 -0.18352 -0.69112
2 42 -0.19432 -0.68896
0 43 -0.15112 -0.68896
1 43 -0.16624 -0.68896
2 43 -0.17704 -0.6868
0 44 -0.14464 -0.68896
1 44 -0.15976 -0.68896
2 44 -0.17056 -0.6868
0 45 -0.14896 -0.70192
1 45 -0.16192 -0.69976
2 45 -0.17488 -0.6976
0 46 0.0346401 -0.57664
1 46 0.0195201 -0.57448
2 46 0.00872014 -0.57448
0 47 0.0735202 -0.58096
1 47 0.0584002 -0.57664
2 47 0.0476002 -0.57664
0 48 0.0735202 -0.67384
1 48 0.0584002 -0.66952
2 48 0.0476002 -0.66952
0 49 0.0173601 -0.67168
1 49 0.00224012 -0.66952
2 49 -0.00855986 -0.66736
0 50 -0.5446 -0.5716
1 50 -0.56584 -0.57016
2 50 -0.58096 -0.56152
0 51 0.0584002 -0.58096
1 51 0.0432802 -0.5788
2 51 0.0324802 -0.5788
0 52 0.23552 -0.30016
1 52 0.2204 -0.29368
2 52 0.21608 -0.29368
0 53 0.0108802 -0.725248
1 53 -0.00423985 -0.72136
2 53 -0.0171998 -0.72136
0 54 0.0195201 -0.60472
1 54 0.00440013 -0.60256
2 54 -0.00639985 -0.6004
0 55 0.0195201 -0.5896
1 55 0.00440013 -0.5896
2 55 -0.00639985 -0.58744
0 56 0.0108802 -0.730432
1 56 -0.00467173 -0.72784
2 56 -0.0171998 -0.72784
0 57 0.0108802 -0.730432
1 57 -0.00467173 -0.72784
2 57 -0.0150398 -0.72784
0 58 0.0186562 -0.590464
1 58 0.00310421 -0.587872
2 58 -0.00726376 -0.587872
0 59 0.0108802 -0.725248
1 59 -0.00207977 -0.720064
2 59 -0.0150398 -0.720064
0 60 0.119744 -0.720064
1 60 0.106784 -0.720064
2 60 0.0938243 -0.720064
0 61 -0.173152 -0.717472
1 61 -0.186112 -0.717472
2 61 -0.199072 -0.71488
0 62 0.0186562 -0.606016
1 62 0.00310421 -0.603424
2 62 -0.00726376 -0.603424
0 63 -0.162784 -0.30016
1 63 -0.180928 -0.294976
2 63 -0.188704 -0.292384
0 64 -0.147232 -0.717472
1 64 -0.162784 -0.717472
2 64 -0.173152 -0.71488
0 65 0.23552 -0.30016
1 65 0.220832 -0.294976
2 65 0.215648 -0.294976
0 66 0.0756803 -0.580096
1 66 0.0601283 -0.577504
2 66 0.0497602 -0.577504
0 67 0.0368003 -0.577504
1 67 0.0186562 -0.574912
2 67 0.00828826 -0.574912
0 68 -0.160192 -0.694144
1 68 -0.175744 -0.691552
2 68 -0.186112 -0.68896
0 69 0.0171011 -0.673408
1 69 0.00154908 -0.670297
2 69 -0.00985578 -0.670816
0 70 0.0419842 -0.569728
1 70 0.0264322 -0.567136
2 70 0.0160643 -0.567136
0 71 0.0730882 -0.673408
1 71 0.0575363 -0.670816
2 71 0.0471682 -0.670816
0 72 0.0171011 -0.673408
1 72 0.00154908 -0.670297
2 72 -0.0108926 -0.670297
0 73 0.231719 -0.30016
1 73 0.219277 -0.293939
2 73 0.213056 -0.293939
0 74 0.0761987 -0.580096
1 74 0.0606467 -0.576985
2 74 0.0482051 -0.576985
0 75 0.0730883 -0.673408
1 75 0.0575363 -0.670297
2 75 0.0450947 -0.670297
0 76 -0.163924 -0.302026
1 76 -0.181965 -0.293939
2 76 -0.188185 -0.290829
0 77 0.0886403 -0.676518
1 77 0.0730883 -0.673408
2 77 0.0637571 -0.673408
0 78 -0.554176 -0.743392
1 78 -0.576985 -0.744947
2 78 -0.592537 -0.738726
0 79 0.0202115 -0.586317
1 79 0.00465946 -0.583206
2 79 -0.00778211 -0.586317
0 80 0.0233219 -0.598758
1 80 0.0077699 -0.595648
2 80 -0.00467173 -0.595648
0 81 0.0419843 -0.567654
1 81 0.0233219 -0.564544
2 81 0.0139907 -0.564544
0 82 -0.148994 -0.720064
1 82 -0.163924 -0.716331
2 82 -0.175122 -0.716331
0 83 0.0749546 -0.589427
1 83 0.0562922 -0.585695
2 83 0.0488272 -0.585695
0 84 -0.148994 -0.701402
1 84 -0.163924 -0.701402
2 84 -0.175122 -0.697669
0 85 0.0115024 -0.731261
1 85 -0.00342757 -0.727529
2 85 -0.014625 -0.727529
0 86 0.0189673 -0.675274
1 86 0.00403741 -0.671542
2 86 -0.00716 -0.671542
0 87 -0.163924 -0.302026
1 87 -0.182587 -0.294561
2 87 -0.190052 -0.290829
0 88 0.231719 -0.30016
1 88 0.216789 -0.294561
2 88 0.213056 -0.294561
0 89 0.0712221 -0.675274
1 89 0.0562922 -0.671542
2 89 0.0450947 -0.671542
0 90 -0.160192 -0.720064
1 90 -0.175122 -0.720064
2 90 -0.186319 -0.716331
0 91 0.0413623 -0.570765
1 91 0.0264323 -0.567032
2 91 0.0152349 -0.567032
0 92 -0.171389 -0.705134
1 92 -0.186319 -0.705134
2 92 -0.197517 -0.701402
0 93 -0.0108925 -0.720064
1 93 -0.0258224 -0.716331
2 93 -0.0370199 -0.716331
0 94 -0.02209 -0.652879
1 94 -0.0370199 -0.649147
2 94 -0.0482173 -0.649147
0 95 -0.555835 -0.742459
1 95 -0.576985 -0.744947
2 95 -0.59316 -0.738726
