96
0 0 -0.0895833 -0.598958
1 0 -0.090625 -0.601042
2 0 -0.0916667 -0.602083
0 1 -0.3325 -0.70875
1 1 -0.33375 -0.71
2 1 -0.3375 -0.7125
0 2 0.01625 -0.425
1 2 0.01625 -0.425
2 2 0.01625 -0.42625
0 3 -0.0975 -0.56875
1 3 -0.0975 -0.57
2 3 -0.09875 -0.57125
0 4 -0.0574999 -0.56875
1 4 -0.0574999 -0.57
2 4 -0.05875 -0.57125
0 5 -0.0562499 -0.57375
1 5 -0.0562499 -0.575
2 5 -0.0574999 -0.57625
0 6 -0.0812499 -0.565
1 6 -0.0824999 -0.56625
2 6 -0.08375 -0.5675
0 7 -0.305 -0.74125
1 7 -0.30625 -0.74375
2 7 -0.31125 -0.74625
0 8 -0.12 -0.72875
1 8 -0.1198 -0.7318
2 8 -0.12375 -0.735
0 9 -0.097 -0.568
1 9 -0.097 -0.5695
2 9 -0.0984999 -0.571
0 10 -0.0565 -0.574
1 10 -0.0565 -0.5755
2 10 -0.058 -0.577
0 11 -0.088 -0.568
1 11 -0.088 -0.5695
2 11 -0.0895 -0.571
0 12 -0.3025 -0.7135
1 12 -0.304 -0.715
2 12 -0.3085 -0.718
0 13 -0.31 -0.7105
1 13 -0.3115 -0.712
2 13 -0.3145 -0.715
0 14 -0.1015 -0.664
1 14 -0.1015 -0.6655
2 14 -0.103 -0.667
0 15 -0.0535 -0.6595
1 15 -0.0535 -0.661
2 15 -0.055 -0.6625
0 16 -0.12 -0.72875
1 16 -0.12 -0.73
2 16 -0.121 -0.7315
0 17 0.01625 -0.425
1 17 0.01625 -0.425
2 17 0.0155001 -0.4255
0 18 -0.3415 -0.742
1 18 -0.3445 -0.7435
2 18 -0.3475 -0.7465
0 19 -0.12 -0.72875
1 19 -0.1198 -0.7318
2 19 -0.124 -0.736
0 20 -0.094 -0.5755
1 20 -0.094 -0.577
2 20 -0.0955 -0.5785
0 21 -0.3322 -0.7084
1 21 -0.334 -0.7102
2 21 -0.3394 -0.7138
0 22 -0.0495999 -0.6508
1 22 -0.0495999 -0.6526
2 22 -0.0513999 -0.6544
0 23 -0.0567999 -0.667
1 23 -0.0567999 -0.667
2 23 -0.0585999 -0.6688
0 24 -0.1015 -0.664
1 24 -0.1018 -0.6652
2 24 -0.1018 -0.667
0 25 -0.121 -0.7285
1 25 -0.121 -0.73
2 25 -0.1198 -0.7318
0 26 -0.3124 -0.7048
1 26 -0.3142 -0.7066
2 26 -0.3178 -0.7102
0 27 -0.0693999 -0.5716
1 27 -0.0711999 -0.5716
2 27 -0.0711999 -0.5734
0 28 -0.3358 -0.7354
1 28 -0.3376 -0.7372
2 28 -0.3412 -0.7408
0 29 -0.1144 -0.5842
1 29 -0.1144 -0.5842
2 29 -0.1162 -0.586
0 30 0.0152001 -0.424
1 30 0.0152001 -0.424
2 30 0.0152001 -0.4258
0 31 -0.1558 -0.64
1 31 -0.1576 -0.6418
2 31 -0.1594 -0.6436
0 32 -0.10792 -0.66304
1 32 -0.10792 -0.6652
2 32 -0.11008 -0.66736
0 33 -0.1144 -0.58312
1 33 -0.1144 -0.58312
2 33 -0.11656 -0.58528
0 34 -0.31096 -0.70624
1 34 -0.31312 -0.70624
2 34 -0.31744 -0.71056
0 35 -0.33256 -0.7084
1 35 -0.33472 -0.71056
2 35 -0.33904 -0.71272
0 36 -0.3088 -0.71272
1 36 -0.3088 -0.71488
2 36 -0.31312 -0.71704
0 37 -0.0927999 -0.57664
1 37 -0.0949599 -0.57664
2 37 -0.0949599 -0.5788
0 38 -0.1144 -0.59608
1 38 -0.1144 -0.59824
2 38 -0.11656 -0.59824
0 39 -0.0560799 -0.6652
1 39 -0.0582399 -0.66736
2 39 -0.0582399 -0.66952
0 40 -0.34552 -0.71056
1 40 -0.34768 -0.71272
2 40 -0.352 -0.71704
0 41 -0.30664 -0.73216
1 41 -0.3088 -0.73432
2 41 -0.31312 -0.73648
0 42 -0.33256 -0.7408
1 42 -0.33472 -0.74296
2 42 -0.33904 -0.74728
0 43 -0.30664 -0.7408
1 43 -0.3088 -0.74296
2 43 -0.31312 -0.74512
0 44 -0.3412 -0.7084
1 44 -0.34336 -0.71056
2 44 -0.34768 -0.71272
0 45 -0.10144 -0.66304
1 45 -0.10144 -0.6652
2 45 -0.1036 -0.66736
0 46 0.0152002 -0.42328
1 46 0.0152002 -0.42328
2 46 0.0152002 -0.42544
0 47 -0.110944 -0.587872
1 47 -0.110944 -0.590464
2 47 -0.113536 -0.593056
0 48 -0.297568 -0.712288
1 48 -0.30016 -0.71488
2 48 -0.302752 -0.717472
0 49 -0.305344 -0.733024
1 49 -0.307936 -0.735616
2 49 -0.310528 -0.738208
0 50 -0.307936 -0.7408
1 50 -0.307936 -0.743392
2 50 -0.31312 -0.745984
0 51 -0.333856 -0.7408
1 51 -0.336448 -0.743392
2 51 -0.33904 -0.745984
0 52 -0.307936 -0.704512
1 52 -0.305344 -0.707104
2 52 -0.310528 -0.709696
0 53 -0.323488 -0.712288
1 53 -0.32608 -0.71488
2 53 -0.328672 -0.717472
0 54 -0.344224 -0.712288
1 54 -0.346816 -0.71488
2 54 -0.352 -0.717472
0 55 -0.336448 -0.717472
1 55 -0.33904 -0.720064
2 55 -0.341632 -0.722656
0 56 -0.113536 -0.668224
1 56 -0.113536 -0.670816
2 56 -0.116128 -0.670816
0 57 -0.30016 -0.725248
1 57 -0.302752 -0.72784
2 57 -0.305344 -0.730432
0 58 -0.310528 -0.720064
1 58 -0.310528 -0.722656
2 58 -0.315712 -0.725248
0 59 -0.0565118 -0.569728
1 59 -0.0539198 -0.569728
2 59 -0.0565118 -0.57232
0 60 -0.113536 -0.59824
1 60 -0.113536 -0.59824
2 60 -0.116128 -0.600832
0 61 -0.10576 -0.66304
1 61 -0.10576 -0.66304
2 61 -0.108352 -0.665632
0 62 -0.0979838 -0.567136
1 62 -0.0979838 -0.567136
2 62 -0.0979838 -0.569728
0 63 -0.11872 -0.730432
1 63 -0.116128 -0.730432
2 63 -0.11872 -0.733024
0 64 -0.100576 -0.66304
1 64 -0.10144 -0.6652
2 64 -0.103168 -0.665632
0 65 -0.113536 -0.582688
1 65 -0.113536 -0.582688
2 65 -0.116128 -0.58528
0 66 -0.0720638 -0.569728
1 66 -0.0720638 -0.57232
2 66 -0.0720638 -0.57232
0 67 -0.0591038 -0.590464
1 67 -0.0591038 -0.590464
2 67 -0.0591038 -0.593056
0 68 0.1772 -0.22888
1 68 0.181952 -0.227584
2 68 0.187136 -0.227584
0 69 -0.0357758 -0.66304
1 69 -0.0357758 -0.665632
2 69 -0.0357758 -0.668224
0 70 -0.152416 -0.631936
1 70 -0.152416 -0.634528
2 70 -0.155008 -0.634528
0 71 -0.30016 -0.707622
1 71 -0.30016 -0.71488
2 71 -0.30327 -0.716954
0 72 -0.30327 -0.732506
1 72 -0.306381 -0.735616
2 72 -0.309491 -0.738726
0 73 -0.309491 -0.738726
1 73 -0.309491 -0.741837
2 73 -0.315712 -0.744947
0 74 -0.321933 -0.735616
1 74 -0.321933 -0.738726
2 74 -0.328153 -0.741837
0 75 -0.0575485 -0.667187
1 75 -0.060659 -0.667187
2 75 -0.060659 -0.670297
0 76 -0.309491 -0.704512
1 76 -0.315712 -0.707622
2 76 -0.318822 -0.710733
0 77 -0.325043 -0.710733
1 77 -0.325043 -0.710733
2 77 -0.331264 -0.713843
0 78 -0.11872 -0.738208
1 78 -0.119757 -0.738726
2 78 -0.119757 -0.741837
0 79 0.175732 -0.22551
1 79 0.178842 -0.22551
2 79 0.185063 -0.22551
0 80 -0.110425 -0.589427
1 80 -0.110425 -0.589427
2 80 -0.113536 -0.592537
0 81 -0.00156136 -0.720064
1 81 -0.00156136 -0.720064
2 81 -0.00156136 -0.726285
0 82 -0.320688 -0.738726
1 82 -0.324421 -0.742459
2 82 -0.328153 -0.746191
0 83 -0.335618 -0.723796
1 83 -0.339351 -0.723796
2 83 -0.343083 -0.727529
0 84 -0.0967396 -0.667809
1 84 -0.0967396 -0.667809
2 84 -0.0967396 -0.671542
0 85 -0.305759 -0.708866
1 85 -0.305759 -0.708866
2 85 -0.309491 -0.712599
0 86 -0.0892746 -0.585695
1 86 -0.0892746 -0.57823
2 86 -0.0930071 -0.581962
0 87 -0.0370199 -0.664077
1 87 -0.0370199 -0.664077
2 87 -0.0370199 -0.667809
0 88 -0.0594147 -0.57823
1 88 -0.0631472 -0.57823
2 88 -0.0631472 -0.581962
0 89 -0.335618 -0.742459
1 89 -0.335618 -0.742459
2 89 -0.339351 -0.746191
0 90 -0.353037 -0.231731
1 90 -0.354281 -0.231109
2 90 -0.358013 -0.231109
0 91 -0.119134 -0.738726
1 91 -0.119134 -0.738726
2 91 -0.119134 -0.742459
0 92 -0.0930071 -0.559567
1 92 -0.0930071 -0.559567
2 92 -0.0930071 -0.559567
0 93 -0.111669 -0.589427
1 93 -0.111669 -0.59316
2 93 -0.111669 -0.59316
0 94 0.175732 -0.227376
1 94 0.179464 -0.227376
2 94 0.183197 -0.227376
0 95 -0.156459 -0.649147
1 95 -0.160192 -0.652879
2 95 -0.160192 -0.652879
