136
0 0 0.325 -0.748958
1 0 0.325 -0.751042
2 0 0.323958 -0.75
0 1 -0.225 -0.703125
1 1 -0.226042 -0.704167
2 1 -0.228125 -0.703125
0 2 0.194792 -0.760417
1 2 0.19375 -0.7625
2 2 0.192708 -0.761458
0 3 -0.225 -0.719792
1 3 -0.226042 -0.721875
2 3 -0.228125 -0.719792
0 4 -0.053125 -0.71875
1 4 -0.055 -0.72125
2 4 -0.05625 -0.719792
0 5 0.0552083 -0.451042
1 5 0.0541667 -0.453125
2 5 0.0541667 -0.452083
0 6 -0.207292 -0.701042
1 6 -0.209375 -0.702083
2 6 -0.210417 -0.701042
0 7 0.123958 -0.31875
1 7 0.123958 -0.320833
2 7 0.123958 -0.320833
0 8 0.0114583 -0.597917
1 8 0.0104167 -0.6
2 8 0.009375 -0.6
0 9 -0.203125 -0.7
1 9 -0.204167 -0.701042
2 9 -0.20625 -0.7
0 10 0.01875 -0.571875
1 10 0.0177083 -0.573958
2 10 0.0166667 -0.573958
0 11 0.505 -0.6425
1 11 0.505208 -0.64375
2 11 0.50625 -0.641667
0 12 -0.105 -0.4575
1 12 -0.10625 -0.459375
2 12 -0.107292 -0.458333
0 13 0.221875 -0.766667
1 13 0.220833 -0.76875
2 13 0.219792 -0.767708
0 14 -0.225 -0.70375
1 14 -0.22625 -0.705
2 14 -0.22875 -0.70375
0 15 0.0187501 -0.5725
1 15 0.0175001 -0.575
2 15 0.01625 -0.575
0 16 -0.0187499 -0.57375
1 16 -0.0199999 -0.57625
2 16 -0.02125 -0.575
0 17 -0.04125 -0.57625
1 17 -0.0425 -0.57875
2 17 -0.0437499 -0.5775
0 18 -0.0175 -0.57875
1 18 -0.0187499 -0.58125
2 18 -0.0199999 -0.58
0 19 0.0125001 -0.58125
1 19 0.0112501 -0.58375
2 19 0.01 -0.5825
0 20 -0.2025 -0.7
1 20 -0.205 -0.70125
2 20 -0.20625 -0.7
0 21 -0.2225 -0.69875
1 21 -0.225 -0.7
2 21 -0.22625 -0.69875
0 22 0.12375 -0.31875
1 22 0.12375 -0.32125
2 22 0.12375 -0.32125
0 23 0.35 -0.82625
1 23 0.35 -0.82875
2 23 0.34875 -0.8275
0 24 -0.02125 -0.6
1 24 -0.0225 -0.60125
2 24 -0.02375 -0.60125
0 25 0.00875003 -0.60125
1 25 0.00750001 -0.60375
2 25 0.00625006 -0.60375
0 26 0.31875 -0.8075
1 26 0.31875 -0.81
2 26 0.3175 -0.80875
0 27 -0.2025 -0.72375
1 27 -0.205 -0.725
2 27 -0.20625 -0.72375
0 28 -0.0312499 -0.665
1 28 -0.0324999 -0.6675
2 28 -0.03375 -0.66625
0 29 -0.105 -0.4575
1 29 -0.10625 -0.45875
2 29 -0.1075 -0.4575
0 30 -0.225 -0.72
1 30 -0.22625 -0.72125
2 30 -0.22875 -0.72
0 31 -0.05375 -0.71875
1 31 -0.055 -0.72125
2 31 -0.0562499 -0.72
0 32 -0.04625 -0.57375
1 32 -0.0475 -0.57625
2 32 -0.04875 -0.575
0 33 -0.105208 -0.458333
1 33 -0.106 -0.4585
2 33 -0.1075 -0.4585
0 34 -0.2035 -0.724
1 34 -0.205 -0.724
2 34 -0.2065 -0.724
0 35 -0.0535 -0.7195
1 35 -0.055 -0.721
2 35 -0.0565 -0.721
0 36 -0.54 -0.62
1 36 -0.5425 -0.62
2 36 -0.5455 -0.6175
0 37 -0.205 -0.7165
1 37 -0.2065 -0.718
2 37 -0.208 -0.7165
0 38 -0.199 -0.6985
1 38 -0.2005 -0.7
2 38 -0.202 -0.6985
0 39 -0.202 -0.7135
1 39 -0.2035 -0.715
2 39 -0.205 -0.7135
0 40 -0.2065 -0.709
1 40 -0.208 -0.7105
2 40 -0.2095 -0.709
0 41 -0.205 -0.6955
1 41 -0.2065 -0.697
2 41 -0.208 -0.6955
0 42 -0.208 -0.7015
1 42 -0.2095 -0.703
2 42 -0.211 -0.7015
0 43 -0.202 -0.7015
1 43 -0.2035 -0.703
2 43 -0.205 -0.7015
0 44 -0.229 -0.7015
1 44 -0.2305 -0.7015
2 44 -0.232 -0.7
0 45 -0.0475 -0.5905
1 45 -0.049 -0.5935
2 45 -0.0505 -0.592
0 46 0.599 -0.6505
1 46 0.6005 -0.652
2 46 0.6035 -0.649
0 47 -0.202 -0.697
1 47 -0.2035 -0.697
2 47 -0.205 -0.6955
0 48 -0.0234999 -0.583
1 48 -0.0249999 -0.5845
2 48 -0.0264999 -0.5845
0 49 -0.0865 -0.643
1 49 -0.0865 -0.6445
2 49 -0.0895 -0.6445
0 50 -0.0175 -0.5785
1 50 -0.019 -0.5815
2 50 -0.0205 -0.58
0 51 -0.235 -0.334
1 51 -0.2365 -0.334
2 51 -0.2365 -0.3325
0 52 0.1232 -0.3178
1 52 0.1235 -0.3205
2 52 0.1235 -0.3205
0 53 -0.0175 -0.574
1 53 -0.019 -0.577
2 53 -0.0205 -0.5755
0 54 -0.1975 -0.7015
1 54 -0.199 -0.703
2 54 -0.2005 -0.7015
0 55 0.00800006 -0.6025
1 55 0.00650005 -0.604
2 55 0.00500005 -0.604
0 56 -0.226 -0.7045
1 56 -0.2275 -0.706
2 56 -0.229 -0.7045
0 57 0.0545001 -0.451
1 57 0.0530001 -0.4525
2 57 0.0530001 -0.4525
0 58 -0.199 -0.712
1 58 -0.2008 -0.7138
2 58 -0.2026 -0.712
0 59 -0.2026 -0.7174
1 59 -0.2044 -0.7192
2 59 -0.2062 -0.7174
0 60 -0.2206 -0.7012
1 60 -0.2224 -0.703
2 60 -0.2242 -0.7012
0 61 -0.1972 -0.7012
1 61 -0.199 -0.703
2 61 -0.2008 -0.7012
0 62 -0.2116 -0.6976
1 62 -0.2134 -0.6994
2 62 -0.2152 -0.6994
0 63 -0.0423999 -0.5968
1 63 -0.0441999 -0.5986
2 63 -0.0459999 -0.5986
0 64 -0.208 -0.6958
1 64 -0.2098 -0.6976
2 64 -0.2116 -0.6958
0 65 -0.2206 -0.7228
1 65 -0.2224 -0.7246
2 65 -0.2242 -0.7228
0 66 0.0134001 -0.6598
1 66 0.0116001 -0.6634
2 66 0.00980008 -0.6616
0 67 -0.0531999 -0.721
1 67 -0.0549999 -0.7228
2 67 -0.0567999 -0.721
0 68 0.5048 -0.6436
1 68 0.5048 -0.6454
2 68 0.5066 -0.6436
0 69 -0.5446 -0.6256
1 69 -0.547 -0.625
2 69 -0.55 -0.622
0 70 -0.5395 -0.6205
1 70 -0.5428 -0.6202
2 70 -0.5446 -0.6166
0 71 0.1232 -0.3178
1 71 0.1214 -0.3214
2 71 0.1232 -0.3196
0 72 -0.235 -0.334
1 72 -0.2368 -0.334
2 72 -0.2368 -0.3322
0 73 0.00440013 -0.577
1 73 0.0026001 -0.5788
2 73 0.000800069 -0.5788
0 74 0.5984 -0.649
1 74 0.6002 -0.6508
2 74 0.602 -0.649
0 75 0.5282 -0.7714
1 75 0.53 -0.7732
2 75 0.53 -0.7714
0 76 -0.5446 -0.6256
1 76 -0.54856 -0.62632
2 76 -0.55072 -0.62416
0 77 0.28736 -0.8272
1 77 0.2852 -0.82936
2 77 0.28304 -0.8272
0 78 0.0152002 -0.66088
1 78 0.0130402 -0.66304
2 78 0.0108802 -0.66304
0 79 -0.0387999 -0.66304
1 79 -0.0387999 -0.6652
2 79 -0.0409599 -0.6652
0 80 0.0108802 -0.6652
1 80 0.00872014 -0.66736
2 80 0.00656013 -0.66736
0 81 0.0260002 -0.6544
1 81 0.0238401 -0.65656
2 81 0.0216801 -0.65656
0 82 -0.0474399 -0.60256
1 82 -0.0474399 -0.60472
2 82 -0.0495998 -0.60472
0 83 -0.20296 -0.6976
1 83 -0.2008 -0.69976
2 83 -0.20512 -0.6976
0 84 -0.20728 -0.6976
1 84 -0.20944 -0.6976
2 84 -0.2116 -0.6976
0 85 -0.19648 -0.70192
1 85 -0.19864 -0.70408
2 85 -0.2008 -0.70192
0 86 -0.2008 -0.71704
1 86 -0.20296 -0.7192
2 86 -0.20512 -0.71704
0 87 -0.0517598 -0.72136
1 87 -0.0539199 -0.72352
2 87 -0.0560799 -0.72136
0 88 -0.20296 -0.72352
1 88 -0.20512 -0.72352
2 88 -0.20728 -0.72352
0 89 -0.23536 -0.33256
1 89 -0.23536 -0.33256
2 89 -0.23752 -0.33256
0 90 0.0540801 -0.71272
1 90 0.0519201 -0.71488
2 90 0.0497601 -0.71488
0 91 0.0108802 -0.58312
1 91 0.00872014 -0.58312
2 91 0.00872014 -0.58312
0 92 0.52928 -0.77104
1 92 0.52928 -0.7732
2 92 0.53144 -0.77104
0 93 0.1232 -0.3178
1 93 0.1232 -0.3196
2 93 0.1232 -0.31744
0 94 -0.0452799 -0.57664
1 94 -0.0452799 -0.5788
2 94 -0.0474399 -0.5788
0 95 0.00440013 -0.57664
1 95 0.00440013 -0.5788
2 95 0.00224012 -0.5788
0 96 0.28304 -0.821152
1 96 0.28304 -0.823744
2 96 0.28304 -0.823744
0 97 -0.0461438 -0.603424
1 97 -0.0487357 -0.606016
2 97 -0.0487357 -0.606016
0 98 -0.0513278 -0.720064
1 98 -0.0539198 -0.722656
2 98 -0.0539198 -0.720064
0 99 -0.212032 -0.722656
1 99 -0.214624 -0.722656
2 99 -0.217216 -0.722656
0 100 -0.224992 -0.70192
1 100 -0.227584 -0.70192
2 100 -0.230176 -0.70192
0 101 -0.0513278 -0.72784
1 101 -0.0539199 -0.73
2 101 -0.0539198 -0.72784
0 102 0.0108802 -0.582688
1 102 0.0108802 -0.58528
2 102 0.00828826 -0.58528
0 103 -0.206848 -0.696736
1 103 -0.20944 -0.699328
2 103 -0.212032 -0.696736
0 104 -0.548992 -0.758944
1 104 -0.551584 -0.758944
2 104 -0.554176 -0.756352
0 105 -0.0228158 -0.58528
1 105 -0.0228158 -0.58528
2 105 -0.0254078 -0.58528
0 106 0.00828826 -0.574912
1 106 0.00569623 -0.577504
2 106 0.00569623 -0.577504
0 107 -0.0461438 -0.587872
1 107 -0.0487357 -0.590464
2 107 -0.0487357 -0.590464
0 108 0.122336 -0.318304
1 108 0.122336 -0.320896
2 108 0.122336 -0.320896
0 109 -0.23536 -0.333856
1 109 -0.23536 -0.333856
2 109 -0.23536 -0.331264
0 110 -0.045107 -0.595648
1 110 -0.045107 -0.598758
2 110 -0.0482173 -0.598758
0 111 -0.203737 -0.698291
1 111 -0.206848 -0.698291
2 111 -0.206848 -0.698291
0 112 0.592525 -0.657856
1 112 0.592525 -0.657856
2 112 0.595636 -0.657856
0 113 -0.22551 -0.710733
1 113 -0.228621 -0.713843
2 113 -0.228621 -0.710733
0 114 0.0077699 -0.667187
1 114 0.0077699 -0.667187
2 114 0.00465946 -0.667187
0 115 -0.206848 -0.720064
1 115 -0.206848 -0.723174
2 115 -0.209958 -0.720064
0 116 0.0077699 -0.576985
1 116 0.0077699 -0.576985
2 116 0.00465946 -0.576985
0 117 0.0108803 -0.583206
1 117 0.0077699 -0.586317
2 117 0.0077699 -0.586317
0 118 -0.0233341 -0.586317
1 118 -0.0264446 -0.586317
2 118 -0.0264446 -0.586317
0 119 -0.0482173 -0.604979
1 119 -0.0482173 -0.60809
2 119 -0.0513278 -0.60809
0 120 0.119744 -0.318822
1 120 0.119744 -0.318822
2 120 0.119744 -0.318822
0 121 -0.234841 -0.331264
1 121 -0.234841 -0.334374
2 121 -0.234841 -0.331264
0 122 -0.0444848 -0.596892
1 122 -0.0444848 -0.600625
2 122 -0.0482173 -0.600625
0 123 -0.227376 -0.712599
1 123 -0.231109 -0.716331
2 123 -0.231109 -0.712599
0 124 -0.0258224 -0.667809
1 124 -0.0295549 -0.667809
2 124 -0.0295549 -0.667809
0 125 0.119744 -0.318822
1 125 0.119744 -0.320688
2 125 0.119744 -0.320688
0 126 0.0077699 -0.667809
1 126 0.0077699 -0.667809
2 126 0.00403741 -0.667809
0 127 -0.197517 -0.705134
1 127 -0.201249 -0.705134
2 127 -0.201249 -0.705134
0 128 -0.204982 -0.723796
1 128 -0.208714 -0.723796
2 128 -0.208714 -0.723796
0 129 -0.234841 -0.331264
1 129 -0.234841 -0.334374
2 129 -0.234841 -0.331886
0 130 0.0115024 -0.574497
1 130 0.0077699 -0.57823
2 130 0.0077699 -0.57823
0 131 -0.02209 -0.589427
1 131 -0.0258224 -0.589427
2 131 -0.0258224 -0.589427
0 132 0.593769 -0.656612
1 132 0.593769 -0.660344
2 132 0.597502 -0.656612
0 133 -0.223644 -0.723796
1 133 -0.223644 -0.723796
2 133 -0.227376 -0.723796
0 134 -0.544637 -0.764854
1 134 -0.545881 -0.76361
2 134 -0.54837 -0.761121
0 135 -0.014625 -0.57823
1 135 -0.014625 -0.57823
2 135 -0.014625 -0.57823
