54
0 0 -0.103125 -0.726042
1 0 -0.108333 -0.722917
2 0 -0.105208 -0.722917
0 1 -0.140625 -0.441667
1 1 -0.148958 -0.439583
2 1 -0.15 -0.4375
0 2 -0.03375 -0.57625
1 2 -0.0425 -0.575
2 2 -0.04125 -0.57375
0 3 -0.10375 -0.72625
1 3 -0.108333 -0.722917
2 3 -0.10625 -0.7225
0 4 0.03375 -0.445
1 4 0.0275 -0.44125
2 4 0.0275 -0.4375
0 5 0.154167 -0.286458
1 5 0.1475 -0.28125
2 5 0.1475 -0.27375
0 6 -0.1405 -0.4405
1 6 -0.148958 -0.439583
2 6 -0.15 -0.4375
0 7 -0.2665 -0.6955
1 7 -0.2755 -0.6955
2 7 -0.274 -0.697
0 8 -0.034 -0.67
1 8 -0.043 -0.67
2 8 -0.04 -0.667
0 9 0.1535 -0.286
1 9 0.1475 -0.28125
2 9 0.146 -0.2725
0 10 -0.10375 -0.72625
1 10 -0.109 -0.7225
2 10 -0.106 -0.7225
0 11 -0.0805 -0.667
1 11 -0.0865 -0.6655
2 11 -0.085 -0.664
0 12 -0.2602 -0.6922
1 12 -0.2692 -0.6922
2 12 -0.2692 -0.694
0 13 -0.2638 -0.6904
1 13 -0.2728 -0.6904
2 13 -0.2728 -0.6922
0 14 -0.2674 -0.721
1 14 -0.2764 -0.721
2 14 -0.2746 -0.7246
0 15 -0.0999999 -0.7228
1 15 -0.109 -0.7246
2 15 -0.1054 -0.7228
0 16 0.1535 -0.286
1 16 0.1466 -0.28
2 16 0.1466 -0.2728
0 17 -0.2656 -0.69112
1 17 -0.27424 -0.69112
2 17 -0.27208 -0.69328
0 18 -0.0344798 -0.66952
1 18 -0.0431199 -0.66952
2 18 -0.0409599 -0.66736
0 19 -0.26776 -0.6976
1 19 -0.2764 -0.6976
2 19 -0.2764 -0.69976
0 20 -0.2656 -0.71488
1 20 -0.27424 -0.71488
2 20 -0.27424 -0.71704
0 21 -0.0992798 -0.72352
1 21 -0.10792 -0.72568
2 21 -0.10576 -0.72352
0 22 -0.0690399 -0.58312
1 22 -0.0755199 -0.58096
2 22 -0.0733599 -0.5788
0 23 -0.0733599 -0.57448
1 23 -0.0819998 -0.57232
2 23 -0.0798399 -0.57016
0 24 -0.0323199 -0.57664
1 24 -0.0409599 -0.57448
2 24 -0.0387999 -0.57232
0 25 -0.0301599 -0.6652
1 25 -0.0387999 -0.6652
2 25 -0.0366398 -0.66304
0 26 -0.10144 -0.73
1 26 -0.108352 -0.730432
2 26 -0.10576 -0.73
0 27 -0.28288 -0.27208
1 27 -0.292384 -0.271648
2 27 -0.30016 -0.269056
0 28 0.150848 -0.284608
1 28 0.145664 -0.279424
2 28 0.145664 -0.271648
0 29 -0.10144 -0.73
1 29 -0.108352 -0.730432
2 29 -0.10576 -0.730432
0 30 -0.0902078 -0.587872
1 30 -0.0979838 -0.58528
2 30 -0.0953918 -0.58528
0 31 -0.0902078 -0.603424
1 31 -0.0979838 -0.600832
2 31 -0.0953918 -0.600832
0 32 -0.0824318 -0.665632
1 32 -0.0902078 -0.66304
2 32 -0.0876158 -0.66304
0 33 -0.0357758 -0.670816
1 33 -0.0435518 -0.670816
2 33 -0.0409598 -0.668224
0 34 -0.271648 -0.691552
1 34 -0.279424 -0.691552
2 34 -0.279424 -0.694144
0 35 -0.269056 -0.720064
1 35 -0.276832 -0.720064
2 35 -0.276832 -0.722656
0 36 -0.263872 -0.71488
1 36 -0.27424 -0.71488
2 36 -0.271648 -0.717472
0 37 -0.0992798 -0.72352
1 37 -0.10576 -0.722656
2 37 -0.103168 -0.722656
0 38 -0.0948734 -0.670297
1 38 -0.101094 -0.670297
2 38 -0.0979837 -0.667187
0 39 -0.278387 -0.720064
1 39 -0.287718 -0.716954
2 39 -0.287718 -0.720064
0 40 -0.281497 -0.69207
1 40 -0.290829 -0.69207
2 40 -0.290829 -0.695181
0 41 -0.0668798 -0.583206
1 41 -0.0731005 -0.580096
2 41 -0.0731005 -0.580096
0 42 -0.0326653 -0.576985
1 42 -0.0388861 -0.573875
2 42 -0.0388861 -0.573875
0 43 -0.0388861 -0.670297
1 43 -0.045107 -0.670297
2 43 -0.0419965 -0.667187
0 44 -0.0731005 -0.573875
1 44 -0.0824317 -0.570765
2 44 -0.0793214 -0.570765
0 45 -0.281497 -0.272166
1 45 -0.293939 -0.269056
2 45 -0.30016 -0.269056
0 46 0.150848 -0.284608
1 46 0.144628 -0.278387
2 46 0.144628 -0.272166
0 47 -0.0370199 -0.671542
1 47 -0.0444848 -0.671542
2 47 -0.0407523 -0.667809
0 48 -0.0668797 -0.585695
1 48 -0.0743447 -0.585695
2 48 -0.0743447 -0.581962
0 49 -0.0370199 -0.585695
1 49 -0.0407523 -0.585695
2 49 -0.0407523 -0.581962
0 50 -0.290829 -0.720064
1 50 -0.302026 -0.720064
2 50 -0.302026 -0.723796
0 51 -0.100472 -0.731261
1 51 -0.107937 -0.731261
2 51 -0.104205 -0.731261
0 52 -0.283364 -0.272166
1 52 -0.294561 -0.272166
2 52 -0.298294 -0.268434
0 53 0.150848 -0.284608
1 53 0.142139 -0.279631
2 53 0.142139 -0.272166
