91
0 0 -0.0229167 -0.583333
1 0 -0.01875 -0.584375
2 0 -0.0197917 -0.5875
0 1 -0.0415 -0.7525
1 1 -0.03625 -0.75375
2 1 -0.0395833 -0.757292
0 2 -0.25 -0.766667
1 2 -0.247917 -0.76875
2 2 -0.253125 -0.771875
0 3 0.18 -0.44875
1 3 0.18625 -0.44875
2 3 0.18875 -0.4525
0 4 -0.00749995 -0.57875
1 4 -0.00249996 -0.58
2 4 -0.00374997 -0.5825
0 5 0.0187501 -0.5825
1 5 0.0225 -0.58375
2 5 0.02125 -0.58625
0 6 -0.0137499 -0.58125
1 6 -0.00874996 -0.5825
2 6 -0.00999997 -0.58625
0 7 0.02 -0.5875
1 7 0.0250001 -0.58875
2 7 0.0237501 -0.5925
0 8 -0.285 -0.75
1 8 -0.28375 -0.7525
2 8 -0.2875 -0.755
0 9 -0.28 -0.77375
1 9 -0.2775 -0.77625
2 9 -0.28125 -0.77875
0 10 0.0325 -0.6675
1 10 0.0375001 -0.6675
2 10 0.035 -0.67125
0 11 -0.0415 -0.7525
1 11 -0.03625 -0.75375
2 11 -0.04 -0.7575
0 12 0.0237501 -0.6825
1 12 0.02875 -0.68375
2 12 0.02625 -0.6875
0 13 -0.244 -0.7375
1 13 -0.2425 -0.7405
2 13 -0.247 -0.7435
0 14 0.023 -0.682
1 14 0.0275 -0.6835
2 14 0.026 -0.6865
0 15 -0.013 -0.5815
1 15 -0.00849997 -0.583
2 15 -0.00999997 -0.586
0 16 0.0185 -0.583
1 16 0.023 -0.583
2 16 0.0215 -0.5875
0 17 0.02 -0.5875
1 17 0.0245 -0.589
2 17 0.023 -0.592
0 18 -0.2455 -0.778
1 18 -0.244 -0.781
2 18 -0.2485 -0.784
0 19 0.0155001 -0.6145
1 19 0.02 -0.6145
2 19 0.0185 -0.619
0 20 -0.2845 -0.7495
1 20 -0.283 -0.7525
2 20 -0.2875 -0.7555
0 21 -0.04125 -0.75125
1 21 -0.037 -0.754
2 21 -0.04 -0.757
0 22 -0.1075 -0.43875
1 22 -0.103 -0.439
2 22 -0.1045 -0.4405
0 23 -0.0225999 -0.6814
1 23 -0.0189999 -0.6814
2 23 -0.0207999 -0.685
0 24 -0.0819999 -0.6598
1 24 -0.0765999 -0.6616
2 24 -0.0783999 -0.6634
0 25 -0.2746 -0.7426
1 25 -0.2728 -0.7444
2 25 -0.2782 -0.748
0 26 -0.0351999 -0.6058
1 26 -0.0297999 -0.6076
2 26 -0.0315999 -0.6112
0 27 -0.2818 -0.7498
1 27 -0.28 -0.7516
2 27 -0.2836 -0.7552
0 28 -0.0405999 -0.7534
1 28 -0.0366398 -0.75592
2 28 -0.0387999 -0.7588
0 29 -0.244 -0.7642
1 29 -0.2422 -0.766
2 29 -0.2476 -0.7696
0 30 -0.244 -0.7372
1 30 -0.2422 -0.7408
2 30 -0.2458 -0.7426
0 31 -0.1072 -0.4384
1 31 -0.103 -0.439
2 31 -0.1036 -0.4402
0 32 -0.25912 -0.7408
1 32 -0.25696 -0.74296
2 32 -0.26128 -0.74728
0 33 -0.24832 -0.76672
1 33 -0.24616 -0.77104
2 33 -0.25048 -0.7732
0 34 -0.0366398 -0.60472
1 34 -0.0301599 -0.60688
2 34 -0.0323199 -0.6112
0 35 -0.24616 -0.77752
1 35 -0.244 -0.77968
2 35 -0.24832 -0.784
0 36 -0.24616 -0.73864
1 36 -0.24184 -0.7408
2 36 -0.24616 -0.74296
0 37 -0.0366398 -0.68464
1 37 -0.0323199 -0.68464
2 37 -0.0344798 -0.68896
0 38 -0.0387999 -0.6112
1 38 -0.0344798 -0.61336
2 38 -0.0366398 -0.61552
0 39 -0.0387999 -0.59824
1 39 -0.0344798 -0.59824
2 39 -0.0366398 -0.60256
0 40 -0.28504 -0.74296
1 40 -0.28288 -0.74512
2 40 -0.2872 -0.74944
0 41 0.0195201 -0.5896
1 41 0.0238401 -0.5896
2 41 0.0216801 -0.59392
0 42 0.0303202 -0.66736
1 42 0.0346401 -0.66736
2 42 0.0324802 -0.67168
0 43 -0.0301599 -0.68032
1 43 -0.0258399 -0.68248
2 43 -0.0279999 -0.68464
0 44 -0.0409599 -0.75376
1 44 -0.0366398 -0.75592
2 44 -0.0387999 -0.75808
0 45 -0.0236799 -0.68032
1 45 -0.0193598 -0.68248
2 45 -0.0215199 -0.68464
0 46 -0.245728 -0.738208
1 46 -0.243136 -0.7408
2 46 -0.245728 -0.743392
0 47 -0.253504 -0.738208
1 47 -0.250912 -0.7408
2 47 -0.256096 -0.743392
0 48 -0.258688 -0.7408
1 48 -0.256096 -0.743392
2 48 -0.26128 -0.748576
0 49 -0.276832 -0.743392
1 49 -0.27424 -0.745984
2 49 -0.279424 -0.748576
0 50 -0.284608 -0.743392
1 50 -0.282016 -0.745984
2 50 -0.2872 -0.748576
0 51 -0.0228158 -0.580096
1 51 -0.0176318 -0.582688
2 51 -0.0202237 -0.58528
0 52 -0.245728 -0.769312
1 52 -0.243136 -0.771904
2 52 -0.24832 -0.774496
0 53 -0.289792 -0.745984
1 53 -0.2872 -0.748576
2 53 -0.292384 -0.751168
0 54 -0.0357758 -0.606016
1 54 -0.0305918 -0.606016
2 54 -0.0331838 -0.608608
0 55 -0.253504 -0.75376
1 55 -0.250912 -0.756352
2 55 -0.256096 -0.758944
0 56 -0.271648 -0.777088
1 56 -0.269056 -0.77968
2 56 -0.27424 -0.782272
0 57 -0.284608 -0.77968
1 57 -0.282016 -0.782272
2 57 -0.2872 -0.784864
0 58 -0.276832 -0.77968
1 58 -0.27424 -0.782272
2 58 -0.279424 -0.784864
0 59 -0.0409598 -0.75376
1 59 -0.0357758 -0.756352
2 59 -0.0383678 -0.758944
0 60 -0.0357758 -0.58528
1 60 -0.0305918 -0.58528
2 60 -0.0331838 -0.587872
0 61 -0.0383678 -0.613792
1 61 -0.0331838 -0.613792
2 61 -0.0357758 -0.616384
0 62 0.0212482 -0.582688
1 62 0.0264322 -0.582688
2 62 0.0238403 -0.587872
0 63 -0.0388861 -0.760499
1 63 -0.0366398 -0.75592
2 63 -0.0383678 -0.764128
0 64 -0.0279998 -0.681184
1 64 -0.0228158 -0.681184
2 64 -0.0254078 -0.683776
0 65 0.0445763 -0.678592
1 65 0.0497602 -0.681184
2 65 0.0471682 -0.683776
0 66 0.283973 -0.193784
1 66 0.293927 -0.191296
2 66 0.303258 -0.194406
0 67 -0.334374 -0.228621
1 67 -0.336448 -0.227584
2 67 -0.337485 -0.2224
0 68 -0.0388861 -0.760499
1 68 -0.0357758 -0.76361
2 68 -0.0388861 -0.76672
0 69 -0.241062 -0.760499
1 69 -0.237952 -0.76361
2 69 -0.244173 -0.76672
0 70 0.0202115 -0.583206
1 70 0.0233219 -0.583206
2 70 0.0233219 -0.586317
0 71 -0.0419965 -0.754278
1 71 -0.0357758 -0.756352
2 71 -0.0388861 -0.760499
0 72 -0.0357758 -0.604979
1 72 -0.0326653 -0.604979
2 72 -0.0326653 -0.6112
0 73 -0.265945 -0.744947
1 73 -0.262835 -0.744947
2 73 -0.269056 -0.751168
0 74 0.0202115 -0.682739
1 74 0.0233219 -0.68585
2 74 0.0233219 -0.68896
0 75 -0.272166 -0.776051
1 75 -0.269056 -0.779162
2 75 -0.275277 -0.782272
0 76 -0.247283 -0.776051
1 76 -0.247283 -0.779162
2 76 -0.250393 -0.782272
0 77 -0.253504 -0.738726
1 77 -0.250393 -0.741837
2 77 -0.256614 -0.744947
0 78 -0.244173 -0.76983
1 78 -0.241062 -0.772941
2 78 -0.247283 -0.776051
0 79 -0.262835 -0.76983
1 79 -0.259725 -0.772941
2 79 -0.265945 -0.776051
0 80 0.283973 -0.193784
1 80 0.293927 -0.191296
2 80 0.302636 -0.193784
0 81 -0.249771 -0.738726
1 81 -0.244173 -0.741837
2 81 -0.249771 -0.746191
0 82 -0.02209 -0.581962
1 82 -0.0183575 -0.581962
2 82 -0.0183575 -0.585695
0 83 0.0152349 -0.59316
1 83 0.0226998 -0.59316
2 83 0.0189673 -0.596892
0 84 -0.0183575 -0.686472
1 84 -0.014625 -0.686472
2 84 -0.014625 -0.690204
0 85 -0.0183575 -0.570765
1 85 -0.0108925 -0.574497
2 85 -0.014625 -0.57823
0 86 -0.249771 -0.776051
1 86 -0.246039 -0.779784
2 86 -0.249771 -0.783516
0 87 -0.014625 -0.59316
1 87 -0.0108925 -0.59316
2 87 -0.014625 -0.596892
0 88 -0.0370199 -0.686472
1 88 -0.0295549 -0.690204
2 88 -0.0332874 -0.693937
0 89 -0.242306 -0.768586
1 89 -0.242306 -0.772319
2 89 -0.246039 -0.776051
0 90 -0.0370199 -0.608089
1 90 -0.0332874 -0.608089
2 90 -0.0332874 -0.611822
