95
0 0 0.253125 -0.33125
1 0 0.265 -0.325
2 0 0.269792 -0.317708
0 1 0.0487501 -0.74125
1 1 0.0562501 -0.735
2 1 0.0625 -0.728125
0 2 0.414583 -0.863542
1 2 0.425 -0.860417
2 2 0.433333 -0.851042
0 3 0.0887501 -0.59625
1 3 0.0975001 -0.5925
2 3 0.10375 -0.58625
0 4 0.11125 -0.6
1 4 0.12 -0.595
2 4 0.125 -0.58875
0 5 0.0487501 -0.74125
1 5 0.0562501 -0.735
2 5 0.0625001 -0.72875
0 6 0.415 -0.86375
1 6 0.425 -0.86
2 6 0.43375 -0.85125
0 7 0.253125 -0.33125
1 7 0.265 -0.325
2 7 0.27 -0.3175
0 8 0.11625 -0.69125
1 8 0.125 -0.6875
2 8 0.13 -0.68125
0 9 -0.109 -0.7105
1 9 -0.1015 -0.7045
2 9 -0.0955 -0.6985
0 10 -0.106 -0.7255
1 10 -0.0984999 -0.7195
2 10 -0.0925 -0.7135
0 11 0.0500001 -0.739
1 11 0.056 -0.736
2 11 0.062 -0.7285
0 12 0.0890001 -0.5965
1 12 0.0980001 -0.592
2 12 0.104 -0.586
0 13 0.1115 -0.5995
1 13 0.1205 -0.595
2 13 0.125 -0.589
0 14 0.11625 -0.69125
1 14 0.1235 -0.6865
2 14 0.1295 -0.6805
0 15 0.2528 -0.3304
1 15 0.2645 -0.325
2 15 0.269 -0.3175
0 16 0.071 -0.688
1 16 0.0800001 -0.6835
2 16 0.0860001 -0.676
0 17 0.0890001 -0.601
1 17 0.0995 -0.5965
2 17 0.104 -0.5905
0 18 0.0584001 -0.6112
1 18 0.0674001 -0.6058
2 18 0.0728001 -0.6004
0 19 -0.1054 -0.7336
1 19 -0.0981999 -0.7264
2 19 -0.0909999 -0.721
0 20 0.0710002 -0.6868
1 20 0.0800001 -0.6832
2 20 0.0854001 -0.676
0 21 0.1124 -0.6004
1 21 0.1214 -0.595
2 21 0.125 -0.5896
0 22 -0.1126 -0.7084
1 22 -0.1054 -0.7012
2 22 -0.0999999 -0.6958
0 23 0.1142 -0.6922
1 23 0.1232 -0.6868
2 23 0.1286 -0.6814
0 24 0.422 -0.865
1 24 0.4346 -0.8614
2 24 0.4418 -0.8524
0 25 -0.1054 -0.712
1 25 -0.0981999 -0.7048
2 25 -0.0927999 -0.6994
0 26 -0.1054 -0.7264
1 26 -0.0981999 -0.7192
2 26 -0.0909999 -0.7138
0 27 -0.1036 -0.7048
1 27 -0.0963999 -0.6994
2 27 -0.0909999 -0.694
0 28 -0.127 -0.7138
1 28 -0.1198 -0.7066
2 28 -0.1144 -0.7012
0 29 0.2528 -0.3304
1 29 0.2636 -0.32392
2 29 0.269 -0.3178
0 30 0.0584001 -0.6238
1 30 0.0674001 -0.6184
2 30 0.0728001 -0.6112
0 31 0.0890001 -0.5968
1 31 0.0980001 -0.5932
2 31 0.1034 -0.586
0 32 -0.455 -0.6
1 32 -0.451 -0.5896
2 32 -0.451 -0.5824
0 33 0.1142 -0.6292
1 33 0.1232 -0.6256
2 33 0.1286 -0.6184
0 34 0.0584002 -0.6112
1 34 0.0670401 -0.60472
2 34 0.0735202 -0.59824
0 35 0.0497601 -0.7408
1 35 0.0562401 -0.73648
2 35 0.0627202 -0.73
0 36 -0.12952 -0.73216
1 36 -0.12304 -0.72568
2 36 -0.11656 -0.7192
0 37 0.11888 -0.60472
1 37 0.12752 -0.6004
2 37 0.134 -0.59392
0 38 0.0627202 -0.61768
1 38 0.0713601 -0.61336
2 38 0.0778402 -0.60472
0 39 -0.10576 -0.73216
1 39 -0.0992798 -0.72568
2 39 -0.0927999 -0.7192
0 40 -0.1036 -0.72784
1 40 -0.0949599 -0.72136
2 40 -0.0906399 -0.71488
0 41 0.0584002 -0.62416
1 41 0.0670401 -0.61984
2 41 0.0735202 -0.61336
0 42 -0.1252 -0.7084
1 42 -0.11872 -0.70192
2 42 -0.11224 -0.69544
0 43 0.0670401 -0.6868
1 43 0.0756802 -0.68248
2 43 0.0821602 -0.676
0 44 0.11456 -0.69112
1 44 0.1232 -0.6868
2 44 0.12968 -0.68032
0 45 0.1124 -0.6004
1 45 0.12104 -0.59608
2 45 0.12752 -0.5896
0 46 -0.45568 -0.6004
1 46 -0.45136 -0.5896
2 46 -0.45136 -0.58312
0 47 -0.1252 -0.33472
1 47 -0.1162 -0.3268
2 47 -0.11224 -0.3196
0 48 -0.46216 -0.60688
1 48 -0.45568 -0.59608
2 48 -0.45784 -0.5896
0 49 0.0994401 -0.6004
1 49 0.10808 -0.59608
2 49 0.11456 -0.5896
0 50 0.12104 -0.6868
1 50 0.12752 -0.68248
2 50 0.134 -0.676
0 51 0.2528 -0.3304
1 51 0.2636 -0.32392
2 51 0.26792 -0.31744
0 52 0.0497601 -0.7408
1 52 0.0562401 -0.73648
2 52 0.0627202 -0.730432
0 53 0.0575363 -0.68896
1 53 0.0668674 -0.682739
2 53 0.0730882 -0.678592
0 54 0.0601283 -0.608608
1 54 0.0679043 -0.606016
2 54 0.0730882 -0.59824
0 55 0.11456 -0.600832
1 55 0.122336 -0.595648
2 55 0.130112 -0.587872
0 56 -0.10576 -0.71488
1 56 -0.0979838 -0.707104
2 56 -0.0927998 -0.70192
0 57 0.11456 -0.691552
1 57 0.122336 -0.686368
2 57 0.12752 -0.681184
0 58 0.0601283 -0.62416
1 58 0.0679043 -0.618976
2 58 0.0730882 -0.613792
0 59 -0.126496 -0.733024
1 59 -0.11872 -0.725248
2 59 -0.113536 -0.720064
0 60 -0.10576 -0.733024
1 60 -0.0979838 -0.725248
2 60 -0.0927998 -0.720064
0 61 0.119744 -0.606016
1 61 0.12752 -0.603424
2 61 0.132704 -0.595648
0 62 -0.108352 -0.707104
1 62 -0.100576 -0.699328
2 62 -0.0953918 -0.694144
0 63 0.158624 -0.7408
1 63 0.1664 -0.735616
2 63 0.171584 -0.730432
0 64 0.250381 -0.328153
1 64 0.2636 -0.32392
2 64 0.267488 -0.315712
0 65 -0.123904 -0.333856
1 65 -0.116646 -0.325043
2 65 -0.110944 -0.320896
0 66 -0.554176 -0.600832
1 66 -0.552102 -0.589427
2 66 -0.551584 -0.582688
0 67 0.0575363 -0.68896
1 67 0.0668674 -0.682739
2 67 0.0730883 -0.676518
0 68 0.0824195 -0.60809
1 68 0.0917507 -0.601869
2 68 0.0979715 -0.595648
0 69 -0.116646 -0.732506
1 69 -0.110425 -0.726285
2 69 -0.104205 -0.720064
0 70 -0.107315 -0.732506
1 70 -0.101094 -0.723174
2 70 -0.0948734 -0.720064
0 71 0.421453 -0.866253
1 71 0.430784 -0.863142
2 71 0.440116 -0.853811
0 72 0.116634 -0.60809
1 72 0.125965 -0.601869
2 72 0.132186 -0.595648
0 73 0.250381 -0.328153
1 73 0.262823 -0.325043
2 73 0.265933 -0.315712
0 74 0.729383 -0.664077
1 74 0.752192 -0.655264
2 74 0.766708 -0.642304
0 75 0.0606467 -0.60809
1 75 0.0668674 -0.604979
2 75 0.0730883 -0.598758
0 76 0.0606467 -0.617421
1 76 0.0699778 -0.6112
2 76 0.0761987 -0.604979
0 77 0.0513155 -0.741837
1 77 0.0575363 -0.735616
2 77 0.0637571 -0.729395
0 78 0.405901 -0.860032
1 78 0.415232 -0.856922
2 78 0.424564 -0.84759
0 79 -0.122867 -0.335618
1 79 -0.116646 -0.325043
2 79 -0.110425 -0.318822
0 80 -0.129088 -0.720064
1 80 -0.119757 -0.710733
2 80 -0.116646 -0.707622
0 81 0.427674 -0.872474
1 81 0.437005 -0.869363
2 81 0.446336 -0.860032
0 82 0.0575363 -0.626752
1 82 0.0668674 -0.620531
2 82 0.0730883 -0.61431
0 83 -0.555213 -0.601869
1 83 -0.552102 -0.589427
2 83 -0.552102 -0.583206
0 84 0.250381 -0.328153
1 84 0.261579 -0.324421
2 84 0.265311 -0.316956
0 85 -0.122867 -0.335618
1 85 -0.115402 -0.328153
2 85 -0.111669 -0.320688
0 86 0.116012 -0.608089
1 86 0.127209 -0.604357
2 86 0.130942 -0.596892
0 87 0.42954 -0.873096
1 87 0.440738 -0.869363
2 87 0.448203 -0.861898
0 88 0.116012 -0.615554
1 88 0.127209 -0.604357
2 88 0.130942 -0.604357
0 89 0.116012 -0.600625
1 89 0.123477 -0.596892
2 89 0.130942 -0.589427
0 90 0.127209 -0.693937
1 90 0.134674 -0.690204
2 90 0.142139 -0.682739
0 91 -0.466255 -0.749924
1 91 -0.458272 -0.7408
2 91 -0.45879 -0.734994
0 92 -0.45879 -0.604357
1 92 -0.452569 -0.589427
2 92 -0.455058 -0.585695
0 93 0.0189673 -0.481185
1 93 0.0301648 -0.477453
2 93 0.0338973 -0.469988
0 94 0.160802 -0.481185
1 94 0.171999 -0.477453
2 94 0.175732 -0.469988
