54
0 0 0.14375 -0.6875
1 0 0.14125 -0.6925
2 0 0.13625 -0.6925
0 1 0.14125 -0.68125
1 1 0.13875 -0.68625
2 1 0.13375 -0.68625
0 2 0.257 -0.4615
1 2 0.2575 -0.46625
2 2 0.25625 -0.4675
0 3 -0.0475 -0.47625
1 3 -0.05 -0.480208
2 3 -0.055 -0.4775
0 4 -0.0445 -0.544
1 4 -0.0475 -0.54625
2 4 -0.05375 -0.545
0 5 -0.0475 -0.47625
1 5 -0.0505 -0.4795
2 5 -0.055 -0.4765
0 6 0.1145 -0.682
1 6 0.113 -0.6865
2 6 0.1085 -0.6865
0 7 0.1415 -0.6805
1 7 0.1385 -0.6865
2 7 0.134 -0.6865
0 8 0.0785 -0.6805
1 8 0.0755 -0.685
2 8 0.071 -0.685
0 9 -0.0445 -0.544
1 9 -0.0475 -0.547
2 9 -0.0535 -0.5455
0 10 0.257 -0.4615
1 10 0.2575 -0.46625
2 10 0.2555 -0.4675
0 11 0.143 -0.6814
1 11 0.1394 -0.6868
2 11 0.134 -0.6868
0 12 0.1106 -0.676
1 12 0.107 -0.6814
2 12 0.1034 -0.6814
0 13 -0.0477999 -0.4762
1 13 -0.0505 -0.4795
2 13 -0.0549999 -0.4762
0 14 -0.0441999 -0.5446
1 14 -0.0475 -0.547
2 14 -0.0531999 -0.5464
0 15 0.2564 -0.4618
1 15 0.2575 -0.46625
2 15 0.2546 -0.4672
0 16 0.14264 -0.6868
1 16 0.14048 -0.69328
2 16 0.13616 -0.69328
0 17 0.14912 -0.80344
1 17 0.1448 -0.80776
2 17 0.14048 -0.80776
0 18 0.0713601 -0.67816
1 18 0.0692001 -0.68248
2 18 0.0648802 -0.68248
0 19 0.55088 -0.36928
1 19 0.56168 -0.36712
2 19 0.57464 -0.3628
0 20 -0.0474399 -0.47512
1 20 -0.0495999 -0.4798
2 20 -0.0560799 -0.47728
0 21 0.2564 -0.4618
1 21 0.25496 -0.46648
2 21 0.25496 -0.46648
0 22 0.0843202 -0.79912
1 22 0.0821602 -0.80344
2 22 0.0756802 -0.80344
0 23 0.0730882 -0.717472
1 23 0.0704962 -0.722656
2 23 0.0653123 -0.722656
0 24 0.143072 -0.68896
1 24 0.14048 -0.694144
2 24 0.135296 -0.694144
0 25 0.0704962 -0.699328
1 25 0.0679043 -0.704512
2 25 0.0627202 -0.704512
0 26 0.56816 -0.362368
1 26 0.58112 -0.359776
2 26 0.59408 -0.354592
0 27 0.254528 -0.460864
1 27 0.254528 -0.466048
2 27 0.254528 -0.466048
0 28 0.00569623 -0.784864
1 28 0.00051225 -0.790048
2 28 -0.00467173 -0.790048
0 29 0.0756803 -0.681184
1 29 0.0730882 -0.686368
2 29 0.0679043 -0.686368
0 30 -0.0461438 -0.476416
1 30 -0.0513278 -0.479008
2 30 -0.0539198 -0.476416
0 31 0.0912323 -0.678592
1 31 0.0886402 -0.683776
2 31 0.0834563 -0.683776
0 32 0.11456 -0.678592
1 32 0.111968 -0.683776
2 32 0.106784 -0.683776
0 33 -0.0435518 -0.5464
1 33 -0.0461438 -0.548992
2 33 -0.0513278 -0.5464
0 34 0.148256 -0.803008
1 34 0.145664 -0.808192
2 34 0.14048 -0.808192
0 35 0.0860483 -0.797824
1 35 0.0834563 -0.803008
2 35 0.0756803 -0.803008
0 36 0.0761987 -0.707622
1 36 0.0730883 -0.713843
2 36 0.0668674 -0.713843
0 37 -0.0435518 -0.5464
1 37 -0.0461438 -0.548992
2 37 -0.0513278 -0.548992
0 38 0.586304 -0.84448
1 38 0.595636 -0.853811
2 38 0.601856 -0.866253
0 39 -0.0461438 -0.476416
1 39 -0.0482173 -0.477453
2 39 -0.0544381 -0.474342
0 40 0.0886403 -0.679629
1 40 0.0855298 -0.682739
2 40 0.0824195 -0.682739
0 41 -0.0171134 -0.701402
1 41 -0.0202237 -0.704512
2 41 -0.0264446 -0.704512
0 42 0.254528 -0.460864
1 42 0.254528 -0.466048
2 42 0.253492 -0.465011
0 43 0.0898844 -0.798446
1 43 0.0824195 -0.802178
2 43 0.078687 -0.802178
0 44 0.0749546 -0.708866
1 44 0.0712221 -0.712599
2 44 0.0674896 -0.716331
0 45 0.0712221 -0.701402
1 45 0.0674896 -0.705134
2 45 0.0637571 -0.705134
0 46 0.101082 -0.690204
1 46 0.101082 -0.697669
2 46 0.0973494 -0.697669
0 47 0.153337 -0.794714
1 47 0.153337 -0.802178
2 47 0.145872 -0.802178
0 48 0.0749546 -0.805911
1 48 0.0712221 -0.809643
2 48 0.0637571 -0.813376
0 49 0.552712 -0.369211
1 49 0.56391 -0.365478
2 49 0.575107 -0.361746
0 50 0.567642 -0.361746
1 50 0.578839 -0.361746
2 50 0.593769 -0.354281
0 51 0.0898844 -0.679007
1 51 0.086152 -0.686472
2 51 0.0824195 -0.682739
0 52 0.145872 -0.794714
1 52 0.142139 -0.798446
2 52 0.134674 -0.798446
0 53 -0.0183575 -0.701402
1 53 -0.02209 -0.705134
2 53 -0.0295549 -0.705134
