98
0 0 0.0552083 -0.577083
1 0 0.0520833 -0.577083
2 0 0.0520833 -0.576042
0 1 -0.142708 -0.691667
1 1 -0.144792 -0.692708
2 1 -0.144792 -0.692708
0 2 0.229167 -0.308333
1 2 0.23 -0.30625
2 2 0.232292 -0.305208
0 3 0.0135417 -0.722917
1 3 0.0125001 -0.7225
2 3 0.0114583 -0.722917
0 4 0.04125 -0.58
1 4 0.03875 -0.58
2 4 0.03875 -0.58
0 5 0.0775 -0.58125
1 5 0.075 -0.58125
2 5 0.075 -0.58125
0 6 0.08375 -0.6675
1 6 0.08125 -0.6675
2 6 0.08125 -0.6675
0 7 0.0125001 -0.7225
1 7 0.0125001 -0.7225
2 7 0.0112501 -0.7225
0 8 0.229167 -0.308333
1 8 0.23 -0.30625
2 8 0.2325 -0.305
0 9 0.0825001 -0.60625
1 9 0.08125 -0.6075
2 9 0.0800001 -0.60625
0 10 -0.5356 -0.577
1 10 -0.5395 -0.577
2 10 -0.54125 -0.57625
0 11 0.0925001 -0.57875
1 11 0.09 -0.57875
2 11 0.09 -0.5775
0 12 0.0800001 -0.675
1 12 0.0787501 -0.675
2 12 0.0775 -0.675
0 13 -0.142 -0.688
1 13 -0.1435 -0.688
2 13 -0.1435 -0.688
0 14 0.0125001 -0.724
1 14 0.0125001 -0.7225
2 14 0.0110001 -0.724
0 15 -0.1435 -0.7165
1 15 -0.1465 -0.7165
2 15 -0.145 -0.718
0 16 0.0785 -0.5815
1 16 0.0755 -0.5815
2 16 0.0755 -0.5815
0 17 0.0500001 -0.58
1 17 0.0470001 -0.58
2 17 0.0470001 -0.58
0 18 0.229167 -0.308333
1 18 0.2285 -0.307
2 18 0.2315 -0.3055
0 19 -0.5356 -0.577
1 19 -0.5395 -0.577
2 19 -0.5425 -0.577
0 20 0.0530001 -0.61
1 20 0.0500001 -0.61
2 20 0.0500001 -0.61
0 21 -0.0175 -0.643
1 21 -0.0175 -0.643
2 21 -0.019 -0.643
0 22 -0.529 -0.571
1 22 -0.53375 -0.57125
2 22 -0.5365 -0.571
0 23 0.0275 -0.577
1 23 0.0245 -0.577
2 23 0.0245 -0.577
0 24 0.0800001 -0.6112
1 24 0.0764001 -0.6112
2 24 0.0764001 -0.6112
0 25 0.0224001 -0.6724
1 25 0.0206001 -0.6724
2 25 0.0206001 -0.6724
0 26 -0.1414 -0.6868
1 26 -0.1432 -0.6886
2 26 -0.1432 -0.6886
0 27 0.0134001 -0.7246
1 27 0.0130402 -0.72352
2 27 0.0116001 -0.7246
0 28 0.0782001 -0.6742
1 28 0.0764001 -0.6742
2 28 0.0764001 -0.6742
0 29 -0.136 -0.6922
1 29 -0.1378 -0.694
2 29 -0.1378 -0.694
0 30 -0.1684 -0.7102
1 30 -0.1702 -0.7102
2 30 -0.1702 -0.712
0 31 0.0566001 -0.5788
1 31 0.0548001 -0.5788
2 31 0.0530001 -0.5788
0 32 0.0404001 -0.5788
1 32 0.0386001 -0.5788
2 32 0.0386001 -0.5788
0 33 0.0782001 -0.5824
1 33 0.0764001 -0.5824
2 33 0.0764001 -0.5806
0 34 -0.1378 -0.6886
1 34 -0.1396 -0.6904
2 34 -0.1396 -0.6904
0 35 -0.1648 -0.7156
1 35 -0.1666 -0.7174
2 35 -0.1666 -0.7174
0 36 0.0836001 -0.5878
1 36 0.0818001 -0.5878
2 36 0.0800001 -0.5878
0 37 0.22688 -0.30664
1 37 0.2276 -0.307
2 37 0.2312 -0.3052
0 38 0.0836001 -0.6688
1 38 0.0818001 -0.6688
2 38 0.0818001 -0.6688
0 39 -0.0171999 -0.6436
1 39 -0.0189999 -0.6436
2 39 -0.0189999 -0.6436
0 40 0.0548001 -0.6112
1 40 0.0512001 -0.6112
2 40 0.0512001 -0.6112
0 41 -0.15112 -0.68896
1 41 -0.15328 -0.69112
2 41 -0.15328 -0.69112
0 42 -0.16408 -0.68896
1 42 -0.16624 -0.69112
2 42 -0.16624 -0.69112
0 43 -0.14248 -0.68896
1 43 -0.14464 -0.68896
2 43 -0.1468 -0.68896
0 44 -0.14464 -0.71488
1 44 -0.1468 -0.71704
2 44 -0.1468 -0.71704
0 45 0.0152002 -0.72352
1 45 0.0130402 -0.72352
2 45 0.0130402 -0.72352
0 46 0.0843202 -0.58744
1 46 0.0821602 -0.58744
2 46 0.0821602 -0.58744
0 47 0.0800002 -0.58096
1 47 0.0778402 -0.58096
2 47 0.0778402 -0.58096
0 48 0.0281602 -0.5788
1 48 0.0260002 -0.5788
2 48 0.0260002 -0.5788
0 49 0.0778402 -0.67384
1 49 0.0756802 -0.67384
2 49 0.0756802 -0.67384
0 50 0.0843202 -0.66952
1 50 0.0821602 -0.66952
2 50 0.0821602 -0.66952
0 51 -0.16192 -0.30448
1 51 -0.16408 -0.30448
2 51 -0.16192 -0.30232
0 52 0.22688 -0.30664
1 52 0.22688 -0.30664
2 52 0.2312 -0.30448
0 53 0.0834563 -0.587872
1 53 0.0808642 -0.587872
2 53 0.0808642 -0.587872
0 54 -0.14464 -0.71488
1 54 -0.147232 -0.717472
2 54 -0.147232 -0.717472
0 55 0.0290243 -0.600832
1 55 0.0264322 -0.600832
2 55 0.0264322 -0.600832
0 56 0.0238403 -0.670816
1 56 0.0212482 -0.673408
2 56 0.0212482 -0.670816
0 57 -0.136864 -0.699328
1 57 -0.139456 -0.70192
2 57 -0.139456 -0.70192
0 58 -0.1576 -0.68896
1 58 -0.1576 -0.691552
2 58 -0.1576 -0.691552
0 59 -0.142048 -0.68896
1 59 -0.14464 -0.68896
2 59 -0.14464 -0.68896
0 60 0.226016 -0.307936
1 60 0.22688 -0.30664
2 60 0.2312 -0.305344
0 61 0.0264322 -0.587872
1 61 0.0238403 -0.590464
2 61 0.0238403 -0.587872
0 62 0.0290243 -0.580096
1 62 0.0264322 -0.580096
2 62 0.0264322 -0.580096
0 63 0.0134722 -0.725248
1 63 0.0130402 -0.72352
2 63 0.0134722 -0.725248
0 64 0.122336 -0.720064
1 64 0.119744 -0.720064
2 64 0.119744 -0.720064
0 65 0.0808642 -0.582688
1 65 0.0782722 -0.582688
2 65 0.0782722 -0.580096
0 66 -0.53992 -0.73432
1 66 -0.543808 -0.735616
2 66 -0.5464 -0.738208
0 67 -0.16192 -0.30448
1 67 -0.16408 -0.30448
2 67 -0.162784 -0.302752
0 68 0.0160643 -0.730432
1 68 0.0134722 -0.730432
2 68 0.0134722 -0.730432
0 69 -0.14775 -0.68896
1 69 -0.14775 -0.68896
2 69 -0.14775 -0.68896
0 70 0.0233219 -0.670297
1 70 0.0212482 -0.673408
2 70 0.0202115 -0.670297
0 71 -0.166413 -0.701402
1 71 -0.169523 -0.701402
2 71 -0.169523 -0.701402
0 72 -0.14775 -0.713843
1 72 -0.14775 -0.716954
2 72 -0.14775 -0.716954
0 73 -0.157081 -0.716954
1 73 -0.157081 -0.716954
2 73 -0.157081 -0.716954
0 74 0.0824195 -0.589427
1 74 0.0793091 -0.589427
2 74 0.0793091 -0.589427
0 75 0.0513155 -0.570765
1 75 0.0482051 -0.570765
2 75 0.0482051 -0.570765
0 76 0.0824195 -0.580096
1 76 0.0793091 -0.580096
2 76 0.0793091 -0.580096
0 77 0.119744 -0.720064
1 77 0.119744 -0.720064
2 77 0.119744 -0.720064
0 78 0.0233219 -0.60809
1 78 0.0233219 -0.60809
2 78 0.0202115 -0.60809
0 79 -0.169523 -0.69207
1 79 -0.172633 -0.69207
2 79 -0.172633 -0.69207
0 80 0.225498 -0.306381
1 80 0.224254 -0.305759
2 80 0.228608 -0.30327
0 81 0.0233219 -0.589427
1 81 0.0233219 -0.589427
2 81 0.0233219 -0.589427
0 82 -0.160192 -0.305759
1 82 -0.163302 -0.30327
2 82 -0.163302 -0.30327
0 83 -0.167657 -0.701402
1 83 -0.171389 -0.705134
2 83 -0.171389 -0.705134
0 84 0.0152349 -0.731261
1 84 0.0152349 -0.731261
2 84 0.0152349 -0.731261
0 85 0.119744 -0.720064
1 85 0.119744 -0.720064
2 85 0.119744 -0.720064
0 86 -0.145262 -0.716331
1 86 -0.148994 -0.716331
2 86 -0.148994 -0.716331
0 87 0.0898844 -0.675274
1 87 0.0898844 -0.675274
2 87 0.0898844 -0.675274
0 88 -0.145262 -0.690204
1 88 -0.148994 -0.690204
2 88 -0.145262 -0.690204
0 89 0.078687 -0.675274
1 89 0.0749546 -0.675274
2 89 0.0749546 -0.675274
0 90 0.224254 -0.305759
1 90 0.225498 -0.306381
2 90 0.227986 -0.305759
0 91 0.086152 -0.581962
1 91 0.0824195 -0.581962
2 91 0.0824195 -0.581962
0 92 -0.160192 -0.305759
1 92 -0.163302 -0.30327
2 92 -0.160192 -0.302026
0 93 0.0525597 -0.589427
1 93 0.0488272 -0.589427
2 93 0.0488272 -0.589427
0 94 0.0824195 -0.59316
1 94 0.078687 -0.596892
2 94 0.078687 -0.596892
0 95 0.0824195 -0.59316
1 95 0.078687 -0.596892
2 95 0.078687 -0.589427
0 96 -0.539661 -0.732506
1 96 -0.545881 -0.735616
2 96 -0.54837 -0.738726
0 97 0.0264323 -0.589427
1 97 0.0226998 -0.589427
2 97 0.0226998 -0.589427
