79
0 0 0.1125 -0.648958
1 0 0.109375 -0.65
2 0 0.10625 -0.647917
0 1 0.21375 -0.45625
1 1 0.2125 -0.45625
2 1 0.2125 -0.455
0 2 -0.0449999 -0.52875
1 2 -0.0475 -0.52875
2 2 -0.0512499 -0.52625
0 3 0.425 -0.76875
1 3 0.4275 -0.775
2 3 0.4325 -0.78
0 4 0.075 -0.68125
1 4 0.0725001 -0.68125
2 4 0.06875 -0.68
0 5 0.41125 -0.43
1 5 0.41625 -0.43
2 5 0.42375 -0.42625
0 6 0.0762501 -0.64875
1 6 0.0737501 -0.64875
2 6 0.0700001 -0.6475
0 7 0.1125 -0.64875
1 7 0.11 -0.65
2 7 0.10625 -0.64875
0 8 0.0550001 -0.64875
1 8 0.0525 -0.64875
2 8 0.0487501 -0.6475
0 9 0.04125 -0.86375
1 9 0.0362501 -0.86625
2 9 0.0312501 -0.865
0 10 0.0785 -0.685
1 10 0.0755 -0.685
2 10 0.071 -0.6835
0 11 -0.3235 -0.91
1 11 -0.3355 -0.919
2 11 -0.3535 -0.922
0 12 0.077 -0.724
1 12 0.074 -0.724
2 12 0.0695001 -0.7225
0 13 0.0830001 -0.646
1 13 0.0800001 -0.6445
2 13 0.077 -0.6445
0 14 0.077 -0.649
1 14 0.074 -0.649
2 14 0.071 -0.6475
0 15 0.405 -0.8925
1 15 0.4055 -0.901
2 15 0.4085 -0.907
0 16 0.0470001 -0.646
1 16 0.0440001 -0.646
2 16 0.041 -0.6445
0 17 0.041 -0.865
1 17 0.0365 -0.8665
2 17 0.032 -0.8665
0 18 0.119 -0.763
1 18 0.116 -0.763
2 18 0.1115 -0.7615
0 19 -0.3394 -0.9298
1 19 -0.3556 -0.937
2 19 -0.3718 -0.9424
0 20 0.0854001 -0.6526
1 20 0.0836001 -0.6526
2 20 0.0800001 -0.6508
0 21 0.0764001 -0.649
1 21 0.0746001 -0.649
2 21 0.0710002 -0.6472
0 22 0.0836001 -0.6454
1 22 0.0818001 -0.6472
2 22 0.0782001 -0.6454
0 23 -0.0441999 -0.5302
1 23 -0.0477999 -0.5302
2 23 -0.0513999 -0.5284
0 24 0.404 -0.892
1 24 0.404 -0.8992
2 24 0.4076 -0.9064
0 25 0.21375 -0.45625
1 25 0.2114 -0.4564
2 25 0.2114 -0.4546
0 26 -0.0477999 -0.469
1 26 -0.0499999 -0.47
2 26 -0.0549999 -0.4654
0 27 -0.32392 -0.91144
1 27 -0.33904 -0.91792
2 27 -0.35416 -0.92224
0 28 0.11888 -0.7624
1 28 0.11456 -0.7624
2 28 0.11024 -0.7624
0 29 0.11456 -0.75376
1 29 0.1124 -0.75376
2 29 0.10808 -0.7516
0 30 0.75176 -0.45352
1 30 0.76472 -0.45352
2 30 0.77984 -0.45352
0 31 -0.0431199 -0.53128
1 31 -0.0474399 -0.53128
2 31 -0.0495998 -0.52912
0 32 -0.00639985 -0.74296
1 32 -0.0128799 -0.74296
2 32 -0.0150399 -0.74296
0 33 0.0411201 -0.86608
1 33 0.0368001 -0.86824
2 33 0.0324802 -0.86824
0 34 -0.0477999 -0.469
1 34 -0.0495998 -0.46864
2 34 -0.0539199 -0.46432
0 35 0.0523523 -0.65008
1 35 0.0471682 -0.65008
2 35 0.0445763 -0.65008
0 36 0.0730882 -0.657856
1 36 0.0704962 -0.657856
2 36 0.0679043 -0.657856
0 37 0.0860483 -0.647488
1 37 0.0834563 -0.647488
2 37 0.0808642 -0.647488
0 38 0.11456 -0.65008
1 38 0.111968 -0.65008
2 38 0.109376 -0.647488
0 39 0.404864 -0.891136
1 39 0.404864 -0.898912
2 39 0.407456 -0.901504
0 40 0.39968 -0.89632
1 40 0.39968 -0.901504
2 40 0.402272 -0.906688
0 41 0.0575363 -0.758944
1 41 0.0549442 -0.758944
2 41 0.0523523 -0.758944
0 42 0.117152 -0.761536
1 42 0.11456 -0.761536
2 42 0.109376 -0.761536
0 43 0.415232 -0.406432
1 43 0.420416 -0.406432
2 43 0.428192 -0.401248
0 44 0.752192 -0.453088
1 44 0.765152 -0.45568
2 44 0.780704 -0.45568
0 45 -0.00726376 -0.743392
1 45 -0.0124477 -0.743392
2 45 -0.0176318 -0.743392
0 46 0.2132 -0.4564
1 46 0.2114 -0.4564
2 46 0.210464 -0.453088
0 47 0.0419842 -0.867808
1 47 0.0368003 -0.867808
2 47 0.0342082 -0.867808
0 48 -0.372736 -0.90928
1 48 -0.388288 -0.914464
2 48 -0.406432 -0.919648
0 49 -0.0482173 -0.468121
1 49 -0.0513278 -0.468121
2 49 -0.0539198 -0.466048
0 50 0.39968 -0.869363
1 50 0.39968 -0.875584
2 50 0.402791 -0.881805
0 51 0.0497602 -0.76672
1 51 0.0482051 -0.76983
2 51 0.0419843 -0.76361
0 52 0.0606467 -0.757389
1 52 0.0575363 -0.757389
2 52 0.0513155 -0.757389
0 53 0.122855 -0.754278
1 53 0.119744 -0.757389
2 53 0.116634 -0.754278
0 54 0.751156 -0.45568
1 54 0.763597 -0.45568
2 54 0.779149 -0.45568
0 55 0.427674 -0.720064
1 55 0.430784 -0.726285
2 55 0.433895 -0.729395
0 56 0.0482051 -0.68585
1 56 0.0450947 -0.68585
2 56 0.0419843 -0.682739
0 57 0.0513155 -0.676518
1 57 0.0482051 -0.676518
2 57 0.0450947 -0.673408
0 58 0.0513155 -0.651635
1 58 0.0482051 -0.651635
2 58 0.0450947 -0.648525
0 59 0.132186 -0.754278
1 59 0.129075 -0.754278
2 59 0.125965 -0.754278
0 60 0.0419843 -0.866253
1 60 0.0368003 -0.867808
2 60 0.0357635 -0.866253
0 61 0.209946 -0.45568
1 61 0.209946 -0.45568
2 61 0.209946 -0.452569
0 62 -0.0482173 -0.468121
1 62 -0.0513278 -0.468121
2 62 -0.0544381 -0.465011
0 63 0.0450947 -0.664077
1 63 0.0450947 -0.664077
2 63 0.0413623 -0.664077
0 64 0.108547 -0.660344
1 64 0.104814 -0.656612
2 64 0.101082 -0.656612
0 65 0.0749546 -0.764854
1 65 0.0674896 -0.764854
2 65 0.0637571 -0.764854
0 66 0.0749546 -0.660344
1 66 0.0712221 -0.660344
2 66 0.0674896 -0.660344
0 67 0.116012 -0.764854
1 67 0.112279 -0.764854
2 67 0.108547 -0.764854
0 68 0.0488272 -0.675274
1 68 0.0488272 -0.675274
2 68 0.0450947 -0.675274
0 69 0.0600246 -0.757389
1 69 0.0600246 -0.757389
2 69 0.0562922 -0.757389
0 70 0.0419843 -0.866253
1 70 0.0376298 -0.869363
2 70 0.0338973 -0.869363
0 71 0.142139 -0.753656
1 71 0.141517 -0.760499
2 71 0.134674 -0.753656
0 72 0.0488272 -0.649147
1 72 0.0450947 -0.652879
2 72 0.0413623 -0.649147
0 73 -0.0482173 -0.469988
1 73 -0.0482173 -0.469988
2 73 -0.0519498 -0.466255
0 74 0.39968 -0.869363
1 74 0.39968 -0.876828
2 74 0.403413 -0.884293
0 75 -0.0295549 -0.671542
1 75 -0.0295549 -0.675274
2 75 -0.0370199 -0.671542
0 76 -0.0108925 -0.757389
1 76 -0.014625 -0.757389
2 76 -0.0183575 -0.757389
0 77 0.209324 -0.455058
1 77 0.209324 -0.455058
2 77 0.209324 -0.455058
0 78 0.0419843 -0.875584
1 78 0.0357635 -0.878694
2 78 0.0338973 -0.880561
