32
0 0 0.1 -0.685
1 0 0.0950001 -0.685
2 0 0.0737501 -0.68125
0 1 -0.05 -0.480208
1 1 -0.055 -0.4775
2 1 -0.0775 -0.4725
0 2 0.074 -0.7165
1 2 0.0695001 -0.7165
2 2 0.0470001 -0.712
0 3 0.0890001 -0.6865
1 3 0.0845 -0.6865
2 3 0.062 -0.682
0 4 0.0995 -0.685
1 4 0.0950001 -0.685
2 4 0.0725001 -0.6805
0 5 -0.0475 -0.54625
1 5 -0.05375 -0.545
2 5 -0.0775 -0.541
0 6 0.1232 -0.6868
1 6 0.1196 -0.6868
2 6 0.0962001 -0.6832
0 7 0.1466 -0.8074
1 7 0.1394 -0.8074
2 7 0.1178 -0.8038
0 8 0.0872002 -0.685
1 8 0.0836001 -0.685
2 8 0.0602001 -0.6814
0 9 0.107 -0.6814
1 9 0.1034 -0.6814
2 9 0.0800001 -0.6778
0 10 0.0998001 -0.685
1 10 0.0944002 -0.685
2 10 0.0728001 -0.6814
0 11 -0.0495999 -0.4798
1 11 -0.0560799 -0.47728
2 11 -0.0765999 -0.4726
0 12 -0.0475 -0.547
1 12 -0.0531999 -0.5464
2 12 -0.0765999 -0.541
0 13 0.1448 -0.80776
1 13 0.14048 -0.80776
2 13 0.11672 -0.80344
0 14 0.0713601 -0.81856
1 14 0.0653123 -0.815968
2 14 0.0411201 -0.81424
0 15 -0.0495998 -0.47944
1 15 -0.0560799 -0.47728
2 15 -0.0776799 -0.47296
0 16 0.0704962 -0.722656
1 16 0.0653123 -0.722656
2 16 0.0419842 -0.717472
0 17 0.145664 -0.808192
1 17 0.14048 -0.808192
2 17 0.117152 -0.803008
0 18 0.0886402 -0.683776
1 18 0.0834563 -0.683776
2 18 0.0601283 -0.681184
0 19 0.0730883 -0.713843
1 19 0.0668674 -0.713843
2 19 0.0450947 -0.710733
0 20 0.144628 -0.797824
1 20 0.138407 -0.797824
2 20 0.116634 -0.794714
0 21 0.101082 -0.695181
1 21 0.0948611 -0.695181
2 21 0.0730883 -0.69207
0 22 -0.0461438 -0.548992
1 22 -0.0513278 -0.5464
2 22 -0.076211 -0.542771
0 23 0.142139 -0.798446
1 23 0.134674 -0.798446
2 23 0.112279 -0.794714
0 24 0.0674896 -0.705134
1 24 0.0637571 -0.705134
2 24 0.0413623 -0.701402
0 25 0.0824195 -0.802178
1 25 0.078687 -0.802178
2 25 0.0562922 -0.798446
0 26 0.0712221 -0.809643
1 26 0.0637571 -0.813376
2 26 0.0413623 -0.805911
0 27 0.153337 -0.802178
1 27 0.145872 -0.802178
2 27 0.123477 -0.798446
0 28 0.578839 -0.313223
1 28 0.593769 -0.305759
2 28 0.590037 -0.290829
0 29 0.0973494 -0.809643
1 29 0.0898844 -0.809643
2 29 0.0674896 -0.805911
0 30 0.134674 -0.693937
1 30 0.130942 -0.693937
2 30 0.108547 -0.690204
0 31 -0.045107 -0.548992
1 31 -0.0519498 -0.54837
2 31 -0.0743447 -0.544637
