69
0 0 0.08375 -0.7825
1 0 0.09 -0.78
2 0 0.136458 -0.78125
0 1 0.053125 -0.665625
1 1 0.0604167 -0.664583
2 1 0.10625 -0.664583
0 2 -0.03 -0.89625
1 2 -0.0249999 -0.895
2 2 0.0166667 -0.896875
0 3 0.17 -0.4625
1 3 0.179 -0.46
2 3 0.226042 -0.458333
0 4 0.17 -0.4625
1 4 0.179 -0.46
2 4 0.223958 -0.458333
0 5 -0.1125 -0.534375
1 5 -0.10625 -0.53
2 5 -0.06625 -0.52875
0 6 0.17 -0.4625
1 6 0.179 -0.46
2 6 0.22625 -0.4575
0 7 0.17 -0.4625
1 7 0.179 -0.46
2 7 0.22375 -0.45875
0 8 -0.11375 -0.47
1 8 -0.1075 -0.46625
2 8 -0.06625 -0.46375
0 9 -0.03 -0.89625
1 9 -0.0249999 -0.895
2 9 0.0175001 -0.89625
0 10 0.0215 -0.661
1 10 0.0305 -0.6595
2 10 0.074 -0.6595
0 11 -0.03 -0.89625
1 11 -0.0249999 -0.895
2 11 0.0170001 -0.8965
0 12 -0.1135 -0.469
1 12 -0.1075 -0.466
2 12 -0.0654999 -0.4645
0 13 0.056 -0.784
1 13 0.0635 -0.7825
2 13 0.1085 -0.7825
0 14 0.16856 -0.46216
1 14 0.179 -0.46
2 14 0.2222 -0.4582
0 15 -0.00999991 -0.694
1 15 -0.00279992 -0.6922
2 15 0.0404001 -0.6922
0 16 -0.0297999 -0.8974
1 16 -0.0236799 -0.89632
2 16 0.0170001 -0.8974
0 17 0.0530001 -0.667
1 17 0.0620001 -0.6652
2 17 0.107 -0.6652
0 18 0.0224001 -0.6616
1 18 0.0314001 -0.6598
2 18 0.0746001 -0.6598
0 19 -0.0301599 -0.89848
1 19 -0.0236799 -0.89632
2 19 0.0170001 -0.901
0 20 -0.1144 -0.469
1 20 -0.1075 -0.46625
2 20 -0.0675999 -0.4636
0 21 0.0562401 -0.784
1 21 0.0627202 -0.78184
2 21 0.10808 -0.784
0 22 -0.0150398 -0.784864
1 22 -0.00855986 -0.784
2 22 0.0346401 -0.784
0 23 0.0540801 -0.76672
1 23 0.0627202 -0.76672
2 23 0.10808 -0.76672
0 24 0.0627202 -0.7624
1 24 0.0692001 -0.7624
2 24 0.11456 -0.7624
0 25 -0.0171998 -0.68464
1 25 -0.00855986 -0.68248
2 25 0.0346401 -0.68248
0 26 -0.0301599 -0.89848
1 26 -0.0236799 -0.89632
2 26 0.0173601 -0.89848
0 27 0.00224012 -0.78184
1 27 0.00872014 -0.77968
2 27 0.0540801 -0.77968
0 28 0.0238401 -0.66304
1 28 0.0324802 -0.66088
2 28 0.0756802 -0.66088
0 29 -0.11008 -0.5356
1 29 -0.10576 -0.53128
2 29 -0.0647199 -0.52912
0 30 -0.1144 -0.469
1 30 -0.10576 -0.46432
2 30 -0.0668798 -0.46216
0 31 0.16856 -0.46216
1 31 0.179 -0.46
2 31 0.22256 -0.45784
0 32 0.0260002 -0.66952
1 32 0.0324802 -0.66736
2 32 0.0778402 -0.66736
0 33 -0.11008 -0.5356
1 33 -0.10576 -0.53344
2 33 -0.0642878 -0.530848
0 34 -0.0301599 -0.89848
1 34 -0.0228158 -0.89632
2 34 0.0186562 -0.898912
0 35 0.0264322 -0.66304
1 35 0.0342082 -0.66304
2 35 0.0782722 -0.660448
0 36 0.0368003 -0.668224
1 36 0.0445763 -0.665632
2 36 0.0886402 -0.665632
0 37 -0.0150398 -0.683776
1 37 -0.00726376 -0.681184
2 37 0.0342082 -0.681184
0 38 -0.0772478 -0.764128
1 38 -0.0720638 -0.761536
2 38 -0.0305918 -0.761536
0 39 0.0549442 -0.784864
1 39 0.0627202 -0.782272
2 39 0.106784 -0.782272
0 40 0.0704962 -0.777088
1 40 0.0782722 -0.774496
2 40 0.124928 -0.774496
0 41 0.16856 -0.46216
1 41 0.17936 -0.460864
2 41 0.223424 -0.458272
0 42 -0.113536 -0.46864
1 42 -0.10576 -0.466048
2 42 -0.0668798 -0.463456
0 43 0.0497602 -0.694144
1 43 0.0575363 -0.691552
2 43 0.104192 -0.691552
0 44 -0.0948734 -0.682739
1 44 -0.0917629 -0.679629
2 44 -0.0482173 -0.679629
0 45 -0.00467173 -0.779162
1 45 0.00154908 -0.776051
2 45 0.0482051 -0.776051
0 46 0.0637571 -0.76361
1 46 0.0699778 -0.76361
2 46 0.116634 -0.76361
0 47 -0.0171134 -0.682739
1 47 -0.00778211 -0.679629
2 47 0.0357635 -0.679629
0 48 0.00465946 -0.664077
1 48 0.0108803 -0.660966
2 48 0.0544259 -0.660966
0 49 0.16856 -0.46216
1 49 0.178842 -0.45879
2 49 0.222388 -0.45568
0 50 0.374797 -0.772941
1 50 0.390349 -0.779162
2 50 0.443226 -0.782272
0 51 0.0699778 -0.776051
1 51 0.0761987 -0.776051
2 51 0.122855 -0.776051
0 52 0.0357635 -0.667187
1 52 0.0419843 -0.664077
2 52 0.0886403 -0.664077
0 53 -0.0279998 -0.89632
1 53 -0.0233341 -0.897357
2 53 0.0202115 -0.897357
0 54 -0.113536 -0.468121
1 54 -0.10576 -0.466048
2 54 -0.0668798 -0.461901
0 55 -0.0793214 -0.76361
1 55 -0.0731005 -0.760499
2 55 -0.0326653 -0.760499
0 56 0.164534 -0.462523
1 56 0.175732 -0.45879
2 56 0.220521 -0.455058
0 57 0.0525597 -0.783516
1 57 0.0600246 -0.783516
2 57 0.104814 -0.783516
0 58 0.00403741 -0.664077
1 58 0.0115024 -0.660344
2 58 0.0562922 -0.660344
0 59 -0.014625 -0.783516
1 59 -0.0108925 -0.783516
2 59 0.0338973 -0.783516
0 60 -0.014625 -0.667809
1 60 -0.00716 -0.664077
2 60 0.0376298 -0.664077
0 61 -0.00342757 -0.779784
1 61 0.00403741 -0.776051
2 61 0.0488272 -0.776051
0 62 0.0450947 -0.675274
1 62 0.0562922 -0.675274
2 62 0.101082 -0.675274
0 63 -0.0967396 -0.686472
1 63 -0.0892746 -0.682739
2 63 -0.0482173 -0.682739
0 64 0.0525597 -0.776051
1 64 0.0600246 -0.772319
2 64 0.108547 -0.776051
0 65 -0.113536 -0.468121
1 65 -0.107937 -0.466255
2 65 -0.0668797 -0.462523
0 66 -0.0183575 -0.705134
1 66 -0.0108925 -0.701402
2 66 0.0338973 -0.701402
0 67 0.0712221 -0.776051
1 67 0.078687 -0.776051
2 67 0.123477 -0.776051
0 68 0.0338973 -0.667809
1 68 0.0413623 -0.664077
2 68 0.086152 -0.664077
