64
0 0 0.0562501 -0.6425
1 0 0.071875 -0.641667
2 0 0.0885417 -0.640625
0 1 0.0604167 -0.809375
1 1 0.0739583 -0.808333
2 1 0.090625 -0.809375
0 2 -0.0583333 -0.720833
1 2 -0.0447917 -0.717708
2 2 -0.0291667 -0.71875
0 3 0.0237501 -0.755
1 3 0.0375001 -0.75375
2 3 0.05375 -0.75375
0 4 -0.0525 -0.7425
1 4 -0.04 -0.74125
2 4 -0.02375 -0.74125
0 5 0.02625 -0.76
1 5 0.04 -0.75875
2 5 0.0575 -0.75875
0 6 -0.0574999 -0.72
1 6 -0.0437499 -0.71875
2 6 -0.02875 -0.71875
0 7 0.00625006 -0.715
1 7 0.02125 -0.7125
2 7 0.0375001 -0.7125
0 8 0.06 -0.81
1 8 0.0737501 -0.80875
2 8 0.09 -0.81
0 9 0.01 -0.685
1 9 0.0245 -0.6835
2 9 0.04125 -0.68375
0 10 -0.0499999 -0.58625
1 10 -0.0374999 -0.58375
2 10 -0.02125 -0.5825
0 11 0.0575 -0.77125
1 11 0.07125 -0.77
2 11 0.0887501 -0.77
0 12 0.0612501 -0.775
1 12 0.075 -0.775
2 12 0.0925001 -0.775
0 13 -0.0312499 -0.57125
1 13 -0.0175 -0.56875
2 13 -0.00249996 -0.5675
0 14 0.0815 -0.913
1 14 0.0950001 -0.913
2 14 0.113 -0.9145
0 15 0.0335 -0.5815
1 15 0.0455001 -0.5785
2 15 0.062 -0.577
0 16 0.0545001 -0.685
1 16 0.0695001 -0.6835
2 16 0.0860001 -0.6835
0 17 0.00650005 -0.7135
1 17 0.02 -0.712
2 17 0.0365 -0.712
0 18 0.056 -0.754
1 18 0.068 -0.7525
2 18 0.0860001 -0.7525
0 19 -0.1285 -0.658
1 19 -0.1165 -0.655
2 19 -0.1015 -0.655
0 20 0.00950006 -0.7195
1 20 0.0245 -0.7165
2 20 0.041 -0.718
0 21 0.00200005 -0.775
1 21 0.0170001 -0.7735
2 21 0.0335 -0.7735
0 22 0.056 -0.6355
1 22 0.0695001 -0.634
2 22 0.0860001 -0.634
0 23 -0.052 -0.742
1 23 -0.04 -0.7405
2 23 -0.0234999 -0.7405
0 24 0.059 -0.811
1 24 0.0725001 -0.8095
2 24 0.0890001 -0.8095
0 25 -0.00819988 -0.7156
1 25 0.00620009 -0.712
2 25 0.0224001 -0.7138
0 26 0.0512001 -0.6904
1 26 0.0656001 -0.6886
2 26 0.0818001 -0.6886
0 27 0.0872002 -0.9208
1 27 0.1016 -0.9208
2 27 0.116 -0.9226
0 28 -0.0765999 -0.9208
1 28 -0.0639999 -0.919
2 28 -0.0495999 -0.9208
0 29 -0.0567999 -0.721
1 29 -0.0441999 -0.7192
2 29 -0.0279999 -0.7192
0 30 -0.0513999 -0.7264
1 30 -0.0387999 -0.7246
2 30 -0.0225999 -0.7246
0 31 0.00620009 -0.7138
1 31 0.0206001 -0.712
2 31 0.0368001 -0.712
0 32 -0.00639992 -0.7498
1 32 0.00800012 -0.748
2 32 0.0242001 -0.748
0 33 -0.1288 -0.6382
1 33 -0.1162 -0.6364
2 33 -0.1018 -0.6364
0 34 0.1016 -0.6004
1 34 0.116 -0.5968
2 34 0.1322 -0.5968
0 35 0.0540801 -0.63496
1 35 0.0670401 -0.6328
2 35 0.0843202 -0.6328
0 36 -0.0819998 -0.9244
1 36 -0.0690399 -0.9244
2 36 -0.0517598 -0.92656
0 37 -0.0776799 -0.92008
1 37 -0.0647199 -0.92008
2 37 -0.0474399 -0.92224
0 38 0.1232 -0.92008
1 38 0.13832 -0.92008
2 38 0.1556 -0.92224
0 39 0.0800002 -0.9136
1 39 0.0929601 -0.9136
2 39 0.11024 -0.91576
0 40 0.0173601 -0.72136
1 40 0.0303202 -0.71704
2 40 0.0476002 -0.7192
0 41 0.0562401 -0.64576
1 41 0.0692001 -0.6436
2 41 0.0864802 -0.6436
0 42 0.00224012 -0.77968
1 42 0.0173601 -0.77752
2 42 0.0346401 -0.77752
0 43 -0.123904 -0.660448
1 43 -0.110944 -0.657856
2 43 -0.0953918 -0.657856
0 44 0.0549442 -0.647488
1 44 0.0704962 -0.644896
2 44 0.0860483 -0.644896
0 45 -0.123904 -0.63712
1 45 -0.110944 -0.634528
2 45 -0.0953918 -0.634528
0 46 -0.00726376 -0.71488
1 46 0.00569623 -0.712288
2 46 0.0238403 -0.712288
0 47 0.0186562 -0.758944
1 47 0.0316163 -0.758944
2 47 0.0497602 -0.758944
0 48 0.0523523 -0.634528
1 48 0.0679043 -0.631936
2 48 0.0834563 -0.631936
0 49 0.0186562 -0.743392
1 49 0.0316163 -0.7408
2 49 0.0497602 -0.7408
0 50 0.0497602 -0.691552
1 50 0.0653123 -0.691552
2 50 0.0808642 -0.691552
0 51 -0.122867 -0.657856
1 51 -0.110425 -0.657856
2 51 -0.0948734 -0.657856
0 52 -0.122867 -0.639194
1 52 -0.110425 -0.636083
2 52 -0.0948734 -0.636083
0 53 0.0139907 -0.76672
1 53 0.0264323 -0.76672
2 53 0.0450947 -0.76672
0 54 0.0171011 -0.741837
1 54 0.0295427 -0.741837
2 54 0.0482051 -0.741837
0 55 0.00465946 -0.713843
1 55 0.0202115 -0.710733
2 55 0.0357635 -0.710733
0 56 0.0108803 -0.757389
1 56 0.0264323 -0.757389
2 56 0.0419843 -0.757389
0 57 -0.116646 -0.639194
1 57 -0.104205 -0.636083
2 57 -0.0886525 -0.636083
0 58 0.0575363 -0.819597
1 58 0.0730883 -0.819597
2 58 0.0886403 -0.819597
0 59 -0.134064 -0.664077
1 59 -0.119134 -0.660344
2 59 -0.104205 -0.660344
0 60 0.0376298 -0.585695
1 60 0.0525597 -0.581962
2 60 0.0674896 -0.581962
0 61 0.0637571 -0.783516
1 61 0.078687 -0.779784
2 61 0.093617 -0.779784
0 62 -0.0295549 -0.712599
1 62 -0.014625 -0.712599
2 62 0.000304921 -0.712599
0 63 -0.122867 -0.641682
1 63 -0.111669 -0.637949
2 63 -0.0967396 -0.637949
