106
0 0 -0.239583 -0.725
1 0 -0.240625 -0.730208
2 0 -0.236458 -0.736458
0 1 -0.0637499 -0.725
1 1 -0.065 -0.73
2 1 -0.0604167 -0.7375
0 2 0.122917 -0.325
1 2 0.123958 -0.329167
2 2 0.129167 -0.334375
0 3 -0.0302083 -0.605208
1 3 -0.03125 -0.610417
2 3 -0.0270833 -0.616667
0 4 -0.21875 -0.702083
1 4 -0.219792 -0.707292
2 4 -0.215625 -0.713542
0 5 -0.111458 -0.460417
1 5 -0.111458 -0.465625
2 5 -0.108333 -0.470833
0 6 -0.110417 -0.463542
1 6 -0.11125 -0.46875
2 6 -0.10625 -0.473958
0 7 0.265625 -0.789583
1 7 0.26875 -0.797917
2 7 0.278125 -0.807292
0 8 -0.0637499 -0.725
1 8 -0.065 -0.73
2 8 -0.06125 -0.7375
0 9 -0.23625 -0.705
1 9 -0.2375 -0.71
2 9 -0.23375 -0.71625
0 10 -0.24 -0.7025
1 10 -0.24125 -0.70625
2 10 -0.23625 -0.71375
0 11 -0.21625 -0.70125
1 11 -0.2175 -0.7075
2 11 -0.21375 -0.71375
0 12 -0.23375 -0.7
1 12 -0.235 -0.705
2 12 -0.23125 -0.7125
0 13 -0.23875 -0.3325
1 13 -0.23875 -0.33625
2 13 -0.23375 -0.3425
0 14 -0.0324999 -0.58125
1 14 -0.0324999 -0.58625
2 14 -0.02875 -0.59375
0 15 -0.111458 -0.460417
1 15 -0.11125 -0.465
2 15 -0.1075 -0.47125
0 16 -0.553 -0.6115
1 16 -0.5554 -0.6148
2 16 -0.5515 -0.622
0 17 -0.214 -0.7255
1 17 -0.2155 -0.73
2 17 -0.211 -0.7375
0 18 -0.2155 -0.718
1 18 -0.217 -0.724
2 18 -0.2125 -0.73
0 19 -0.2125 -0.697
1 19 -0.214 -0.703
2 19 -0.2095 -0.709
0 20 -0.2185 -0.697
1 20 -0.22 -0.703
2 20 -0.2155 -0.709
0 21 -0.2095 -0.6985
1 21 -0.211 -0.7045
2 21 -0.2065 -0.712
0 22 -0.235 -0.7255
1 22 -0.2365 -0.73
2 22 -0.232 -0.7375
0 23 0.00350005 -0.667
1 23 0.00200005 -0.6715
2 23 0.00650005 -0.679
0 24 -0.235 -0.7
1 24 -0.235 -0.7045
2 24 -0.232 -0.712
0 25 -0.0415 -0.67
1 25 -0.043 -0.6745
2 25 -0.0385 -0.6835
0 26 0.122 -0.325
1 26 0.1235 -0.328
2 26 0.128 -0.334
0 27 -0.0639999 -0.7255
1 27 -0.0654999 -0.73
2 27 -0.0609999 -0.7375
0 28 -0.0264999 -0.58
1 28 -0.0264999 -0.5845
2 28 -0.0219999 -0.592
0 29 -0.2395 -0.7015
1 29 -0.241 -0.7075
2 29 -0.2365 -0.7135
0 30 -0.0324999 -0.5815
1 30 -0.0324999 -0.586
2 30 -0.0279999 -0.5935
0 31 -0.0249999 -0.5845
1 31 -0.0264999 -0.589
2 31 -0.0219999 -0.5965
0 32 -0.0505 -0.5815
1 32 -0.0505 -0.5875
2 32 -0.046 -0.5935
0 33 -0.2395 -0.724
1 33 -0.241 -0.73
2 33 -0.2365 -0.736
0 34 -0.0264999 -0.6085
1 34 -0.0279999 -0.6145
2 34 -0.0234999 -0.6205
0 35 -0.0925 -0.643
1 35 -0.094 -0.649
2 35 -0.0895 -0.655
0 36 -0.0955 -0.6475
1 36 -0.097 -0.652
2 36 -0.091 -0.6595
0 37 -0.11125 -0.46
1 37 -0.112 -0.4645
2 37 -0.1075 -0.4705
0 38 -0.2152 -0.7246
1 38 -0.2152 -0.73
2 38 -0.2116 -0.7372
0 39 -0.2224 -0.6994
1 39 -0.2242 -0.7048
2 39 -0.2188 -0.712
0 40 -0.2134 -0.6976
1 40 -0.2152 -0.703
2 40 -0.2098 -0.7102
0 41 -0.0567999 -0.6742
1 41 -0.0567999 -0.6778
2 41 -0.0531999 -0.685
0 42 -0.553 -0.6115
1 42 -0.5554 -0.6148
2 42 -0.5518 -0.622
0 43 0.512 -0.649
1 43 0.5228 -0.6562
2 43 0.5408 -0.6652
0 44 -0.00279992 -0.5824
1 44 -0.00459989 -0.5878
2 44 -0.000999896 -0.595
0 45 -0.0567999 -0.595
1 45 -0.0567999 -0.6004
2 45 -0.0531999 -0.6076
0 46 0.0026001 -0.6004
1 46 0.0026001 -0.6058
2 46 0.00620009 -0.613
0 47 -0.0639999 -0.7255
1 47 -0.0647199 -0.73216
2 47 -0.0603999 -0.739
0 48 -0.235 -0.7066
1 48 -0.2368 -0.712
2 48 -0.2314 -0.7192
0 49 -0.2314 -0.7246
1 49 -0.2332 -0.7282
2 49 -0.2296 -0.7354
0 50 -0.2386 -0.3322
1 50 -0.2386 -0.3358
2 50 -0.2332 -0.3412
0 51 0.000800069 -0.6724
1 51 -0.000999896 -0.6778
2 51 0.00440013 -0.685
0 52 0.1214 -0.325
1 52 0.1232 -0.3286
2 52 0.1286 -0.334
0 53 -0.0963999 -0.6472
1 53 -0.0963999 -0.6526
2 53 -0.0927999 -0.6598
0 54 -0.112 -0.46
1 54 -0.1108 -0.4636
2 54 -0.1072 -0.4708
0 55 -0.0171998 -0.58312
1 55 -0.0171998 -0.5896
2 55 -0.0128799 -0.59608
0 56 0.00440013 -0.66736
1 56 0.00440013 -0.67384
2 56 0.00872014 -0.68032
0 57 -0.0560799 -0.60904
1 57 -0.0560799 -0.61336
2 57 -0.0517598 -0.61984
0 58 -0.23752 -0.3304
1 58 -0.23752 -0.33472
2 58 -0.2332 -0.3412
0 59 -0.55936 -0.61768
1 59 -0.56152 -0.622
2 59 -0.5572 -0.62848
0 60 -0.23536 -0.7084
1 60 -0.23752 -0.71272
2 60 -0.2332 -0.7192
0 61 -0.0625599 -0.72568
1 61 -0.0647199 -0.73216
2 61 -0.0603999 -0.73864
0 62 -0.21592 -0.72352
1 62 -0.21592 -0.73
2 62 -0.2116 -0.73648
0 63 -0.0560799 -0.59392
1 63 -0.0560799 -0.6004
2 63 -0.0517598 -0.60688
0 64 -0.00207984 -0.58312
1 64 -0.00423985 -0.58744
2 64 0.00224012 -0.59392
0 65 0.119744 -0.323488
1 65 0.122336 -0.328672
2 65 0.12752 -0.33472
0 66 -0.0409599 -0.58096
1 66 -0.0409599 -0.58528
2 66 -0.0366398 -0.59176
0 67 -0.0625599 -0.73216
1 67 -0.0616958 -0.738208
2 67 -0.0603999 -0.74512
0 68 -0.23536 -0.7192
1 68 -0.23752 -0.72352
2 68 -0.2332 -0.73
0 69 0.0152002 -0.66088
1 69 0.0152002 -0.66736
2 69 0.0195201 -0.67384
0 70 -0.0539198 -0.676
1 70 -0.0575485 -0.679629
2 70 -0.0513278 -0.68896
0 71 -0.219808 -0.699328
1 71 -0.219808 -0.704512
2 71 -0.214624 -0.709696
0 72 -0.0383678 -0.673408
1 72 -0.0388861 -0.676518
2 72 -0.0357758 -0.686368
0 73 -0.214624 -0.725248
1 73 -0.217216 -0.730432
2 73 -0.212032 -0.735616
0 74 -0.224992 -0.722656
1 74 -0.224992 -0.72784
2 74 -0.2224 -0.735616
0 75 -0.0565118 -0.593056
1 75 -0.0565118 -0.59824
2 75 -0.0513278 -0.606016
0 76 -0.00207977 -0.673408
1 76 -0.00207977 -0.678592
2 76 0.00310421 -0.686368
0 77 -0.237952 -0.331264
1 77 -0.237952 -0.336448
2 77 -0.232768 -0.341632
0 78 -0.558323 -0.757389
1 78 -0.561433 -0.760499
2 78 -0.556768 -0.769312
0 79 0.119744 -0.323488
1 79 0.119744 -0.328153
2 79 0.12752 -0.333856
0 80 -0.00207977 -0.582688
1 80 -0.00207977 -0.587872
2 80 0.00310421 -0.593056
0 81 -0.216179 -0.723174
1 81 -0.216179 -0.729395
2 81 -0.213069 -0.735616
0 82 -0.2224 -0.713843
1 82 -0.2224 -0.720064
2 82 -0.219289 -0.726285
0 83 -0.0637693 -0.732506
1 83 -0.0637693 -0.738726
2 83 -0.0575485 -0.744947
0 84 -0.00156136 -0.673408
1 84 -0.00156136 -0.679629
2 84 0.00154908 -0.68585
0 85 0.00154908 -0.589427
1 85 0.00154908 -0.595648
2 85 0.00465946 -0.601869
0 86 -0.0326653 -0.589427
1 86 -0.0326653 -0.595648
2 86 -0.0295549 -0.601869
0 87 -0.237952 -0.713843
1 87 -0.237952 -0.716954
2 87 -0.234841 -0.723174
0 88 -0.0575485 -0.6112
1 88 -0.0575485 -0.617421
2 88 -0.0544381 -0.623641
0 89 -0.0419965 -0.580096
1 89 -0.0419965 -0.586317
2 89 -0.0388861 -0.592537
0 90 -0.558323 -0.757389
1 90 -0.561433 -0.760499
2 90 -0.558323 -0.76983
0 91 -0.0202237 -0.580096
1 91 -0.02209 -0.589427
2 91 -0.0171134 -0.592537
0 92 0.0108803 -0.673408
1 92 0.0108803 -0.679629
2 92 0.0171011 -0.68585
0 93 -0.237952 -0.331264
1 93 -0.237952 -0.334374
2 93 -0.231731 -0.340595
0 94 0.119744 -0.325043
1 94 0.119744 -0.328153
2 94 0.125965 -0.334374
0 95 0.119744 -0.325043
1 95 0.119744 -0.328153
2 95 0.127209 -0.335618
0 96 -0.237952 -0.331264
1 96 -0.238574 -0.335618
2 96 -0.231109 -0.343083
0 97 -0.208714 -0.708866
1 97 -0.208714 -0.712599
2 97 -0.204982 -0.720064
0 98 -0.559567 -0.757389
1 98 -0.5633 -0.761121
2 98 -0.559567 -0.768586
0 99 -0.0556823 -0.671542
1 99 -0.0556823 -0.675274
2 99 -0.0519498 -0.682739
0 100 -0.02209 -0.581962
1 100 -0.02209 -0.589427
2 100 -0.0183575 -0.59316
0 101 0.000304921 -0.59316
1 101 0.000304921 -0.596892
2 101 0.00403741 -0.604357
0 102 -0.0332874 -0.59316
1 102 -0.0332874 -0.596892
2 102 -0.0295549 -0.604357
0 103 -0.0519498 -0.604357
1 103 -0.0519498 -0.608089
2 103 -0.0482173 -0.615554
0 104 -0.0370199 -0.671542
1 104 -0.0370199 -0.679007
2 104 -0.0332874 -0.686472
0 105 -0.00342757 -0.675274
1 105 -0.00342757 -0.679007
2 105 0.000304921 -0.686472
