75
0 0 -0.123958 -0.710417
1 0 -0.129167 -0.708333
2 0 -0.134375 -0.70625
0 1 -0.123958 -0.726042
1 1 -0.130208 -0.723958
2 1 -0.134375 -0.721875
0 2 -0.119792 -0.722917
1 2 -0.126042 -0.720833
2 2 -0.130208 -0.71875
0 3 -0.0824999 -0.775
1 3 -0.0887499 -0.77375
2 3 -0.0949999 -0.7725
0 4 -0.2875 -0.51125
1 4 -0.29375 -0.505
2 4 -0.29875 -0.49875
0 5 -0.12375 -0.72625
1 5 -0.13 -0.72375
2 5 -0.135 -0.7225
0 6 -0.12375 -0.71
1 6 -0.13 -0.7075
2 6 -0.13375 -0.70625
0 7 -0.21 -0.80375
1 7 -0.21875 -0.8
2 7 -0.225 -0.7975
0 8 -0.23 -0.87625
1 8 -0.2375 -0.87375
2 8 -0.24625 -0.87125
0 9 -0.0624999 -0.6895
1 9 -0.0669999 -0.688
2 9 -0.0715 -0.6865
0 10 -0.0745 -0.688
1 10 -0.0805 -0.6865
2 10 -0.085 -0.685
0 11 -0.0895 -0.6865
1 11 -0.0955 -0.6835
2 11 -0.0999999 -0.682
0 12 -0.286 -0.5125
1 12 -0.2935 -0.505
2 12 -0.2995 -0.499
0 13 -0.0355 -0.79
1 13 -0.043 -0.7885
2 13 -0.0475 -0.7885
0 14 -0.2845 -0.43
1 14 -0.292 -0.4225
2 14 -0.295 -0.4165
0 15 -0.286 -0.5125
1 15 -0.2926 -0.5068
2 15 -0.298 -0.4996
0 16 -0.0819999 -0.6814
1 16 -0.0873999 -0.6796
2 16 -0.0909999 -0.6778
0 17 -0.0459999 -0.6868
1 17 -0.0513999 -0.685
2 17 -0.0549999 -0.685
0 18 -0.0747999 -0.6886
1 18 -0.0801999 -0.6868
2 18 -0.0855999 -0.685
0 19 -0.2845 -0.43
1 19 -0.2908 -0.424
2 19 -0.2944 -0.4168
0 20 -0.0477999 -0.694
1 20 -0.0531999 -0.694
2 20 -0.0567999 -0.6922
0 21 -0.0171999 -0.694
1 21 -0.0225999 -0.694
2 21 -0.0261999 -0.694
0 22 -0.0531999 -0.7336
1 22 -0.0585999 -0.7318
2 22 -0.0639999 -0.7318
0 23 -0.2116 -0.802
1 23 -0.2188 -0.7984
2 23 -0.226 -0.7948
0 24 -0.0333999 -0.7966
1 24 -0.0405999 -0.7948
2 24 -0.0459999 -0.7948
0 25 -0.0567999 -0.7534
1 25 -0.0639999 -0.7516
2 25 -0.0693999 -0.7516
0 26 -0.0207999 -0.6814
1 26 -0.0261999 -0.6796
2 26 -0.0297999 -0.6796
0 27 -0.1126 -0.82
1 27 -0.1216 -0.8182
2 27 -0.127 -0.8164
0 28 -0.0405999 -0.7858
1 28 -0.0477999 -0.784
2 28 -0.0531999 -0.784
0 29 0.11888 -0.42112
1 29 0.117152 -0.4168
2 29 0.12104 -0.4168
0 30 -0.28504 -0.4276
1 30 -0.289792 -0.424576
2 30 -0.29368 -0.4168
0 31 -0.2872 -0.514
1 31 -0.2926 -0.5068
2 31 -0.298 -0.50104
0 32 -0.1144 -0.81856
1 32 -0.12088 -0.8164
2 32 -0.12736 -0.8164
0 33 -0.0452799 -0.6868
1 33 -0.0517598 -0.6868
2 33 -0.0539199 -0.68464
0 34 -0.0452799 -0.82072
1 34 -0.0495998 -0.82072
2 34 -0.0560799 -0.82072
0 35 -0.0884799 -0.6868
1 35 -0.0949599 -0.68464
2 35 -0.0992798 -0.68248
0 36 -0.0776799 -0.69112
1 36 -0.0841599 -0.68896
2 36 -0.0884799 -0.68896
0 37 -0.23968 -0.69976
1 37 -0.24616 -0.6976
2 37 -0.25264 -0.69112
0 38 -0.0409599 -0.79696
1 38 -0.0474399 -0.7948
2 38 -0.0517598 -0.7948
0 39 -0.12736 -0.83584
1 39 -0.13384 -0.83368
2 39 -0.14032 -0.83152
0 40 -0.0772478 -0.691552
1 40 -0.0824318 -0.68896
2 40 -0.0876158 -0.68896
0 41 -0.123904 -0.72784
1 41 -0.129088 -0.725248
2 41 -0.134272 -0.725248
0 42 -0.11872 -0.68896
1 42 -0.123904 -0.686368
2 42 -0.129088 -0.683776
0 43 -0.28504 -0.4276
1 43 -0.289792 -0.424576
2 43 -0.292384 -0.4168
0 44 -0.284608 -0.512704
1 44 -0.292384 -0.50752
2 44 -0.297568 -0.502336
0 45 -0.232768 -0.826336
1 45 -0.240544 -0.823744
2 45 -0.24832 -0.81856
0 46 -0.0487357 -0.722656
1 46 -0.0539198 -0.720064
2 46 -0.0591038 -0.720064
0 47 -0.0876158 -0.730432
1 47 -0.0927998 -0.72784
2 47 -0.0979838 -0.72784
0 48 0.11888 -0.42112
1 48 0.117152 -0.4168
2 48 0.122336 -0.4168
0 49 -0.060659 -0.754278
1 49 -0.0668798 -0.754278
2 49 -0.0731005 -0.751168
0 50 -0.122867 -0.729395
1 50 -0.129088 -0.726285
2 50 -0.135309 -0.723174
0 51 -0.113536 -0.816486
1 51 -0.116646 -0.813376
2 51 -0.125977 -0.813376
0 52 -0.0357758 -0.797824
1 52 -0.0419965 -0.794714
2 52 -0.0482173 -0.794714
0 53 0.11888 -0.42112
1 53 0.11888 -0.4168
2 53 0.119744 -0.415245
0 54 -0.216179 -0.810266
1 54 -0.2224 -0.807155
2 54 -0.228621 -0.804045
0 55 -0.119757 -0.68896
1 55 -0.125977 -0.68585
2 55 -0.132198 -0.682739
0 56 -0.0668798 -0.68896
1 56 -0.0699902 -0.68896
2 56 -0.076211 -0.68585
0 57 -0.284608 -0.427168
1 57 -0.289792 -0.424576
2 57 -0.293939 -0.415245
0 58 -0.125977 -0.832038
1 58 -0.132198 -0.828928
2 58 -0.138419 -0.828928
0 59 -0.284608 -0.514777
1 59 -0.290829 -0.508557
2 59 -0.297049 -0.502336
0 60 -0.122867 -0.707622
1 60 -0.129088 -0.707622
2 60 -0.135309 -0.704512
0 61 -0.213069 -0.800934
1 61 -0.2224 -0.797824
2 61 -0.228621 -0.794714
0 62 -0.104205 -0.686472
1 62 -0.107937 -0.682739
2 62 -0.111669 -0.682739
0 63 -0.122867 -0.720064
1 63 -0.130332 -0.716331
2 63 -0.134064 -0.716331
0 64 -0.122867 -0.731261
1 64 -0.129088 -0.726285
2 64 -0.134064 -0.727529
0 65 -0.126599 -0.828306
1 65 -0.134064 -0.824573
2 65 -0.137797 -0.828306
0 66 -0.242306 -0.705134
1 66 -0.249771 -0.701402
2 66 -0.253504 -0.697669
0 67 -0.0855421 -0.697669
1 67 -0.0930071 -0.697669
2 67 -0.0967396 -0.697669
0 68 -0.0482173 -0.798446
1 68 -0.0556823 -0.798446
2 68 -0.0594147 -0.798446
0 69 -0.111669 -0.817108
1 69 -0.119134 -0.813376
2 69 -0.122867 -0.813376
0 70 -0.279631 -0.432663
1 70 -0.290829 -0.425198
2 70 -0.294561 -0.417733
0 71 -0.283364 -0.514777
1 71 -0.290829 -0.511045
2 71 -0.298294 -0.50358
0 72 -0.014625 -0.813376
1 72 -0.02209 -0.813376
2 72 -0.0258224 -0.817108
0 73 -0.0370199 -0.798446
1 73 -0.0444848 -0.794714
2 73 -0.0482173 -0.794714
0 74 0.116012 -0.421465
1 74 0.116012 -0.417733
2 74 0.119744 -0.417733
