65
0 0 -0.117708 -0.584375
1 0 -0.120833 -0.583333
2 0 -0.115625 -0.580208
0 1 -0.0874999 -0.7275
1 1 -0.09 -0.7275
2 1 -0.0824999 -0.725
0 2 -0.145 -0.73125
1 2 -0.1475 -0.73125
2 2 -0.14125 -0.73
0 3 -0.04125 -0.6925
1 3 -0.0437499 -0.6925
2 3 -0.03625 -0.68875
0 4 -0.0874999 -0.6475
1 4 -0.09125 -0.6475
2 4 -0.08375 -0.645
0 5 -0.04125 -0.6475
1 5 -0.0437499 -0.6475
2 5 -0.0374999 -0.64375
0 6 -0.106 -0.7225
1 6 -0.109 -0.724
2 6 -0.1015 -0.721
0 7 -0.2275 -0.922
1 7 -0.2305 -0.925
2 7 -0.223 -0.9235
0 8 -0.148 -0.727
1 8 -0.151 -0.7285
2 8 -0.1435 -0.7255
0 9 -0.088 -0.6475
1 9 -0.091 -0.6475
2 9 -0.0835 -0.6445
0 10 -0.04 -0.652
1 10 -0.0415 -0.652
2 10 -0.0355 -0.649
0 11 -0.0445 -0.817
1 11 -0.0445 -0.817
2 11 -0.0355 -0.814
0 12 -0.2278 -0.9226
1 12 -0.2296 -0.9244
2 12 -0.2224 -0.9226
0 13 -0.1774 -0.919
1 13 -0.1792 -0.9208
2 13 -0.1702 -0.919
0 14 -0.0261999 -0.9136
1 14 -0.0261999 -0.9154
2 14 -0.0171999 -0.9136
0 15 -0.1378 -0.5896
1 15 -0.1414 -0.5896
2 15 -0.136 -0.586
0 16 -0.0567999 -0.5968
1 16 -0.0585999 -0.5968
2 16 -0.0531999 -0.5932
0 17 -0.1108 -0.6004
1 17 -0.1144 -0.6004
2 17 -0.109 -0.5968
0 18 -0.0819999 -0.6022
1 18 -0.0855999 -0.6022
2 18 -0.0783999 -0.5986
0 19 -0.2152 -0.6652
1 19 -0.2188 -0.6652
2 19 -0.2134 -0.6634
0 20 -0.0297999 -0.7678
1 20 -0.0315999 -0.7678
2 20 -0.0243999 -0.7642
0 21 -0.1468 -0.757
1 21 -0.1486 -0.757
2 21 -0.1414 -0.7552
0 22 -0.0423999 -0.6436
1 22 -0.0441999 -0.6436
2 22 -0.0369999 -0.64
0 23 -0.0459999 -0.6976
1 23 -0.0477999 -0.6976
2 23 -0.0405999 -0.694
0 24 -0.0405999 -0.6526
1 24 -0.0423999 -0.6526
2 24 -0.0351999 -0.649
0 25 -0.18352 -0.92224
1 25 -0.18568 -0.9244
2 25 -0.17488 -0.92224
0 26 -0.17488 -0.91792
1 26 -0.17704 -0.92008
2 26 -0.17056 -0.91792
0 27 -0.0258399 -0.91792
1 27 -0.0279999 -0.92008
2 27 -0.0171998 -0.91792
0 28 -0.14896 -0.73
1 28 -0.15112 -0.73
2 28 -0.14464 -0.72784
0 29 -0.0884799 -0.76456
1 29 -0.0906399 -0.76456
2 29 -0.0841599 -0.7624
0 30 -0.0431199 -0.69328
1 30 -0.0452799 -0.69328
2 30 -0.0387999 -0.68896
0 31 -0.0409599 -0.6544
1 31 -0.0431199 -0.6544
2 31 -0.0366398 -0.65008
0 32 -0.21592 -0.6652
1 32 -0.21808 -0.6652
2 32 -0.21376 -0.66304
0 33 8.01722e-05 -0.61336
1 33 -0.00207984 -0.61336
2 33 0.00440013 -0.60904
0 34 -0.10576 -0.720064
1 34 -0.108352 -0.720064
2 34 -0.100576 -0.720064
0 35 0.0160643 -0.919648
1 35 0.0134722 -0.919648
2 35 0.0238403 -0.919648
0 36 -0.0279998 -0.914464
1 36 -0.0279998 -0.917056
2 36 -0.0176318 -0.914464
0 37 -0.0461438 -0.647488
1 37 -0.0487357 -0.647488
2 37 -0.0409598 -0.644896
0 38 -0.149824 -0.751168
1 38 -0.152416 -0.751168
2 38 -0.14464 -0.748576
0 39 -0.0539198 -0.59824
1 39 -0.0565118 -0.59824
2 39 -0.0513278 -0.595648
0 40 -0.0850238 -0.600832
1 40 -0.0876158 -0.600832
2 40 -0.0798398 -0.59824
0 41 -0.0409598 -0.655264
1 41 -0.0435518 -0.655264
2 41 -0.0357758 -0.652672
0 42 -0.0953918 -0.784864
1 42 -0.0979838 -0.784864
2 42 -0.0902078 -0.782272
0 43 -0.0902078 -0.655264
1 43 -0.0927998 -0.655264
2 43 -0.0850238 -0.652672
0 44 -0.0487357 -0.699328
1 44 -0.0513278 -0.699328
2 44 -0.0435518 -0.696736
0 45 -0.0544381 -0.598758
1 45 -0.0575485 -0.598758
2 45 -0.0513278 -0.595648
0 46 -0.0388861 -0.776051
1 46 -0.0419965 -0.776051
2 46 -0.0326653 -0.772941
0 47 -0.0419965 -0.654746
1 47 -0.045107 -0.654746
2 47 -0.0388861 -0.651635
0 48 -0.203737 -0.648525
1 48 -0.206848 -0.648525
2 48 -0.200627 -0.645414
0 49 -0.209958 -0.667187
1 49 -0.213069 -0.667187
2 49 -0.206848 -0.664077
0 50 -0.0482173 -0.772941
1 50 -0.0513278 -0.772941
2 50 -0.0419965 -0.76983
0 51 -0.00156136 -0.61431
1 51 -0.00156136 -0.61431
2 51 0.00465946 -0.6112
0 52 -0.0948734 -0.785382
1 52 -0.0979837 -0.785382
2 52 -0.0917629 -0.782272
0 53 -0.045107 -0.825818
1 53 -0.0482173 -0.825818
2 53 -0.0388861 -0.822707
0 54 -0.0886525 -0.657856
1 54 -0.0917629 -0.657856
2 54 -0.0855422 -0.654746
0 55 -0.0519498 -0.600625
1 55 -0.0556823 -0.600625
2 55 -0.0482173 -0.596892
0 56 -0.0892746 -0.600625
1 56 -0.0892746 -0.600625
2 56 -0.0855421 -0.596892
0 57 -0.104205 -0.720064
1 57 -0.107937 -0.720064
2 57 -0.100472 -0.716331
0 58 -0.148994 -0.731261
1 58 -0.152727 -0.731261
2 58 -0.145262 -0.731261
0 59 -0.219911 -0.671542
1 59 -0.223644 -0.671542
2 59 -0.216179 -0.667809
0 60 -0.219911 -0.645414
1 60 -0.223644 -0.645414
2 60 -0.216179 -0.641682
0 61 -0.0855421 -0.764854
1 61 -0.0892746 -0.764854
2 61 -0.0818097 -0.761121
0 62 -0.02209 -0.798446
1 62 -0.02209 -0.798446
2 62 -0.014625 -0.794714
0 63 -0.0930071 -0.787249
1 63 -0.0967396 -0.787249
2 63 -0.0892746 -0.783516
0 64 -0.141529 -0.817108
1 64 -0.145262 -0.817108
2 64 -0.137797 -0.813376
