95
0 0 -0.0239583 -0.578125
1 0 -0.0166667 -0.580208
2 0 -0.0125 -0.580208
0 1 0.722917 -0.913542
1 1 0.761458 -0.921875
2 1 0.795833 -0.936458
0 2 -0.02375 -0.5775
1 2 -0.0175 -0.58
2 2 -0.0124999 -0.58
0 3 -0.33375 -0.23875
1 3 -0.33375 -0.23875
2 3 -0.33375 -0.2325
0 4 0.0785 -0.424
1 4 0.0850001 -0.42625
2 4 0.09 -0.4275
0 5 -0.1162 -0.4366
1 5 -0.1125 -0.43875
2 5 -0.1075 -0.43875
0 6 -0.0505 -0.745
1 6 -0.043 -0.7495
2 6 -0.04125 -0.75125
0 7 -0.2825 -0.7675
1 7 -0.27875 -0.77125
2 7 -0.27875 -0.7725
0 8 -0.27875 -0.7675
1 8 -0.27625 -0.77125
2 8 -0.275 -0.7725
0 9 0.02 -0.655
1 9 0.0275 -0.65625
2 9 0.0312501 -0.65875
0 10 0.00800006 -0.577
1 10 0.0140001 -0.58
2 10 0.0185 -0.58
0 11 -0.283 -0.7435
1 11 -0.28 -0.7465
2 11 -0.28 -0.748
0 12 -0.0234999 -0.577
1 12 -0.0175 -0.58
2 12 -0.013 -0.58
0 13 -0.2485 -0.7375
1 13 -0.2455 -0.742
2 13 -0.244 -0.742
0 14 0.00950006 -0.583
1 14 0.0155001 -0.586
2 14 0.02 -0.586
0 15 -0.0445 -0.598
1 15 -0.0385 -0.601
2 15 -0.034 -0.601
0 16 -0.016 -0.58
1 16 -0.00999997 -0.583
2 16 -0.00549997 -0.583
0 17 -0.2455 -0.7315
1 17 -0.2425 -0.736
2 17 -0.2425 -0.736
0 18 0.722917 -0.913542
1 18 0.761 -0.9235
2 18 0.7955 -0.9385
0 19 -0.043 -0.5785
1 19 -0.0385 -0.5815
2 19 -0.0324999 -0.5815
0 20 -0.1162 -0.4366
1 20 -0.1126 -0.4384
2 20 -0.1075 -0.439
0 21 -0.034 -0.6745
1 21 -0.0264999 -0.679
2 21 -0.0219999 -0.679
0 22 0.0785 -0.424
1 22 0.0836001 -0.4258
2 22 0.0890001 -0.427
0 23 -0.256 -0.7315
1 23 -0.2515 -0.736
2 23 -0.2515 -0.736
0 24 -0.33375 -0.23875
1 24 -0.334 -0.238
2 24 -0.334 -0.232
0 25 -0.0895 -0.655
1 25 -0.0835 -0.6565
2 25 -0.0805 -0.658
0 26 0.26 -0.2008
1 26 0.2708 -0.199
2 26 0.281 -0.1975
0 27 -0.0505 -0.745
1 27 -0.043 -0.7495
2 27 -0.0415 -0.7495
0 28 -0.0495999 -0.6058
1 28 -0.0423999 -0.6094
2 28 -0.0387999 -0.6094
0 29 0.722917 -0.913542
1 29 0.761 -0.9235
2 29 0.7964 -0.9388
0 30 -0.0873999 -0.649
1 30 -0.0819999 -0.6526
2 30 -0.0783999 -0.6526
0 31 -0.24184 -0.73432
1 31 -0.2386 -0.739
2 31 -0.2386 -0.739
0 32 -0.2602 -0.7354
1 32 -0.2566 -0.739
2 32 -0.2566 -0.739
0 33 -0.2458 -0.7318
1 33 -0.2422 -0.7354
2 33 -0.2422 -0.7354
0 34 -0.2764 -0.766
1 34 -0.2728 -0.7696
2 34 -0.2728 -0.7696
0 35 0.0116001 -0.676
1 35 0.0188001 -0.6796
2 35 0.0224001 -0.6796
0 36 -0.2476 -0.7714
1 36 -0.244 -0.775
2 36 -0.244 -0.7768
0 37 -0.28 -0.7444
1 37 -0.2764 -0.748
2 37 -0.2764 -0.748
0 38 -0.0505 -0.745
1 38 -0.0441999 -0.7498
2 38 -0.0405999 -0.7498
0 39 -0.0333999 -0.676
1 39 -0.0261999 -0.6778
2 39 -0.0225999 -0.6796
0 40 0.26 -0.2008
1 40 0.27008 -0.19864
2 40 0.2798 -0.1972
0 41 -0.2764 -0.7732
1 41 -0.2728 -0.7768
2 41 -0.2728 -0.7786
0 42 -0.1054 -0.595
1 42 -0.0999999 -0.5968
2 42 -0.0963999 -0.5986
0 43 0.00872014 -0.58312
1 43 0.0152002 -0.58528
2 43 0.0195201 -0.58744
0 44 -0.0279999 -0.58528
1 44 -0.0215199 -0.58744
2 44 -0.0171998 -0.58744
0 45 -0.0495998 -0.59392
1 45 -0.0431199 -0.59608
2 45 -0.0387999 -0.59824
0 46 -0.2764 -0.73648
1 46 -0.27208 -0.7408
2 46 -0.27208 -0.7408
0 47 -0.24184 -0.73432
1 47 -0.23752 -0.73864
2 47 -0.23752 -0.73864
0 48 -0.0452799 -0.59824
1 48 -0.0387999 -0.60256
2 48 -0.0344798 -0.60472
0 49 -0.0409599 -0.67384
1 49 -0.0351999 -0.6778
2 49 -0.0301599 -0.67816
0 50 -0.24616 -0.73216
1 50 -0.24184 -0.73648
2 50 -0.24184 -0.73648
0 51 -0.2764 -0.7732
1 51 -0.27424 -0.77536
2 51 -0.27424 -0.77752
0 52 -0.0150399 -0.57664
1 52 -0.00855986 -0.5788
2 52 -0.00423985 -0.5788
0 53 -0.24832 -0.77104
1 53 -0.244 -0.77536
2 53 -0.244 -0.77536
0 54 0.259712 -0.201664
1 54 0.27008 -0.19864
2 54 0.28088 -0.19648
0 55 -0.33256 -0.23752
1 55 -0.33256 -0.23752
2 55 -0.33256 -0.23104
0 56 0.00872014 -0.57664
1 56 0.0152002 -0.5788
2 56 0.0195201 -0.58096
0 57 -0.0495998 -0.74728
1 57 -0.0431199 -0.74944
2 57 -0.0409599 -0.7516
0 58 0.0281602 -0.66952
1 58 0.0346401 -0.67168
2 58 0.0389601 -0.67384
0 59 -0.0906399 -0.6544
1 59 -0.0863199 -0.65656
2 59 -0.0819998 -0.65872
0 60 -0.0461438 -0.678592
1 60 -0.0409599 -0.68248
2 60 -0.0357758 -0.683776
0 61 -0.240544 -0.7408
1 61 -0.23536 -0.743392
2 61 -0.23536 -0.743392
0 62 -0.26128 -0.735616
1 62 -0.256096 -0.7408
2 62 -0.256096 -0.7408
0 63 -0.256096 -0.733024
1 63 -0.250912 -0.738208
2 63 -0.250912 -0.738208
0 64 0.0186562 -0.670816
1 64 0.0238403 -0.673408
2 64 0.0290243 -0.676
0 65 0.0342082 -0.673408
1 65 0.0411201 -0.67816
2 65 0.0445763 -0.676
0 66 0.0108802 -0.577504
1 66 0.0160643 -0.580096
2 66 0.0212482 -0.580096
0 67 -0.284608 -0.771904
1 67 -0.282016 -0.777088
2 67 -0.282016 -0.777088
0 68 -0.0383678 -0.673408
1 68 -0.0331838 -0.676
2 68 -0.0279998 -0.678592
0 69 -0.0495998 -0.74728
1 69 -0.0431199 -0.74944
2 69 -0.0383678 -0.751168
0 70 0.259712 -0.200627
1 70 0.269043 -0.197517
2 70 0.280448 -0.19648
0 71 -0.333856 -0.237952
1 71 -0.333856 -0.237952
2 71 -0.333856 -0.232768
0 72 -0.0487357 -0.608608
1 72 -0.0435518 -0.6112
2 72 -0.0383678 -0.613792
0 73 -0.0279998 -0.58528
1 73 -0.0228158 -0.587872
2 73 -0.0176318 -0.587872
0 74 -0.0487357 -0.593056
1 74 -0.0435518 -0.595648
2 74 -0.0383678 -0.595648
0 75 -0.0357758 -0.673408
1 75 -0.0295549 -0.676518
2 75 -0.0264446 -0.676518
0 76 -0.0326653 -0.576985
1 76 -0.0264446 -0.580096
2 76 -0.0233341 -0.580096
0 77 -0.278387 -0.772941
1 77 -0.275277 -0.776051
2 77 -0.275277 -0.776051
0 78 -0.262835 -0.76672
1 78 -0.259725 -0.76983
2 78 -0.259725 -0.76983
0 79 -0.0264446 -0.567654
1 79 -0.0233341 -0.570765
2 79 -0.0171134 -0.570765
0 80 -0.0482173 -0.744947
1 80 -0.0419965 -0.751168
2 80 -0.0388861 -0.751168
0 81 0.257846 -0.201249
1 81 0.269043 -0.197517
2 81 0.278375 -0.197517
0 82 -0.253504 -0.746191
1 82 -0.249771 -0.749924
2 82 -0.249771 -0.749924
0 83 -0.268434 -0.738726
1 83 -0.264701 -0.742459
2 83 -0.264701 -0.742459
0 84 -0.0444848 -0.682739
1 84 -0.0407523 -0.682739
2 84 -0.0332874 -0.686472
0 85 -0.283364 -0.761121
1 85 -0.279631 -0.764854
2 85 -0.279631 -0.764854
0 86 -0.249771 -0.734994
1 86 -0.246039 -0.738726
2 86 -0.242306 -0.738726
0 87 -0.0258224 -0.589427
1 87 -0.0183575 -0.59316
2 87 -0.014625 -0.59316
0 88 0.0712221 -0.734994
1 88 0.078687 -0.738726
2 88 0.0824195 -0.738726
0 89 -0.0295549 -0.567032
1 89 -0.02209 -0.570765
2 89 -0.0183575 -0.570765
0 90 -0.0332874 -0.57823
1 90 -0.0295549 -0.57823
2 90 -0.02209 -0.581962
0 91 0.0115024 -0.57823
1 91 0.0152349 -0.581962
2 91 0.0226998 -0.581962
0 92 0.257846 -0.201249
1 92 0.269043 -0.197517
2 92 0.276509 -0.197517
0 93 0.00403741 -0.585695
1 93 0.0077699 -0.589427
2 93 0.0152349 -0.589427
0 94 -0.331886 -0.238574
1 94 -0.331886 -0.238574
2 94 -0.331886 -0.231109
