12
0 0 0.0140001 -0.9415
1 0 0.00200005 -0.9445
2 0 6.35783e-08 -0.93875
0 1 -0.00999997 -0.697
1 1 -0.0175 -0.6985
2 1 -0.0205 -0.691
0 2 -0.00726376 -0.867808
1 2 -0.0176318 -0.8704
2 2 -0.0202237 -0.862624
0 3 -0.0850238 -0.803008
1 3 -0.0953918 -0.8056
2 3 -0.0979838 -0.797824
0 4 0.0342082 -0.606016
1 4 0.0264322 -0.608608
2 4 0.0212482 -0.600832
0 5 -0.0575485 -0.832038
1 5 -0.0668798 -0.832038
2 5 -0.0699902 -0.825818
0 6 -0.0855422 -0.76983
1 6 -0.0948734 -0.76983
2 6 -0.0979837 -0.760499
0 7 -0.0258224 -0.675274
1 7 -0.0332874 -0.675274
2 7 -0.0370199 -0.667809
0 8 -0.0108925 -0.869363
1 8 -0.0183575 -0.873096
2 8 -0.02209 -0.861898
0 9 0.0152349 -0.854433
1 9 0.0077699 -0.858166
2 9 0.00403741 -0.846968
0 10 -0.0892746 -0.805911
1 10 -0.0967396 -0.805911
2 10 -0.100472 -0.798446
0 11 -0.0706122 -0.652879
1 11 -0.0780772 -0.652879
2 11 -0.0855421 -0.645414
