68
0 0 -0.053125 -0.575
1 0 -0.0427083 -0.575
2 0 -0.00416667 -0.577083
0 1 -0.116667 -0.736458
1 1 -0.103125 -0.7375
2 1 -0.06875 -0.740625
0 2 -0.1175 -0.73875
1 2 -0.105 -0.73875
2 2 -0.0697917 -0.742708
0 3 -0.0975 -0.6725
1 3 -0.085 -0.67125
2 3 -0.0510417 -0.675
0 4 -0.36 -0.235
1 4 -0.358333 -0.235417
2 4 -0.325 -0.23875
0 5 -0.118 -0.7495
1 5 -0.1045 -0.7495
2 5 -0.0687499 -0.7525
0 6 -0.0975 -0.6725
1 6 -0.0865 -0.6715
2 6 -0.0512499 -0.675
0 7 -0.07875 -0.5725
1 7 -0.0675 -0.57125
2 7 -0.0312499 -0.575
0 8 -0.1175 -0.73875
1 8 -0.105 -0.73875
2 8 -0.07125 -0.7425
0 9 -0.3595 -0.235
1 9 -0.358 -0.235
2 9 -0.325 -0.238
0 10 -0.0984999 -0.6715
1 10 -0.0865 -0.6715
2 10 -0.052 -0.6745
0 11 -0.3055 -0.715
1 11 -0.295 -0.7195
2 11 -0.2575 -0.724
0 12 -0.118 -0.739
1 12 -0.1045 -0.739
2 12 -0.0699999 -0.7435
0 13 0.0225 -0.42875
1 13 0.0325 -0.4275
2 13 0.068 -0.4285
0 14 -0.1702 -0.433
1 14 -0.16 -0.433
2 14 -0.124 -0.436
0 15 -0.118 -0.7498
1 15 -0.1045 -0.7495
2 15 -0.0699999 -0.7525
0 16 -0.0775 -0.5725
1 16 -0.0669999 -0.571
2 16 -0.0309999 -0.574
0 17 0.197 -0.226
1 17 0.207872 -0.219808
2 17 0.2474 -0.217
0 18 -0.3595 -0.235
1 18 -0.3574 -0.235
2 18 -0.325 -0.2386
0 19 0.0206001 -0.4294
1 19 0.0314001 -0.4276
2 19 0.0674001 -0.4294
0 20 -0.17 -0.4325
1 20 -0.16 -0.433
2 20 -0.1234 -0.4348
0 21 -0.118 -0.739
1 21 -0.1036 -0.7408
2 21 -0.0693999 -0.7444
0 22 -0.3052 -0.7156
1 22 -0.2944 -0.7192
2 22 -0.2584 -0.7246
0 23 -0.1108 -0.5896
1 23 -0.0999999 -0.5896
2 23 -0.0639999 -0.5932
0 24 0.19664 -0.22456
1 24 0.20744 -0.21808
2 24 0.24848 -0.21376
0 25 -0.35848 -0.2332
1 25 -0.35632 -0.2332
2 25 -0.32392 -0.23752
0 26 -0.31744 -0.7192
1 26 -0.30664 -0.72352
2 26 -0.26992 -0.72784
0 27 -0.34336 -0.75376
1 27 -0.33256 -0.75808
2 27 -0.29584 -0.7624
0 28 -0.3088 -0.7516
1 28 -0.29584 -0.75592
2 28 -0.26128 -0.76024
0 29 -0.0517598 -0.66736
1 29 -0.0409599 -0.6652
2 29 -0.00207984 -0.66952
0 30 -0.0517598 -0.57448
1 30 -0.0409599 -0.57448
2 30 -0.00207984 -0.57664
0 31 -0.116128 -0.7408
1 31 -0.1036 -0.7408
2 31 -0.0690399 -0.74512
0 32 -0.31096 -0.73216
1 32 -0.30232 -0.73648
2 32 -0.26344 -0.7408
0 33 -0.31096 -0.72352
1 33 -0.298 -0.72784
2 33 -0.26344 -0.73216
0 34 -0.116128 -0.748576
1 34 -0.103168 -0.748576
2 34 -0.0711999 -0.7516
0 35 0.19664 -0.22456
1 35 0.20744 -0.21808
2 35 0.249344 -0.214624
0 36 -0.0513278 -0.574912
1 36 -0.0409598 -0.574912
2 36 -0.00207977 -0.577504
0 37 -0.0927998 -0.574912
1 37 -0.0824318 -0.574912
2 37 -0.0461438 -0.577504
0 38 -0.307936 -0.751168
1 38 -0.297568 -0.756352
2 38 -0.26128 -0.761536
0 39 -0.10576 -0.595648
1 39 -0.0953918 -0.595648
2 39 -0.0591038 -0.59824
0 40 -0.307936 -0.743392
1 40 -0.294976 -0.748576
2 40 -0.258688 -0.75376
0 41 -0.110944 -0.603424
1 41 -0.0979838 -0.603424
2 41 -0.0642878 -0.606016
0 42 -0.0461438 -0.668224
1 42 -0.0331838 -0.668224
2 42 0.00569623 -0.670816
0 43 -0.103168 -0.670816
1 43 -0.0902078 -0.668224
2 43 -0.0539198 -0.673408
0 44 -0.110944 -0.673408
1 44 -0.0979838 -0.673408
2 44 -0.0616958 -0.676
0 45 -0.31312 -0.717472
1 45 -0.302752 -0.720064
2 45 -0.263872 -0.725248
0 46 -0.310528 -0.725248
1 46 -0.297568 -0.72784
2 46 -0.26128 -0.733024
0 47 0.194394 -0.22551
1 47 0.206836 -0.219289
2 47 0.247271 -0.213069
0 48 -0.306381 -0.716954
1 48 -0.297049 -0.720064
2 48 -0.259725 -0.726285
0 49 -0.309491 -0.751168
1 49 -0.30016 -0.754278
2 49 -0.262835 -0.760499
0 50 -0.321933 -0.748058
1 50 -0.312601 -0.751168
2 50 -0.275277 -0.757389
0 51 -0.0544381 -0.583206
1 51 -0.045107 -0.583206
2 51 -0.00467173 -0.586317
0 52 -0.116646 -0.748058
1 52 -0.104205 -0.748058
2 52 -0.0699902 -0.751168
0 53 -0.312601 -0.716954
1 53 -0.30327 -0.720064
2 53 -0.265945 -0.726285
0 54 -0.0544381 -0.673408
1 54 -0.0419965 -0.673408
2 54 -0.00467173 -0.676518
0 55 -0.325043 -0.720064
1 55 -0.315712 -0.726285
2 55 -0.278387 -0.729395
0 56 -0.309491 -0.726285
1 56 -0.30016 -0.732506
2 56 -0.262835 -0.735616
0 57 -0.0886525 -0.564544
1 57 -0.0793214 -0.564544
2 57 -0.0419965 -0.567654
0 58 -0.0892746 -0.585695
1 58 -0.0780772 -0.585695
2 58 -0.0407523 -0.589427
0 59 -0.0930071 -0.574497
1 59 -0.0818097 -0.574497
2 59 -0.0482173 -0.57823
0 60 -0.328153 -0.720064
1 60 -0.316956 -0.723796
2 60 -0.279631 -0.727529
0 61 0.194394 -0.22551
1 61 0.205591 -0.219911
2 61 0.246649 -0.216179
0 62 -0.324421 -0.753656
1 62 -0.309491 -0.757389
2 62 -0.275899 -0.761121
0 63 -0.0930071 -0.675274
1 63 -0.0818097 -0.675274
2 63 -0.0444848 -0.675274
0 64 -0.115402 -0.746191
1 64 -0.104205 -0.746191
2 64 -0.0668797 -0.749924
0 65 -0.343083 -0.723796
1 65 -0.331886 -0.727529
2 65 -0.294561 -0.731261
0 66 -0.107937 -0.596892
1 66 -0.0967396 -0.596892
2 66 -0.0594147 -0.600625
0 67 -0.160192 -0.440128
1 67 -0.148994 -0.440128
2 67 -0.115402 -0.44386
