101
0 0 -0.0864583 -0.597917
1 0 -0.0864583 -0.597917
2 0 -0.0895833 -0.598958
0 1 -0.175 -0.921875
1 1 -0.175 -0.925
2 1 -0.179167 -0.929167
0 2 -0.0885417 -0.594792
1 2 -0.0885417 -0.595833
2 2 -0.0916667 -0.596875
0 3 -0.0552083 -0.567708
1 3 -0.0552083 -0.567708
2 3 -0.0583333 -0.56875
0 4 -0.0864583 -0.597917
1 4 -0.0864583 -0.597917
2 4 -0.0875 -0.598958
0 5 -0.0541667 -0.59375
1 5 -0.0541667 -0.594792
2 5 -0.0572917 -0.595833
0 6 -0.11625 -0.72625
1 6 -0.1175 -0.72625
2 6 -0.119792 -0.728125
0 7 0.0177083 -0.425
1 7 0.0177083 -0.425
2 7 0.0166667 -0.425
0 8 -0.11625 -0.72625
1 8 -0.118 -0.727
2 8 -0.12 -0.72875
0 9 0.0175001 -0.425
1 9 0.0177083 -0.425
2 9 0.01625 -0.425
0 10 -0.0574999 -0.59875
1 10 -0.0574999 -0.5975
2 10 -0.06 -0.6
0 11 -0.053125 -0.571875
1 11 -0.05375 -0.5725
2 11 -0.0562499 -0.57375
0 12 -0.055 -0.5675
1 12 -0.055 -0.5675
2 12 -0.0574999 -0.56875
0 13 -0.0387499 -0.56375
1 13 -0.0387499 -0.56375
2 13 -0.04125 -0.565
0 14 -0.2975 -0.70875
1 14 -0.30125 -0.70875
2 14 -0.305 -0.71
0 15 -0.08625 -0.59875
1 15 -0.08625 -0.59875
2 15 -0.0887499 -0.6
0 16 -0.09 -0.55875
1 16 -0.09125 -0.5575
2 16 -0.0937499 -0.56
0 17 -0.091 -0.574
1 17 -0.091 -0.574
2 17 -0.094 -0.5755
0 18 -0.349 -0.2395
1 18 -0.35125 -0.235
2 18 -0.355 -0.2335
0 19 -0.2965 -0.703
1 19 -0.2995 -0.703
2 19 -0.3025 -0.7045
0 20 -0.0535 -0.6655
1 20 -0.0535 -0.6655
2 20 -0.0565 -0.6655
0 21 -0.055 -0.568
1 21 -0.055 -0.568
2 21 -0.058 -0.5695
0 22 -0.112 -0.6655
1 22 -0.112 -0.6655
2 22 -0.115 -0.667
0 23 -0.085 -0.5665
1 23 -0.085 -0.5665
2 23 -0.088 -0.568
0 24 -0.0535 -0.574
1 24 -0.0535 -0.5725
2 24 -0.0565 -0.574
0 25 -0.1495 -0.634
1 25 -0.151 -0.634
2 25 -0.154 -0.6355
0 26 -0.11625 -0.72625
1 26 -0.118 -0.727
2 26 -0.121 -0.7285
0 27 0.0905 -0.457
1 27 0.0920001 -0.4555
2 27 0.0920001 -0.4555
0 28 -0.091 -0.5575
1 28 -0.091 -0.5575
2 28 -0.094 -0.559
0 29 0.17 -0.2335
1 29 0.1754 -0.2314
2 29 0.1775 -0.2275
0 30 0.0980001 -0.4675
1 30 0.0995 -0.466
2 30 0.0995 -0.466
0 31 -0.1525 -0.6385
1 31 -0.1525 -0.6385
2 31 -0.1555 -0.64
0 32 0.0170001 -0.4255
1 32 0.0170001 -0.424
2 32 0.0155001 -0.424
0 33 0.17 -0.2335
1 33 0.1754 -0.2314
2 33 0.1772 -0.2278
0 34 -0.349 -0.2395
1 34 -0.352 -0.235
2 34 -0.3556 -0.2332
0 35 -0.307 -0.703
1 35 -0.3088 -0.703
2 35 -0.3124 -0.7048
0 36 -0.298 -0.703
1 36 -0.2998 -0.703
2 36 -0.3034 -0.7048
0 37 -0.154 -0.64
1 37 -0.154 -0.64
2 37 -0.1558 -0.64
0 38 -0.0909999 -0.5752
1 38 -0.0909999 -0.5734
2 38 -0.0945999 -0.5752
0 39 -0.3052 -0.7102
1 39 -0.3088 -0.7102
2 39 -0.3124 -0.712
0 40 -0.3106 -0.7066
1 40 -0.3124 -0.7066
2 40 -0.316 -0.7084
0 41 -0.1108 -0.5824
1 41 -0.1108 -0.5824
2 41 -0.1144 -0.5842
0 42 -0.2998 -0.739
1 42 -0.3016 -0.739
2 42 -0.307 -0.7408
0 43 -0.0531999 -0.5734
1 43 -0.0549999 -0.5734
2 43 -0.0567999 -0.5752
0 44 -0.0765999 -0.5698
1 44 -0.0765999 -0.5698
2 44 -0.0801999 -0.5716
0 45 -0.0549999 -0.568
1 45 -0.0549999 -0.568
2 45 -0.0567999 -0.5698
0 46 -0.1648 -0.5824
1 46 -0.1666 -0.5806
2 46 -0.1684 -0.5824
0 47 0.0170001 -0.4255
1 47 0.0170001 -0.424
2 47 0.0152001 -0.424
0 48 -0.33904 -0.71056
1 48 -0.3412 -0.71056
2 48 -0.34552 -0.71056
0 49 -0.29152 -0.7084
1 49 -0.29584 -0.70624
2 49 -0.30016 -0.7084
0 50 -0.33472 -0.7084
1 50 -0.33688 -0.7084
2 50 -0.3412 -0.7084
0 51 -0.30232 -0.71056
1 51 -0.30448 -0.71056
2 51 -0.3088 -0.71272
0 52 -0.11008 -0.59608
1 52 -0.11224 -0.59608
2 52 -0.1144 -0.59608
0 53 -0.3304 -0.73216
1 53 -0.33472 -0.73216
2 53 -0.33688 -0.73432
0 54 -0.0539199 -0.57448
1 54 -0.0539199 -0.57448
2 54 -0.0560799 -0.57448
0 55 -0.30016 -0.73864
1 55 -0.30232 -0.73864
2 55 -0.30664 -0.7408
0 56 -0.33472 -0.73864
1 56 -0.33472 -0.7408
2 56 -0.3412 -0.7408
0 57 -0.10576 -0.568
1 57 -0.10576 -0.568
2 57 -0.11008 -0.568
0 58 -0.30664 -0.70408
1 58 -0.3088 -0.70408
2 58 -0.31096 -0.70624
0 59 -0.298 -0.70408
1 59 -0.30016 -0.70408
2 59 -0.30448 -0.70624
0 60 -0.331264 -0.717472
1 60 -0.333856 -0.717472
2 60 -0.336448 -0.717472
0 61 -0.305344 -0.704512
1 61 -0.307936 -0.704512
2 61 -0.31312 -0.707104
0 62 -0.108352 -0.587872
1 62 -0.108352 -0.587872
2 62 -0.110944 -0.587872
0 63 -0.110944 -0.595648
1 63 -0.110944 -0.595648
2 63 -0.113536 -0.59824
0 64 -0.30016 -0.738208
1 64 -0.302752 -0.738208
2 64 -0.307936 -0.7408
0 65 -0.331264 -0.730432
1 65 -0.333856 -0.730432
2 65 -0.336448 -0.733024
0 66 -0.116128 -0.72784
1 66 -0.116646 -0.729395
2 66 -0.11872 -0.730432
0 67 -0.103168 -0.660448
1 67 -0.103168 -0.660448
2 67 -0.10576 -0.66304
0 68 -0.0539198 -0.665632
1 68 -0.0539198 -0.665632
2 68 -0.0565118 -0.668224
0 69 0.168992 -0.232768
1 69 0.174176 -0.230176
2 69 0.176768 -0.227584
0 70 -0.110944 -0.665632
1 70 -0.110944 -0.665632
2 70 -0.113536 -0.668224
0 71 -0.149824 -0.631936
1 71 -0.149824 -0.631936
2 71 -0.152416 -0.631936
0 72 0.00310421 -0.720064
1 72 0.00310421 -0.720064
2 72 0.00051225 -0.722656
0 73 -0.116128 -0.735616
1 73 -0.116128 -0.735616
2 73 -0.11872 -0.738208
0 74 -0.0694718 -0.569728
1 74 -0.0694718 -0.569728
2 74 -0.0720638 -0.569728
0 75 -0.0513278 -0.567654
1 75 -0.0544381 -0.567654
2 75 -0.0544381 -0.567654
0 76 -0.306381 -0.704512
1 76 -0.30327 -0.704512
2 76 -0.309491 -0.704512
0 77 -0.0575485 -0.573875
1 77 -0.0575485 -0.573875
2 77 -0.060659 -0.576985
0 78 0.00154908 -0.720064
1 78 0.00154908 -0.720064
2 78 -0.00156136 -0.720064
0 79 -0.107315 -0.589427
1 79 -0.107315 -0.589427
2 79 -0.110425 -0.589427
0 80 -0.0948734 -0.567654
1 80 -0.0948734 -0.564544
2 80 -0.0979837 -0.567654
0 81 -0.11656 -0.73432
1 81 -0.116128 -0.735616
2 81 -0.119757 -0.735616
0 82 -0.0886525 -0.558323
1 82 -0.0886525 -0.555213
2 82 -0.0917629 -0.558323
0 83 -0.334374 -0.738726
1 83 -0.337485 -0.738726
2 83 -0.340595 -0.741837
0 84 -0.116128 -0.72784
1 84 -0.116646 -0.729395
2 84 -0.116646 -0.729395
0 85 -0.110425 -0.667187
1 85 -0.110425 -0.670297
2 85 -0.113536 -0.670297
0 86 -0.0544381 -0.664077
1 86 -0.0544381 -0.664077
2 86 -0.0575485 -0.667187
0 87 0.169511 -0.231731
1 87 0.172621 -0.228621
2 87 0.175732 -0.22551
0 88 -0.107315 -0.567654
1 88 -0.107315 -0.567654
2 88 -0.110425 -0.567654
0 89 -0.313223 -0.738726
1 89 -0.316956 -0.738726
2 89 -0.320688 -0.738726
0 90 -0.0892746 -0.57823
1 90 -0.0892746 -0.57823
2 90 -0.0930071 -0.57823
0 91 -0.302026 -0.738726
1 91 -0.305759 -0.738726
2 91 -0.309491 -0.738726
0 92 -0.331886 -0.708866
1 92 -0.335618 -0.708866
2 92 -0.339351 -0.712599
0 93 -0.0892746 -0.559567
1 93 -0.0892746 -0.555835
2 93 -0.0930071 -0.559567
0 94 -0.0556823 -0.585695
1 94 -0.0556823 -0.585695
2 94 -0.0594147 -0.585695
0 95 -0.0556823 -0.57823
1 95 -0.0556823 -0.57823
2 95 -0.0594147 -0.57823
0 96 -0.0556823 -0.664077
1 96 -0.0594147 -0.667809
2 96 -0.0594147 -0.667809
0 97 -0.346816 -0.238574
1 97 -0.350548 -0.234841
2 97 -0.354281 -0.234841
0 98 -0.0594147 -0.559567
1 98 -0.0594147 -0.559567
2 98 -0.0631472 -0.559567
0 99 0.169511 -0.231731
1 99 0.172621 -0.228621
2 99 0.175732 -0.227376
0 100 -0.107937 -0.589427
1 100 -0.107937 -0.589427
2 100 -0.111669 -0.589427
