36
0 0 0.0562501 -0.72625
1 0 0.0612501 -0.725
2 0 0.0729167 -0.721875
0 1 0.0510417 -0.655208
1 1 0.0552083 -0.652083
2 1 0.0645833 -0.647917
0 2 0.0112501 -0.685
1 2 0.015 -0.6825
2 2 0.025 -0.680208
0 3 0.00875003 -0.80875
1 3 0.015 -0.80875
2 3 0.0250001 -0.80625
0 4 0.0112501 -0.685
1 4 0.015 -0.6825
2 4 0.0250001 -0.68
0 5 0.059 -0.8395
1 5 0.0665 -0.838
2 5 0.0800001 -0.835
0 6 -0.3844 -0.901
1 6 -0.3934 -0.91
2 6 -0.3916 -0.91
0 7 -0.394 -0.8965
1 7 -0.4042 -0.9028
2 7 -0.4024 -0.9028
0 8 0.0130402 -0.72784
1 8 0.0173601 -0.72568
2 8 0.0281602 -0.72352
0 9 -0.3844 -0.901
1 9 -0.3952 -0.90928
2 9 -0.39304 -0.90928
0 10 -0.00207984 -0.75376
1 10 0.00224012 -0.7516
2 10 0.0130402 -0.74944
0 11 0.0713601 -0.80776
1 11 0.0800002 -0.8056
2 11 0.0908001 -0.80344
0 12 0.0929601 -0.6004
1 12 0.0972801 -0.59608
2 12 0.10808 -0.59176
0 13 -0.385696 -0.898912
1 13 -0.393472 -0.90928
2 13 -0.393472 -0.90928
0 14 0.0549442 -0.657856
1 14 0.0575363 -0.655264
2 14 0.0679043 -0.65008
0 15 0.0290243 -0.79264
1 15 0.0368003 -0.79264
2 15 0.0471682 -0.790048
0 16 -0.00207977 -0.75376
1 16 0.00310421 -0.751168
2 16 0.0134722 -0.748576
0 17 0.0601283 -0.847072
1 17 0.0653123 -0.84448
2 17 0.0782722 -0.841888
0 18 0.0575363 -0.691552
1 18 0.0601283 -0.68896
2 18 0.0730882 -0.686368
0 19 0.0160643 -0.803008
1 19 0.0212482 -0.803008
2 19 0.0342082 -0.800416
0 20 0.0929601 -0.6004
1 20 0.0964162 -0.59824
2 20 0.106784 -0.593056
0 21 0.111968 -0.906688
1 21 0.119744 -0.906688
2 21 0.132704 -0.904096
0 22 0.0917507 -0.601869
1 22 0.0948611 -0.598758
2 22 0.104192 -0.595648
0 23 -0.0171134 -0.754278
1 23 -0.0140029 -0.751168
2 23 -0.00156136 -0.748058
0 24 0.0575363 -0.84448
1 24 0.0637571 -0.84448
2 24 0.0761987 -0.84137
0 25 -0.0295549 -0.838259
1 25 -0.0233341 -0.838259
2 25 -0.0140029 -0.835149
0 26 -0.0637693 -0.698291
1 26 -0.060659 -0.695181
2 26 -0.0513278 -0.69207
0 27 -0.0326653 -0.657856
1 27 -0.0295549 -0.654746
2 27 -0.0202237 -0.651635
0 28 0.0139907 -0.794714
1 28 0.0202115 -0.794714
2 28 0.0295427 -0.791603
0 29 0.0824195 -0.835149
1 29 0.0886403 -0.832038
2 29 0.101082 -0.828928
0 30 0.0562922 -0.846968
1 30 0.0637571 -0.843236
2 30 0.0749546 -0.843236
0 31 0.0525597 -0.693937
1 31 0.0562922 -0.693937
2 31 0.0674896 -0.690204
0 32 0.00403741 -0.664077
1 32 0.0077699 -0.660344
2 32 0.0189673 -0.656612
0 33 0.0077699 -0.749924
1 33 0.0115024 -0.749924
2 33 0.0226998 -0.746191
0 34 -0.0258224 -0.835771
1 34 -0.02209 -0.835771
2 34 -0.0108925 -0.835771
0 35 -0.00716 -0.805911
1 35 0.000304921 -0.805911
2 35 0.0115024 -0.802178
