62
0 0 -0.0770833 -0.736458
1 0 -0.078125 -0.736458
2 0 -0.0729167 -0.7375
0 1 -0.08125 -0.713542
1 1 -0.0822917 -0.7125
2 1 -0.0770833 -0.713542
0 2 -0.0260417 -0.78125
1 2 -0.0302083 -0.782292
2 2 -0.0229167 -0.784375
0 3 0.00208333 -0.64375
1 3 0.00208333 -0.642708
2 3 0.00833333 -0.644792
0 4 -0.25875 -0.79625
1 4 -0.2625 -0.79375
2 4 -0.26125 -0.7925
0 5 -0.12375 -0.66625
1 5 -0.125 -0.66375
2 5 -0.11875 -0.66375
0 6 -0.30375 -0.64875
1 6 -0.305 -0.64375
2 6 -0.30375 -0.64
0 7 -0.0865 -0.7165
1 7 -0.0865 -0.715
2 7 -0.082 -0.7165
0 8 -0.00549997 -0.6265
1 8 -0.00399996 -0.6265
2 8 0.00200005 -0.628
0 9 -0.079 -0.631
1 9 -0.079 -0.6295
2 9 -0.073 -0.6295
0 10 -0.1225 -0.685
1 10 -0.124 -0.6835
2 10 -0.118 -0.6835
0 11 -0.00249996 -0.643
1 11 -0.00249996 -0.643
2 11 0.00350005 -0.6445
0 12 -0.259 -0.7975
1 12 -0.2635 -0.7945
2 12 -0.262 -0.793
0 13 0.00650005 -0.7825
1 13 0.00500005 -0.784
2 13 0.00950006 -0.7855
0 14 -0.0279999 -0.7825
1 14 -0.0294999 -0.784
2 14 -0.0249999 -0.7855
0 15 -0.0189999 -0.7588
1 15 -0.0207999 -0.7588
2 15 -0.0153999 -0.7624
0 16 -0.0279999 -0.757
1 16 -0.0297999 -0.757
2 16 -0.0243999 -0.7588
0 17 -0.0747999 -0.6922
1 17 -0.0747999 -0.6922
2 17 -0.0693999 -0.694
0 18 -0.0711999 -0.7318
1 18 -0.0729999 -0.7318
2 18 -0.0675999 -0.7318
0 19 -0.0801999 -0.649
1 19 -0.0801999 -0.649
2 19 -0.0747999 -0.649
0 20 -0.0783999 -0.6886
1 20 -0.0783999 -0.6886
2 20 -0.0729999 -0.6904
0 21 -0.4042 -0.6148
1 21 -0.4078 -0.6076
2 21 -0.406 -0.6022
0 22 -0.0279999 -0.78832
1 22 -0.0301599 -0.78832
2 22 -0.0258399 -0.79048
0 23 -0.0431199 -0.69328
1 23 -0.0431199 -0.69328
2 23 -0.0366398 -0.69544
0 24 -0.0366398 -0.63712
1 24 -0.0344798 -0.63496
2 24 -0.0279999 -0.63712
0 25 -0.30448 -0.65224
1 25 -0.30664 -0.64792
2 25 -0.30448 -0.64144
0 26 -0.0927999 -0.79048
1 26 -0.0949599 -0.78832
2 26 -0.0906399 -0.79048
0 27 -0.0746558 -0.634528
1 27 -0.0746558 -0.631936
2 27 -0.0694718 -0.631936
0 28 -0.0357758 -0.63712
1 28 -0.0357758 -0.63712
2 28 -0.0279998 -0.63712
0 29 -0.0383678 -0.652672
1 29 -0.0383678 -0.652672
2 29 -0.0331838 -0.655264
0 30 -0.0279998 -0.787456
1 30 -0.0305918 -0.787456
2 30 -0.0254078 -0.790048
0 31 -0.263872 -0.800416
1 31 -0.266464 -0.795232
2 31 -0.266464 -0.795232
0 32 -0.10576 -0.787456
1 32 -0.108352 -0.787456
2 32 -0.103168 -0.787456
0 33 -0.0435518 -0.694144
1 33 -0.0435518 -0.694144
2 33 -0.0383678 -0.694144
0 34 -0.123904 -0.810784
1 34 -0.126496 -0.810784
2 34 -0.121312 -0.810784
0 35 -0.398656 -0.396064
1 35 -0.401248 -0.385696
2 35 -0.396582 -0.37792
0 36 -0.0731005 -0.632973
1 36 -0.0731005 -0.632973
2 36 -0.0668798 -0.632973
0 37 -0.122867 -0.68896
1 37 -0.122867 -0.68896
2 37 -0.119757 -0.68896
0 38 -0.463456 -0.284608
1 38 -0.468121 -0.272166
2 38 -0.468121 -0.262835
0 39 -0.0575485 -0.639194
1 39 -0.0575485 -0.639194
2 39 -0.0513278 -0.639194
0 40 -0.122867 -0.639194
1 40 -0.122867 -0.639194
2 40 -0.116646 -0.639194
0 41 0.250381 -0.244173
1 41 0.265933 -0.237952
2 41 0.284595 -0.231731
0 42 -0.30327 -0.654746
1 42 -0.306381 -0.648525
2 42 -0.30327 -0.645414
0 43 -0.0108926 -0.776051
1 43 -0.0108926 -0.779162
2 43 -0.00778211 -0.779162
0 44 -0.0233341 -0.757389
1 44 -0.0233341 -0.757389
2 44 -0.0171134 -0.760499
0 45 -0.104205 -0.785382
1 45 -0.107315 -0.785382
2 45 -0.101094 -0.785382
0 46 -0.0295549 -0.788493
1 46 -0.0326653 -0.788493
2 46 -0.0264446 -0.791603
0 47 -0.122867 -0.810266
1 47 -0.125977 -0.810266
2 47 -0.122867 -0.810266
0 48 -0.30327 -0.390361
1 48 -0.30327 -0.38103
2 48 -0.297049 -0.374809
0 49 -0.0407523 -0.679007
1 49 -0.0407523 -0.679007
2 49 -0.0332874 -0.679007
0 50 -0.399071 -0.701402
1 50 -0.402803 -0.693937
2 50 -0.402803 -0.690204
0 51 -0.122867 -0.660344
1 51 -0.122867 -0.656612
2 51 -0.119134 -0.656612
0 52 -0.0108925 -0.776051
1 52 -0.0108926 -0.779162
2 52 -0.00716 -0.779784
0 53 -0.0332874 -0.776051
1 53 -0.0332874 -0.776051
2 53 -0.0295549 -0.779784
0 54 -0.122867 -0.641682
1 54 -0.126599 -0.637949
2 54 -0.119134 -0.637949
0 55 0.00403741 -0.779784
1 55 0.00403741 -0.783516
2 55 0.0077699 -0.783516
0 56 -0.104205 -0.637949
1 56 -0.104205 -0.637949
2 56 -0.0967396 -0.637949
0 57 -0.104205 -0.787249
1 57 -0.104205 -0.783516
2 57 -0.100472 -0.787249
0 58 -0.122867 -0.809643
1 58 -0.126599 -0.809643
2 58 -0.122867 -0.809643
0 59 -0.264701 -0.802178
1 59 -0.268434 -0.798446
2 59 -0.268434 -0.798446
0 60 -0.0706122 -0.634217
1 60 -0.0743447 -0.634217
2 60 -0.0668797 -0.634217
0 61 0.250381 -0.246039
1 61 0.265311 -0.238574
2 61 0.287706 -0.234841
