38
0 0 0.0416667 -0.702083
1 0 0.0166667 -0.704167
2 0 -0.00833333 -0.704167
0 1 0.1125 -0.683333
1 1 0.0875 -0.684375
2 1 0.0635417 -0.684375
0 2 0.1125 -0.6825
1 2 0.0875 -0.68375
2 2 0.06375 -0.68375
0 3 0.0987501 -0.685
1 3 0.0737501 -0.68625
2 3 0.0487501 -0.68625
0 4 -0.0775 -0.4725
1 4 -0.1036 -0.4708
2 4 -0.1325 -0.4675
0 5 -0.0775 -0.4725
1 5 -0.1036 -0.4708
2 5 -0.133 -0.4675
0 6 0.113 -0.682
1 6 0.0875 -0.6835
2 6 0.0635 -0.6835
0 7 0.1178 -0.8038
1 7 0.0926001 -0.8056
2 7 0.0692001 -0.8074
0 8 0.5156 -0.8218
1 8 0.5084 -0.829
2 8 0.5012 -0.8236
0 9 -0.0765999 -0.4726
1 9 -0.1036 -0.4708
2 9 -0.1324 -0.469
0 10 0.506 -0.8245
1 10 0.4985 -0.832
2 10 0.4904 -0.8254
0 11 0.584 -0.271
1 11 0.5786 -0.2548
2 11 0.5732 -0.2278
0 12 0.0620001 -0.8002
1 12 0.0350001 -0.8056
2 12 0.00980008 -0.8056
0 13 -0.0765999 -0.541
1 13 -0.103 -0.5395
2 13 -0.1306 -0.5374
0 14 0.584 -0.271
1 14 0.57896 -0.2548
2 14 0.57248 -0.22888
0 15 0.11456 -0.68248
1 15 0.0886402 -0.68464
2 15 0.0648802 -0.68248
0 16 0.1124 -0.7948
1 16 0.0886402 -0.79696
2 16 0.0627202 -0.79696
0 17 -0.0765999 -0.4726
1 17 -0.1036 -0.4708
2 17 -0.13168 -0.46864
0 18 0.1232 -0.78184
1 18 0.0972801 -0.784
2 18 0.0735202 -0.784
0 19 -0.0746558 -0.543808
1 19 -0.103168 -0.543808
2 19 -0.129088 -0.538624
0 20 0.0419842 -0.717472
1 20 0.0160643 -0.720064
2 20 -0.00985578 -0.720064
0 21 0.0471682 -0.709696
1 21 0.0212482 -0.712288
2 21 -0.00467173 -0.712288
0 22 0.0419842 -0.70192
1 22 0.0160643 -0.70192
2 22 -0.00985578 -0.704512
0 23 -0.0746558 -0.543808
1 23 -0.104205 -0.542771
2 23 -0.129088 -0.542771
0 24 0.0419843 -0.807155
1 24 0.0139907 -0.810266
2 24 -0.00778211 -0.813376
0 25 0.0419843 -0.701402
1 25 0.0139907 -0.704512
2 25 -0.0108926 -0.704512
0 26 0.0419843 -0.716954
1 26 0.0139907 -0.720064
2 26 -0.0108926 -0.720064
0 27 0.116634 -0.804045
1 27 0.0886403 -0.807155
2 27 0.0668674 -0.807155
0 28 0.0450947 -0.682739
1 28 0.0171011 -0.682739
2 28 -0.00778211 -0.682739
0 29 0.0674896 -0.805911
1 29 0.0376298 -0.809643
2 29 0.0152349 -0.809643
0 30 0.112279 -0.794714
1 30 0.0898844 -0.805911
2 30 0.0637571 -0.805911
0 31 0.0562922 -0.798446
1 31 0.0301648 -0.802178
2 31 0.00403741 -0.802178
0 32 0.112279 -0.794714
1 32 0.0898844 -0.798446
2 32 0.0637571 -0.798446
0 33 0.0413623 -0.720064
1 33 0.0152349 -0.723796
2 33 -0.0108925 -0.723796
0 34 0.0413623 -0.701402
1 34 0.0152349 -0.705134
2 34 -0.0108925 -0.705134
0 35 0.0450947 -0.708866
1 35 0.0189673 -0.712599
2 35 -0.00716 -0.712599
0 36 0.142139 -0.798446
1 36 0.119744 -0.802178
2 36 0.093617 -0.802178
0 37 0.590037 -0.290829
1 37 0.582572 -0.275899
2 37 0.578839 -0.249771
