63
0 0 -0.0635417 -0.676042
1 0 -0.0729167 -0.677083
2 0 -0.0822917 -0.675
0 1 -0.130208 -0.683333
1 1 -0.141667 -0.684375
2 1 -0.15 -0.682292
0 2 -0.0637499 -0.67625
1 2 -0.07375 -0.6775
2 2 -0.0824999 -0.675
0 3 -0.12625 -0.71125
1 3 -0.1375 -0.71125
2 3 -0.14625 -0.70875
0 4 -0.07875 -0.67375
1 4 -0.0887499 -0.675
2 4 -0.0975 -0.6725
0 5 -0.0374999 -0.78375
1 5 -0.0475 -0.785
2 5 -0.0562499 -0.7825
0 6 -0.0865 -0.667
1 6 -0.097 -0.6685
2 6 -0.106 -0.6655
0 7 -0.124 -0.6715
1 7 -0.1345 -0.6715
2 7 -0.1435 -0.6685
0 8 -0.127 -0.703
1 8 -0.1375 -0.703
2 8 -0.1465 -0.7
0 9 -0.049 -0.781
1 9 -0.0594999 -0.7825
2 9 -0.0684999 -0.7795
0 10 -0.046 -0.8125
1 10 -0.058 -0.8155
2 10 -0.0669999 -0.8125
0 11 -0.13875 -0.83875
1 11 -0.1525 -0.8395
2 11 -0.1615 -0.8365
0 12 -0.0945999 -0.6724
1 12 -0.1054 -0.6724
2 12 -0.1144 -0.6706
0 13 -0.0531999 -0.7264
1 13 -0.0639999 -0.7282
2 13 -0.0729999 -0.7246
0 14 -0.1306 -0.7156
1 14 -0.1414 -0.7174
2 14 -0.1504 -0.7138
0 15 -0.0855999 -0.667
1 15 -0.0963999 -0.6688
2 15 -0.1054 -0.6652
0 16 -0.127 -0.7048
1 16 -0.1378 -0.7066
2 16 -0.1468 -0.703
0 17 -0.1216 -0.8146
1 17 -0.1324 -0.8164
2 17 -0.1414 -0.8128
0 18 -0.0135999 -0.8146
1 18 -0.0243999 -0.8164
2 18 -0.0333999 -0.8164
0 19 -0.0189999 -0.6688
1 19 -0.0279999 -0.6688
2 19 -0.0369999 -0.667
0 20 -0.1342 -0.6688
1 20 -0.145 -0.667
2 20 -0.154 -0.6652
0 21 -0.0459999 -0.8128
1 21 -0.0585999 -0.8164
2 21 -0.0675999 -0.8128
0 22 0.1718 -0.3574
1 22 0.17072 -0.35632
2 22 0.16856 -0.34984
0 23 -0.0539199 -0.72784
1 23 -0.0647199 -0.72784
2 23 -0.0733599 -0.72568
0 24 -0.13168 -0.71704
1 24 -0.14248 -0.7192
2 24 -0.15112 -0.71488
0 25 -0.12952 -0.68464
1 25 -0.14032 -0.68464
2 25 -0.14896 -0.68248
0 26 -0.12952 -0.67816
1 26 -0.14032 -0.67816
2 26 -0.14896 -0.676
0 27 -0.0776799 -0.676
1 27 -0.0884799 -0.676
2 27 -0.0971199 -0.67384
0 28 -0.0949599 -0.67384
1 28 -0.10576 -0.67384
2 28 -0.1144 -0.67168
0 29 -0.10792 -0.8164
1 29 -0.12088 -0.81856
2 29 -0.12952 -0.81424
0 30 -0.12088 -0.81424
1 30 -0.13168 -0.815968
2 30 -0.14248 -0.81424
0 31 -0.0452799 -0.81856
1 31 -0.0582399 -0.82072
2 31 -0.0668798 -0.81856
0 32 -0.1252 -0.67168
1 32 -0.136 -0.67168
2 32 -0.14464 -0.66952
0 33 -0.0841599 -0.66952
1 33 -0.0949599 -0.66952
2 33 -0.1036 -0.66736
0 34 -0.0603999 -0.74728
1 34 -0.0711999 -0.74944
2 34 -0.0798399 -0.74728
0 35 -0.0824318 -0.761536
1 35 -0.0927998 -0.764128
2 35 -0.103168 -0.761536
0 36 -0.13168 -0.717472
1 36 -0.142048 -0.717472
2 36 -0.149824 -0.717472
0 37 0.171584 -0.357184
1 37 0.171584 -0.357184
2 37 0.168992 -0.349408
0 38 -0.0176318 -0.618976
1 38 -0.0254078 -0.618976
2 38 -0.0331838 -0.616384
0 39 -0.136864 -0.834112
1 39 -0.149824 -0.836704
2 39 -0.160192 -0.834112
0 40 -0.0461438 -0.68896
1 40 -0.0565118 -0.68896
2 40 -0.0642878 -0.686368
0 41 -0.0487357 -0.81856
1 41 -0.0591038 -0.821152
2 41 -0.0668798 -0.81856
0 42 -0.0295549 -0.810266
1 42 -0.0383678 -0.813376
2 42 -0.0461438 -0.810784
0 43 -0.0824317 -0.670297
1 43 -0.0917629 -0.670297
2 43 -0.101094 -0.670297
0 44 -0.116646 -0.813376
1 44 -0.129088 -0.813376
2 44 -0.138419 -0.813376
0 45 -0.110425 -0.670297
1 45 -0.119757 -0.673408
2 45 -0.129088 -0.670297
0 46 -0.0295549 -0.804045
1 46 -0.0419965 -0.807155
2 46 -0.0513278 -0.804045
0 47 -0.0388861 -0.791603
1 47 -0.0482173 -0.794714
2 47 -0.0575485 -0.791603
0 48 -0.138419 -0.835149
1 48 -0.150861 -0.835149
2 48 -0.160192 -0.832038
0 49 -0.0295549 -0.810266
1 49 -0.0388861 -0.813376
2 49 -0.0482173 -0.810266
0 50 0.171584 -0.357184
1 50 0.169511 -0.356147
2 50 0.1664 -0.349926
0 51 -0.134064 -0.708866
1 51 -0.141529 -0.708866
2 51 -0.152727 -0.705134
0 52 -0.0482173 -0.817108
1 52 -0.0594147 -0.820841
2 52 -0.0706122 -0.817108
0 53 -0.130332 -0.675274
1 53 -0.141529 -0.675274
2 53 -0.148994 -0.671542
0 54 -0.111669 -0.671542
1 54 -0.119134 -0.671542
2 54 -0.130332 -0.671542
0 55 -0.0482173 -0.805911
1 55 -0.0594147 -0.809643
2 55 -0.0706122 -0.805911
0 56 -0.115402 -0.813376
1 56 -0.130332 -0.813376
2 56 -0.137797 -0.813376
0 57 -0.130332 -0.820841
1 57 -0.145262 -0.820841
2 57 -0.152727 -0.817108
0 58 -0.0295549 -0.809643
1 58 -0.0407523 -0.809643
2 58 -0.0482173 -0.805911
0 59 -0.014625 -0.813376
1 59 -0.0258224 -0.817108
2 59 -0.0370199 -0.813376
0 60 0.169511 -0.356147
1 60 0.169511 -0.356147
2 60 0.168267 -0.350548
0 61 -0.137797 -0.832038
1 61 -0.150861 -0.835149
2 61 -0.160192 -0.832038
0 62 -0.249771 -0.802178
1 62 -0.264701 -0.802178
2 62 -0.275899 -0.798446
