91
0 0 -0.164583 -0.522917
1 0 -0.16875 -0.5225
2 0 -0.180208 -0.519792
0 1 0.0572917 -0.814583
1 1 0.0552083 -0.814583
2 1 0.0489583 -0.813542
0 2 0.0135417 -0.729167
1 2 0.0135417 -0.729167
2 2 0.00520833 -0.727083
0 3 0.01 -0.74875
1 3 0.01 -0.75
2 3 0.00125001 -0.74875
0 4 0.0175001 -0.68375
1 4 0.0175001 -0.68375
2 4 0.00875003 -0.6825
0 5 -0.0175 -0.7225
1 5 -0.0187499 -0.7225
2 5 -0.0275 -0.72125
0 6 -0.164583 -0.522917
1 6 -0.16875 -0.5225
2 6 -0.18125 -0.52
0 7 -0.163 -0.523
1 7 -0.1675 -0.5215
2 7 -0.178 -0.52
0 8 0.0515001 -0.7285
1 8 0.0515001 -0.73
2 8 0.0425001 -0.727
0 9 -0.0219999 -0.7255
1 9 -0.0234999 -0.727
2 9 -0.0309999 -0.7255
0 10 -0.1045 -0.7915
1 10 -0.106 -0.793
2 10 -0.115 -0.7945
0 11 0.0545001 -0.697
1 11 0.0530001 -0.6985
2 11 0.0455001 -0.6955
0 12 -0.0205 -0.6925
1 12 -0.0205 -0.694
2 12 -0.0294999 -0.6925
0 13 0.0215 -0.694
1 13 0.02 -0.694
2 13 0.0125001 -0.6925
0 14 0.0185 -0.6835
1 14 0.0170001 -0.6835
2 14 0.00950006 -0.682
0 15 0.0110001 -0.688
1 15 0.00950006 -0.688
2 15 0.00200005 -0.6865
0 16 -0.1285 -0.6955
1 16 -0.13 -0.6985
2 16 -0.1405 -0.6985
0 17 0.056 -0.82
1 17 0.056 -0.8215
2 17 0.0485001 -0.8185
0 18 0.2025 -0.445
1 18 0.203 -0.4435
2 18 0.197 -0.439
0 19 -0.0135999 -0.8164
1 19 -0.0145 -0.817
2 19 -0.0234999 -0.8155
0 20 0.0188001 -0.6832
1 20 0.0188001 -0.685
2 20 0.00980008 -0.6832
0 21 0.0116001 -0.6886
1 21 0.00980008 -0.6886
2 21 0.0026001 -0.6868
0 22 -0.000999896 -0.6886
1 22 -0.00279992 -0.6886
2 22 -0.00999991 -0.6868
0 23 -0.0153999 -0.6868
1 23 -0.0153999 -0.6886
2 23 -0.0243999 -0.6868
0 24 -0.1615 -0.4495
1 24 -0.1666 -0.4474
2 24 -0.1756 -0.4456
0 25 0.0224001 -0.694
1 25 0.0206001 -0.694
2 25 0.0134001 -0.6922
0 26 0.0548001 -0.82
1 26 0.0548001 -0.8218
2 26 0.0476001 -0.8182
0 27 0.0548001 -0.6976
1 27 0.0530001 -0.6976
2 27 0.0458001 -0.6958
0 28 -0.163 -0.523
1 28 -0.1684 -0.523
2 28 -0.181 -0.5212
0 29 -0.1216 -0.5212
1 29 -0.1216 -0.5212
2 29 -0.1324 -0.5194
0 30 0.0854001 -0.8164
1 30 0.0836001 -0.8182
2 30 0.0764001 -0.8164
0 31 -0.0189999 -0.7138
1 31 -0.0189999 -0.7138
2 31 -0.0279999 -0.7138
0 32 -0.0135999 -0.8164
1 32 -0.0135999 -0.8164
2 32 -0.0225999 -0.8146
0 33 -0.0171999 -0.7192
1 33 -0.0171999 -0.7174
2 33 -0.0261999 -0.7174
0 34 -0.0189999 -0.7228
1 34 -0.0189999 -0.7228
2 34 -0.0279999 -0.721
0 35 -0.0225999 -0.7264
1 35 -0.0225999 -0.7264
2 35 -0.0315999 -0.7264
0 36 0.0512001 -0.73
1 36 0.0512001 -0.73
2 36 0.0422001 -0.7282
0 37 0.0152001 -0.73
1 37 0.0134001 -0.73
2 37 0.00620009 -0.7282
0 38 0.2015 -0.445
1 38 0.20096 -0.44272
2 38 0.1952 -0.4402
0 39 0.0818001 -0.6346
1 39 0.0818001 -0.6346
2 39 0.0728001 -0.6328
0 40 -0.0261999 -0.8308
1 40 -0.0279999 -0.8326
2 40 -0.0351999 -0.8308
0 41 0.0216801 -0.69328
1 41 0.0216801 -0.69328
2 41 0.0130402 -0.69112
0 42 0.0368001 -0.69112
1 42 0.0368001 -0.69328
2 42 0.0281602 -0.69112
0 43 0.0216801 -0.68464
1 43 0.0195201 -0.6868
2 43 0.0130402 -0.68464
0 44 -0.0171998 -0.68896
1 44 -0.0171998 -0.68896
2 44 -0.0258399 -0.68896
0 45 0.0540801 -0.69112
1 45 0.0540801 -0.69112
2 45 0.0454402 -0.68896
0 46 -0.12088 -0.52264
1 46 -0.12304 -0.52048
2 46 -0.13168 -0.52048
0 47 -0.12736 -0.69976
1 47 -0.13168 -0.69976
2 47 -0.14032 -0.69976
0 48 -0.16408 -0.5248
1 48 -0.1684 -0.52696
2 48 -0.1792 -0.52264
0 49 -0.00207984 -0.8164
1 49 -0.00207984 -0.8164
2 49 -0.0107199 -0.8164
0 50 0.0152002 -0.73
1 50 0.0130402 -0.73
2 50 0.00656013 -0.72784
0 51 -0.0135999 -0.8164
1 51 -0.0128799 -0.81424
2 51 -0.0215199 -0.81424
0 52 0.0735202 -0.81208
1 52 0.0704962 -0.813376
2 52 0.0648802 -0.81208
0 53 -0.160192 -0.450496
1 53 -0.16624 -0.44704
2 53 -0.17704 -0.44488
0 54 0.200096 -0.44272
1 54 0.202688 -0.44272
2 54 0.19664 -0.4384
0 55 0.0584002 -0.79696
1 55 0.0584002 -0.79696
2 55 0.0497601 -0.7948
0 56 0.0730882 -0.813376
1 56 0.0704962 -0.813376
2 56 0.0653123 -0.810784
0 57 -0.0254078 -0.83152
1 57 -0.0264446 -0.828928
2 57 -0.0331838 -0.828928
0 58 0.200096 -0.44272
1 58 0.20096 -0.44272
2 58 0.194912 -0.437536
0 59 -0.160192 -0.450496
1 59 -0.165376 -0.447904
2 59 -0.175744 -0.445312
0 60 -0.162784 -0.525664
1 60 -0.165376 -0.523072
2 60 -0.178336 -0.523072
0 61 -0.0176318 -0.68896
1 61 -0.0176318 -0.68896
2 61 -0.0254078 -0.68896
0 62 0.0549442 -0.691552
1 62 0.0549442 -0.691552
2 62 0.0471682 -0.68896
0 63 -0.162784 -0.898912
1 63 -0.165376 -0.901504
2 63 -0.175744 -0.904096
0 64 0.0544259 -0.810266
1 64 0.0544259 -0.810266
2 64 0.0450947 -0.807155
0 65 -0.0108926 -0.813376
1 65 -0.0108926 -0.813376
2 65 -0.0202237 -0.813376
0 66 -0.107315 -0.797824
1 66 -0.110425 -0.800934
2 66 -0.119757 -0.800934
0 67 -0.0233341 -0.726285
1 67 -0.0233341 -0.729395
2 67 -0.0326653 -0.726285
0 68 -0.0202237 -0.716954
1 68 -0.0202237 -0.716954
2 68 -0.0295549 -0.716954
0 69 0.200096 -0.44272
1 69 0.200615 -0.440128
2 69 0.194394 -0.437017
0 70 0.0637571 -0.797824
1 70 0.0637571 -0.797824
2 70 0.0544259 -0.794714
0 71 -0.160192 -0.449459
1 71 -0.166413 -0.446349
2 71 -0.178854 -0.443238
0 72 -0.163302 -0.527219
1 72 -0.163302 -0.524109
2 72 -0.178854 -0.524109
0 73 -0.0202237 -0.68896
1 73 -0.0202237 -0.68896
2 73 -0.0295549 -0.68585
0 74 -0.00156136 -0.68585
1 74 -0.00156136 -0.68896
2 74 -0.0108926 -0.68585
0 75 0.0233219 -0.68585
1 75 0.0233219 -0.68585
2 75 0.0139907 -0.68585
0 76 0.502324 -0.875584
1 76 0.517876 -0.884915
2 76 0.533428 -0.891136
0 77 0.0115024 -0.701402
1 77 0.0115024 -0.701402
2 77 0.00403741 -0.701402
0 78 -0.02209 -0.720064
1 78 -0.02209 -0.720064
2 78 -0.0295549 -0.720064
0 79 0.198126 -0.44386
1 79 0.198126 -0.440128
2 79 0.194394 -0.436395
0 80 0.0525597 -0.809643
1 80 0.0525597 -0.809643
2 80 0.0450947 -0.809643
0 81 -0.160192 -0.449459
1 81 -0.166413 -0.446349
2 81 -0.178854 -0.44386
0 82 0.078687 -0.701402
1 82 0.078687 -0.701402
2 82 0.0712221 -0.701402
0 83 0.0525597 -0.798446
1 83 0.0525597 -0.798446
2 83 0.0450947 -0.798446
0 84 0.0525597 -0.820841
1 84 0.0525597 -0.820841
2 84 0.0450947 -0.817108
0 85 -0.00716 -0.813376
1 85 -0.0108925 -0.813376
2 85 -0.0183575 -0.813376
0 86 -0.130332 -0.705134
1 86 -0.130332 -0.705134
2 86 -0.141529 -0.705134
0 87 -0.163924 -0.529707
1 87 -0.163924 -0.525975
2 87 -0.178854 -0.525975
0 88 -0.00342757 -0.690204
1 88 -0.00342757 -0.690204
2 88 -0.0108925 -0.686472
0 89 -0.104205 -0.790981
1 89 -0.107937 -0.794714
2 89 -0.115402 -0.794714
0 90 0.547424 -0.639712
1 90 0.567642 -0.639194
2 90 0.586304 -0.641682
