96
0 0 0.0385417 -0.742708
1 0 0.05 -0.739583
2 0 0.05625 -0.734375
0 1 -0.115625 -0.729167
1 1 -0.107292 -0.725
2 1 -0.1 -0.71875
0 2 -0.11875 -0.71625
1 2 -0.11 -0.7125
2 2 -0.1025 -0.70625
0 3 -0.1175 -0.71375
1 3 -0.10875 -0.71
2 3 -0.10125 -0.70375
0 4 0.1075 -0.69375
1 4 0.11625 -0.69125
2 4 0.125 -0.6875
0 5 -0.46 -0.6055
1 5 -0.455208 -0.597917
2 5 -0.44875 -0.58875
0 6 0.1025 -0.6025
1 6 0.11125 -0.6
2 6 0.12 -0.595
0 7 0.0385417 -0.742708
1 7 0.0487501 -0.74125
2 7 0.0562501 -0.735
0 8 0.1075 -0.63
1 8 0.11625 -0.6275
2 8 0.125 -0.62375
0 9 0.11125 -0.6075
1 9 0.12 -0.605
2 9 0.12875 -0.60125
0 10 0.39375 -0.8225
1 10 0.405 -0.81875
2 10 0.415 -0.815
0 11 -0.133 -0.736
1 11 -0.1255 -0.733
2 11 -0.118 -0.7255
0 12 -0.1135 -0.7375
1 12 -0.1045 -0.733
2 12 -0.097 -0.727
0 13 0.03875 -0.74375
1 13 0.0487501 -0.74125
2 13 0.056 -0.736
0 14 -0.133 -0.7105
1 14 -0.1255 -0.7075
2 14 -0.118 -0.7015
0 15 0.062 -0.691
1 15 0.071 -0.688
2 15 0.0800001 -0.6835
0 16 0.1025 -0.6025
1 16 0.1115 -0.5995
2 16 0.1205 -0.595
0 17 0.1115 -0.607
1 17 0.119 -0.6055
2 17 0.128 -0.601
0 18 0.2425 -0.335
1 18 0.2528 -0.3304
2 18 0.2645 -0.325
0 19 0.107 -0.694
1 19 0.11625 -0.69125
2 19 0.1235 -0.6865
0 20 0.1115 -0.6835
1 20 0.1205 -0.682
2 20 0.1295 -0.6775
0 21 0.3935 -0.823
1 21 0.404 -0.8185
2 21 0.4145 -0.814
0 22 0.107 -0.694
1 22 0.1142 -0.6922
2 22 0.1232 -0.6868
0 23 -0.136 -0.7174
1 23 -0.127 -0.7138
2 23 -0.1198 -0.7066
0 24 -0.1144 -0.7156
1 24 -0.1054 -0.712
2 24 -0.0981999 -0.7048
0 25 0.1034 -0.6022
1 25 0.1124 -0.6004
2 25 0.1214 -0.595
0 26 0.0494001 -0.6256
1 26 0.0584001 -0.6238
2 26 0.0674001 -0.6184
0 27 -0.1144 -0.7372
1 27 -0.1054 -0.7336
2 27 -0.0981999 -0.7264
0 28 0.0530001 -0.6004
1 28 0.0620001 -0.5986
2 28 0.0710002 -0.5932
0 29 0.0530001 -0.6202
1 29 0.0620001 -0.6184
2 29 0.0710002 -0.613
0 30 -0.1126 -0.73
1 30 -0.1054 -0.7264
2 30 -0.0981999 -0.7192
0 31 -0.46 -0.6055
1 31 -0.455 -0.6
2 31 -0.451 -0.5896
0 32 -0.1126 -0.7102
1 32 -0.1036 -0.7048
2 32 -0.0963999 -0.6994
0 33 0.0494001 -0.613
1 33 0.0584001 -0.6112
2 33 0.0674001 -0.6058
0 34 -0.118 -0.7102
1 34 -0.109 -0.7066
2 34 -0.1018 -0.6994
0 35 0.407 -0.8545
1 35 0.419 -0.8515
2 35 0.4292 -0.847
0 36 -0.1324 -0.3394
1 36 -0.1252 -0.334
2 36 -0.1162 -0.3268
0 37 0.242 -0.334
1 37 0.2528 -0.3304
2 37 0.2636 -0.325
0 38 0.1088 -0.622
1 38 0.1178 -0.6202
2 38 0.125 -0.6166
0 39 0.0800001 -0.6004
1 39 0.0890001 -0.5968
2 39 0.0980001 -0.5932
0 40 0.0620001 -0.6904
1 40 0.0710002 -0.6868
2 40 0.0800001 -0.6832
0 41 0.00800012 -0.6652
1 41 0.0170001 -0.6616
2 41 0.0242001 -0.6562
0 42 -0.10576 -0.71488
1 42 -0.0992798 -0.71056
2 42 -0.0906399 -0.70408
0 43 0.0497601 -0.62632
1 43 0.0584002 -0.62416
2 43 0.0670401 -0.61984
0 44 0.0540801 -0.61984
1 44 0.0627202 -0.61768
2 44 0.0713601 -0.61336
0 45 0.0756802 -0.60688
1 45 0.0843202 -0.60472
2 45 0.0929601 -0.6004
0 46 0.10592 -0.69328
1 46 0.11456 -0.69112
2 46 0.1232 -0.6868
0 47 0.0584002 -0.68896
1 47 0.0670401 -0.6868
2 47 0.0756802 -0.68248
0 48 -0.1144 -0.73648
1 48 -0.10576 -0.73216
2 48 -0.0992798 -0.72568
0 49 0.242 -0.33472
1 49 0.2528 -0.3304
2 49 0.2636 -0.32392
0 50 0.0411201 -0.74296
1 50 0.0497601 -0.7408
2 50 0.0562401 -0.73648
0 51 0.0540801 -0.6004
1 51 0.0627202 -0.59824
2 51 0.0713601 -0.59392
0 52 0.10376 -0.60256
1 52 0.1124 -0.6004
2 52 0.12104 -0.59608
0 53 0.0627202 -0.68896
1 53 0.0713601 -0.6868
2 53 0.0800002 -0.68248
0 54 0.0389601 -0.7516
1 54 0.0476001 -0.748
2 54 0.0562401 -0.74296
0 55 -0.116128 -0.709696
1 55 -0.108352 -0.707104
2 55 -0.100576 -0.699328
0 56 -0.461901 -0.60809
1 56 -0.45568 -0.600832
2 56 -0.450496 -0.590464
0 57 0.0471682 -0.694144
1 57 0.0575363 -0.68896
2 57 0.0653123 -0.686368
0 58 -0.13168 -0.33904
1 58 -0.123904 -0.333856
2 58 -0.113536 -0.32608
0 59 0.0497602 -0.626752
1 59 0.0601283 -0.62416
2 59 0.0679043 -0.618976
0 60 0.0523523 -0.618976
1 60 0.0627202 -0.616384
2 60 0.0704962 -0.613792
0 61 0.0497602 -0.613792
1 61 0.0601283 -0.608608
2 61 0.0679043 -0.606016
0 62 0.104192 -0.694144
1 62 0.11456 -0.691552
2 62 0.122336 -0.686368
0 63 0.415232 -0.875584
1 63 0.423008 -0.8704
2 63 0.435968 -0.867808
0 64 0.0393922 -0.751168
1 64 0.0497602 -0.748576
2 64 0.0575363 -0.743392
0 65 0.0523523 -0.600832
1 65 0.0627202 -0.59824
2 65 0.0704962 -0.593056
0 66 0.71072 -0.673408
1 66 0.728864 -0.66304
2 66 0.752192 -0.655264
0 67 0.242 -0.33472
1 67 0.2528 -0.3304
2 67 0.264896 -0.323488
0 68 0.106784 -0.600832
1 68 0.11456 -0.600832
2 68 0.122336 -0.595648
0 69 -0.471232 -0.754278
1 69 -0.466255 -0.749924
2 69 -0.45879 -0.738726
0 70 0.147738 -0.741837
1 70 0.157069 -0.738726
2 70 0.1664 -0.735616
0 71 -0.125977 -0.735616
1 71 -0.116646 -0.732506
2 71 -0.110425 -0.726285
0 72 -0.116646 -0.735616
1 72 -0.107315 -0.732506
2 72 -0.101094 -0.723174
0 73 -0.135309 -0.723174
1 73 -0.129088 -0.720064
2 73 -0.119757 -0.710733
0 74 0.107303 -0.6112
1 74 0.116634 -0.60809
2 74 0.125965 -0.601869
0 75 0.0513155 -0.6112
1 75 0.0606467 -0.60809
2 75 0.0668674 -0.604979
0 76 0.0513155 -0.620531
1 76 0.0606467 -0.617421
2 76 0.0699778 -0.6112
0 77 0.409012 -0.869363
1 77 0.421453 -0.866253
2 77 0.430784 -0.863142
0 78 0.0482051 -0.629862
1 78 0.0575363 -0.626752
2 78 0.0668674 -0.620531
0 79 0.104192 -0.695181
1 79 0.113523 -0.69207
2 79 0.122855 -0.68896
0 80 0.0482051 -0.69207
1 80 0.0575363 -0.68896
2 80 0.0668674 -0.682739
0 81 0.0388739 -0.751168
1 81 0.0482051 -0.748058
2 81 0.0575363 -0.741837
0 82 -0.132198 -0.337485
1 82 -0.122867 -0.335618
2 82 -0.116646 -0.325043
0 83 0.24105 -0.334374
1 83 0.250381 -0.328153
2 83 0.262823 -0.325043
0 84 -0.55936 -0.606016
1 84 -0.554176 -0.600832
2 84 -0.552102 -0.589427
0 85 0.415232 -0.875584
1 85 0.427674 -0.872474
2 85 0.437005 -0.869363
0 86 0.39346 -0.863142
1 86 0.405901 -0.860032
2 86 0.415232 -0.856922
0 87 0.153337 -0.484918
1 87 0.160802 -0.481185
2 87 0.171999 -0.477453
0 88 -0.115402 -0.712599
1 88 -0.107937 -0.708866
2 88 -0.100472 -0.701402
0 89 0.239184 -0.335618
1 89 0.250381 -0.328153
2 89 0.261579 -0.324421
0 90 -0.130332 -0.339351
1 90 -0.122867 -0.335618
2 90 -0.115402 -0.328153
0 91 0.0525597 -0.623019
1 91 0.0600246 -0.619287
2 91 0.0712221 -0.615554
0 92 0.0115024 -0.484918
1 92 0.0189673 -0.481185
2 92 0.0301648 -0.477453
0 93 0.0488272 -0.611822
1 93 0.0600246 -0.608089
2 93 0.0674896 -0.604357
0 94 0.0749546 -0.611822
1 94 0.0824195 -0.608089
2 94 0.093617 -0.604357
0 95 0.108547 -0.611822
1 95 0.116012 -0.608089
2 95 0.127209 -0.604357
