125
0 0 -0.06125 -0.7225
1 0 -0.0637499 -0.725
2 0 -0.0645833 -0.730208
0 1 -0.210417 -0.725
1 1 -0.213542 -0.725
2 1 -0.214583 -0.730208
0 2 -0.236458 -0.725
1 2 -0.239583 -0.725
2 2 -0.240625 -0.730208
0 3 -0.213542 -0.701042
1 3 -0.216667 -0.701042
2 3 -0.217708 -0.70625
0 4 -0.210417 -0.701042
1 4 -0.213542 -0.701042
2 4 -0.214583 -0.70625
0 5 -0.0302083 -0.579167
1 5 -0.0322917 -0.58125
2 5 -0.0333333 -0.586458
0 6 -0.0489583 -0.601042
1 6 -0.0510417 -0.603125
2 6 -0.0520833 -0.608333
0 7 0.00520833 -0.601042
1 7 0.003125 -0.604167
2 7 0.00208333 -0.609375
0 8 -0.028125 -0.603125
1 8 -0.0302083 -0.605208
2 8 -0.03125 -0.610417
0 9 -0.110417 -0.459375
1 9 -0.111458 -0.460417
2 9 -0.111458 -0.465625
0 10 0.0979167 -0.495833
1 10 0.096875 -0.497917
2 10 0.096875 -0.503125
0 11 0.0510417 -0.455208
1 11 0.05 -0.457292
2 11 0.05 -0.461458
0 12 0.265625 -0.785417
1 12 0.265625 -0.789583
2 12 0.26875 -0.797917
0 13 -0.10875 -0.4625
1 13 -0.110417 -0.463542
2 13 -0.11125 -0.46875
0 14 -0.03 -0.57875
1 14 -0.0324999 -0.58125
2 14 -0.0324999 -0.58625
0 15 -0.03625 -0.57875
1 15 -0.0387499 -0.58125
2 15 -0.0387499 -0.58625
0 16 -0.548958 -0.613542
1 16 -0.552083 -0.610417
2 16 -0.55375 -0.61375
0 17 -0.555 -0.62
1 17 -0.5575 -0.61625
2 17 -0.55875 -0.62
0 18 -0.11 -0.45875
1 18 -0.11125 -0.46
2 18 -0.11125 -0.465
0 19 -0.23625 -0.70125
1 19 -0.24 -0.7025
2 19 -0.24125 -0.70625
0 20 -0.2325 -0.70375
1 20 -0.23625 -0.705
2 20 -0.2375 -0.71
0 21 -0.2325 -0.72125
1 21 -0.23625 -0.72125
2 21 -0.2375 -0.72625
0 22 -0.06125 -0.7225
1 22 -0.0637499 -0.725
2 22 -0.065 -0.73
0 23 -0.23875 -0.3325
1 23 -0.23875 -0.3325
2 23 -0.23875 -0.33625
0 24 0.122 -0.322
1 24 0.1225 -0.325
2 24 0.12375 -0.32875
0 25 -0.23125 -0.7
1 25 -0.23375 -0.7
2 25 -0.235 -0.705
0 26 -0.2155 -0.697
1 26 -0.2185 -0.697
2 26 -0.22 -0.703
0 27 -0.2095 -0.697
1 27 -0.2125 -0.697
2 27 -0.214 -0.703
0 28 -0.2125 -0.718
1 28 -0.2155 -0.718
2 28 -0.217 -0.724
0 29 0.5075 -0.645
1 29 0.512 -0.649
2 29 0.5225 -0.655
0 30 -0.0475 -0.58
1 30 -0.0505 -0.5815
2 30 -0.0505 -0.5875
0 31 -0.2395 -0.3325
1 31 -0.2386 -0.3322
2 31 -0.2395 -0.3355
0 32 -0.0234999 -0.583
1 32 -0.0249999 -0.5845
2 32 -0.0264999 -0.589
0 33 -0.0385 -0.6685
1 33 -0.0415 -0.67
2 33 -0.043 -0.6745
0 34 -0.0234999 -0.577
1 34 -0.0264999 -0.58
2 34 -0.0264999 -0.5845
0 35 -0.548958 -0.613542
1 35 -0.553 -0.6115
2 35 -0.5545 -0.6145
0 36 -0.0609999 -0.7225
1 36 -0.0639999 -0.7255
2 36 -0.0654999 -0.73
0 37 -0.211 -0.724
1 37 -0.214 -0.7255
2 37 -0.2155 -0.73
0 38 -0.232 -0.7255
1 38 -0.235 -0.7255
2 38 -0.2365 -0.73
0 39 -0.2365 -0.724
1 39 -0.2395 -0.724
2 39 -0.241 -0.73
0 40 -0.0925 -0.646
1 40 -0.0955 -0.6475
2 40 -0.097 -0.652
0 41 0.122 -0.322
1 41 0.122 -0.325
2 41 0.1235 -0.328
0 42 -0.0535 -0.604
1 42 -0.0565 -0.607
2 42 -0.0565 -0.6115
0 43 -0.2365 -0.7015
1 43 -0.2395 -0.7015
2 43 -0.241 -0.7075
0 44 -0.232 -0.7
1 44 -0.235 -0.7
2 44 -0.235 -0.7045
0 45 -0.5525 -0.76125
1 45 -0.55625 -0.75875
2 45 -0.559 -0.763
0 46 -0.1105 -0.4585
1 46 -0.112 -0.46
2 46 -0.112 -0.4645
0 47 0.0026001 -0.6688
1 47 0.000800069 -0.6724
2 47 -0.000999896 -0.6778
0 48 0.122 -0.322
1 48 0.12104 -0.32392
2 48 0.1232 -0.3286
0 49 -0.2116 -0.7246
1 49 -0.2152 -0.7246
2 49 -0.2152 -0.73
0 50 -0.0603999 -0.7228
1 50 -0.0639999 -0.7246
2 50 -0.0639999 -0.73
0 51 -0.2314 -0.7192
1 51 -0.235 -0.7192
2 51 -0.2368 -0.7246
0 52 -0.0225999 -0.5788
1 52 -0.0243999 -0.5806
2 52 -0.0261999 -0.586
0 53 -0.000999896 -0.5806
1 53 -0.00279992 -0.5824
2 53 -0.00459989 -0.5878
0 54 -0.0297999 -0.586
1 54 -0.0333999 -0.5878
2 54 -0.0333999 -0.5932
0 55 -0.0531999 -0.5896
1 55 -0.0567999 -0.5896
2 55 -0.0567999 -0.595
0 56 -0.0531999 -0.5932
1 56 -0.0567999 -0.595
2 56 -0.0567999 -0.6004
0 57 -0.2314 -0.7066
1 57 -0.235 -0.7066
2 57 -0.2368 -0.712
0 58 -0.2116 -0.703
1 58 -0.2152 -0.703
2 58 -0.217 -0.7084
0 59 -0.55 -0.6148
1 59 -0.553 -0.6115
2 59 -0.5554 -0.6148
0 60 -0.2314 -0.6994
1 60 -0.235 -0.7012
2 60 -0.235 -0.7048
0 61 -0.2188 -0.6994
1 61 -0.2224 -0.6994
2 61 -0.2242 -0.7048
0 62 -0.2152 -0.6976
1 62 -0.2188 -0.6976
2 62 -0.2206 -0.703
0 63 -0.2098 -0.6976
1 63 -0.2134 -0.6976
2 63 -0.2152 -0.703
0 64 -0.0531999 -0.6706
1 64 -0.0565 -0.673
2 64 -0.0567999 -0.6778
0 65 -0.2386 -0.3322
1 65 -0.2386 -0.3322
2 65 -0.2386 -0.3358
0 66 -0.235 -0.7246
1 66 -0.2386 -0.7246
2 66 -0.2404 -0.73
0 67 -0.0459999 -0.667
1 67 -0.0477999 -0.6706
2 67 -0.0495999 -0.6742
0 68 -0.0927999 -0.6472
1 68 -0.0963999 -0.6472
2 68 -0.0963999 -0.6526
0 69 -0.0387999 -0.5788
1 69 -0.0409599 -0.58096
2 69 -0.0409599 -0.58528
0 70 0.00872014 -0.6652
1 70 0.00440013 -0.66736
2 70 0.00440013 -0.67384
0 71 -0.23536 -0.72352
1 71 -0.23752 -0.72568
2 71 -0.23968 -0.73
0 72 -0.0603999 -0.72352
1 72 -0.0625599 -0.72568
2 72 -0.0647199 -0.73216
0 73 -0.0495998 -0.58096
1 73 -0.0517598 -0.58096
2 73 -0.0517598 -0.58744
0 74 0.119744 -0.320896
1 74 0.12104 -0.32392
2 74 0.12104 -0.32824
0 75 -0.0301599 -0.58744
1 75 -0.0323199 -0.5896
2 75 -0.0323199 -0.59392
0 76 -0.2332 -0.7192
1 76 -0.23536 -0.7192
2 76 -0.23752 -0.72352
0 77 -0.23752 -0.3304
1 77 -0.23752 -0.3304
2 77 -0.23752 -0.33472
0 78 0.0173601 -0.65872
1 78 0.0152002 -0.66088
2 78 0.0152002 -0.66736
0 79 -0.0517598 -0.60688
1 79 -0.0560799 -0.60904
2 79 -0.0560799 -0.61336
0 80 -0.20944 -0.6976
1 80 -0.20944 -0.69976
2 80 -0.2116 -0.70408
0 81 -0.0603999 -0.73
1 81 -0.0625599 -0.73216
2 81 -0.0647199 -0.73648
0 82 -0.64576 -0.62416
1 82 -0.64792 -0.61984
2 82 -0.65008 -0.622
0 83 0.27872 -0.82504
1 83 0.27872 -0.83152
2 83 0.28088 -0.838
0 84 -0.0603999 -0.72352
1 84 -0.0616958 -0.725248
2 84 -0.0616958 -0.730432
0 85 -0.214624 -0.699328
1 85 -0.219808 -0.699328
2 85 -0.219808 -0.704512
0 86 0.00569623 -0.587872
1 86 0.00310421 -0.587872
2 86 0.00310421 -0.593056
0 87 -0.23536 -0.70192
1 87 -0.237952 -0.70192
2 87 -0.237952 -0.707104
0 88 -0.0513278 -0.580096
1 88 -0.0539198 -0.582688
2 88 -0.0539198 -0.587872
0 89 -0.232768 -0.725248
1 89 -0.23536 -0.725248
2 89 -0.237952 -0.730432
0 90 -0.0150398 -0.580096
1 90 -0.0176318 -0.582688
2 90 -0.0176318 -0.587872
0 91 0.00051225 -0.580096
1 91 -0.00207977 -0.582688
2 91 -0.00207977 -0.587872
0 92 -0.0435518 -0.665632
1 92 -0.0461438 -0.668224
2 92 -0.0487357 -0.673408
0 93 -0.0591038 -0.730432
1 93 -0.0642878 -0.733024
2 93 -0.0616958 -0.738208
0 94 0.280448 -0.826336
1 94 0.280448 -0.83152
2 94 0.28304 -0.839296
0 95 0.12104 -0.32176
1 95 0.119744 -0.323488
2 95 0.122336 -0.328672
0 96 -0.237952 -0.331264
1 96 -0.237952 -0.331264
2 96 -0.237952 -0.336448
0 97 -0.0383678 -0.577504
1 97 -0.0409598 -0.580096
2 97 -0.0409598 -0.58528
0 98 0.0186562 -0.657856
1 98 0.0160643 -0.660448
2 98 0.0160643 -0.665632
0 99 -0.213069 -0.723174
1 99 -0.216179 -0.723174
2 99 -0.216179 -0.729395
0 100 0.119744 -0.321933
1 100 0.119744 -0.324421
2 100 0.119744 -0.328153
0 101 -0.237952 -0.331264
1 101 -0.237952 -0.331264
2 101 -0.237952 -0.334374
0 102 -0.555213 -0.760499
1 102 -0.558323 -0.757389
2 102 -0.561433 -0.760499
0 103 0.00465946 -0.586317
1 103 0.00154908 -0.589427
2 103 0.00154908 -0.595648
0 104 0.0139907 -0.670297
1 104 0.0108803 -0.673408
2 104 0.0108803 -0.679629
0 105 0.00154908 -0.670297
1 105 -0.00156136 -0.673408
2 105 -0.00156136 -0.679629
0 106 -0.219289 -0.713843
1 106 -0.2224 -0.713843
2 106 -0.2224 -0.720064
0 107 -0.0544381 -0.60809
1 107 -0.0575485 -0.6112
2 107 -0.0575485 -0.617421
0 108 -0.0295549 -0.589427
1 108 -0.0326653 -0.589427
2 108 -0.0326653 -0.595648
0 109 -0.0544381 -0.589427
1 109 -0.0575485 -0.589427
2 109 -0.0575485 -0.595648
0 110 -0.0513278 -0.598758
1 110 -0.0513278 -0.601869
2 110 -0.0544381 -0.604979
0 111 -0.234841 -0.713843
1 111 -0.237952 -0.713843
2 111 -0.237952 -0.716954
0 112 -0.0388861 -0.576985
1 112 -0.0419965 -0.580096
2 112 -0.0419965 -0.586317
0 113 -0.0183575 -0.581962
1 113 -0.02209 -0.581962
2 113 -0.02209 -0.589427
0 114 0.00403741 -0.589427
1 114 0.000304921 -0.59316
2 114 0.000304921 -0.596892
0 115 -0.0519498 -0.667809
1 115 -0.0556823 -0.671542
2 115 -0.0556823 -0.675274
0 116 -0.0295549 -0.589427
1 116 -0.0332874 -0.59316
2 116 -0.0332874 -0.596892
0 117 -0.0332874 -0.671542
1 117 -0.0370199 -0.671542
2 117 -0.0370199 -0.679007
0 118 0.119744 -0.320688
1 118 0.119744 -0.324421
2 118 0.119744 -0.328153
0 119 0.000304921 -0.671542
1 119 -0.00342757 -0.675274
2 119 -0.00342757 -0.679007
0 120 -0.231109 -0.705134
1 120 -0.234841 -0.705134
2 120 -0.238574 -0.708866
0 121 -0.555835 -0.761121
1 121 -0.559567 -0.757389
2 121 -0.5633 -0.761121
0 122 -0.238574 -0.331886
1 122 -0.238574 -0.331886
2 122 -0.238574 -0.335618
0 123 0.597502 -0.660344
1 123 0.604967 -0.664077
2 123 0.619897 -0.671542
0 124 -0.234841 -0.712599
1 124 -0.238574 -0.712599
2 124 -0.242306 -0.720064
