71
0 0 0.00520833 -0.675
1 0 -0.00208333 -0.673958
2 0 -0.0229167 -0.673958
0 1 -0.078125 -0.701042
1 1 -0.0864583 -0.701042
2 1 -0.107292 -0.701042
0 2 -0.0708333 -0.701042
1 2 -0.0791667 -0.701042
2 2 -0.1 -0.701042
0 3 -0.0677083 -0.708333
1 3 -0.0760417 -0.708333
2 3 -0.096875 -0.708333
0 4 0.203125 -0.376042
1 4 0.19875 -0.36875
2 4 0.184375 -0.3625
0 5 0.0114583 -0.791667
1 5 0.00416667 -0.791667
2 5 -0.0166667 -0.792708
0 6 -0.0775 -0.70125
1 6 -0.085 -0.70125
2 6 -0.10625 -0.70125
0 7 -0.0374999 -0.74125
1 7 -0.04625 -0.74125
2 7 -0.0675 -0.7425
0 8 -0.00999997 -0.67625
1 8 -0.0175 -0.67625
2 8 -0.0387499 -0.67625
0 9 -0.0249999 -0.675
1 9 -0.0324999 -0.67375
2 9 -0.05375 -0.67375
0 10 0.2025 -0.37625
1 10 0.19875 -0.36875
2 10 0.18375 -0.36375
0 11 0.2015 -0.376
1 11 0.1985 -0.3685
2 11 0.1835 -0.364
0 12 -0.214 -0.682
1 12 -0.2245 -0.682
2 12 -0.247 -0.682
0 13 -0.0385 -0.7405
1 13 -0.046 -0.7405
2 13 -0.0669999 -0.742
0 14 0.0110001 -0.7855
1 14 0.00350005 -0.7855
2 14 -0.0175 -0.787
0 15 -0.181 -0.8005
1 15 -0.1915 -0.802
2 15 -0.2125 -0.8035
0 16 -0.0745 -0.679
1 16 -0.0835 -0.679
2 16 -0.1045 -0.679
0 17 -0.0315999 -0.6688
1 17 -0.0387999 -0.6688
2 17 -0.0603999 -0.6688
0 18 -0.0243999 -0.676
1 18 -0.0315999 -0.676
2 18 -0.0531999 -0.676
0 19 -0.0747999 -0.6976
1 19 -0.0837999 -0.6976
2 19 -0.1036 -0.6976
0 20 0.2024 -0.3754
1 20 0.1988 -0.3682
2 20 0.1826 -0.3628
0 21 -0.0639999 -0.811
1 21 -0.0729999 -0.8128
2 21 -0.0927999 -0.8128
0 22 0.0332001 -0.6688
1 22 0.0260001 -0.667
2 22 0.00620009 -0.667
0 23 -0.2458 -0.9316
1 23 -0.2584 -0.9352
2 23 -0.28 -0.9388
0 24 0.0281602 -0.8056
1 24 0.0216801 -0.80776
2 24 0.00224012 -0.80776
0 25 -0.18136 -0.79696
1 25 -0.19216 -0.79912
2 25 -0.21376 -0.80128
0 26 0.2024 -0.3754
1 26 0.1988 -0.36712
2 26 0.18368 -0.3628
0 27 -0.0625599 -0.80992
1 27 -0.0711999 -0.81208
2 27 -0.0927999 -0.81208
0 28 -0.0301599 -0.66952
1 28 -0.0387999 -0.66952
2 28 -0.0582399 -0.66952
0 29 -0.0387999 -0.67384
1 29 -0.0474399 -0.67384
2 29 -0.0690399 -0.67384
0 30 -0.0279999 -0.67816
1 30 -0.0366398 -0.67816
2 30 -0.0560799 -0.67816
0 31 -0.0711999 -0.70624
1 31 -0.0798399 -0.70624
2 31 -0.10144 -0.70624
0 32 -0.0755199 -0.71704
1 32 -0.0841599 -0.71704
2 32 -0.1036 -0.71704
0 33 -0.0366398 -0.7408
1 33 -0.0452799 -0.7408
2 33 -0.0668798 -0.7408
0 34 -0.0279998 -0.678592
1 34 -0.0357758 -0.678592
2 34 -0.0565118 -0.678592
0 35 -0.0383678 -0.673408
1 35 -0.0461438 -0.673408
2 35 -0.0668798 -0.673408
0 36 -0.0279998 -0.670816
1 36 -0.0357758 -0.670816
2 36 -0.0565118 -0.670816
0 37 0.00828826 -0.813376
1 37 0.00051225 -0.815968
2 37 -0.0202237 -0.815968
0 38 0.0368003 -0.618976
1 38 0.0290243 -0.616384
2 38 0.00828826 -0.616384
0 39 -0.0798398 -0.828928
1 39 -0.0876158 -0.83152
2 39 -0.108352 -0.83152
0 40 0.0290243 -0.8056
1 40 0.0212482 -0.8056
2 40 0.00051225 -0.808192
0 41 0.20096 -0.37576
1 41 0.197504 -0.367552
2 41 0.181952 -0.362368
0 42 -0.0279998 -0.784864
1 42 -0.0357758 -0.787456
2 42 -0.0565118 -0.787456
0 43 -0.204256 -0.473824
1 43 -0.214624 -0.46864
2 43 -0.237952 -0.466048
0 44 -0.0419965 -0.664077
1 44 -0.0513278 -0.664077
2 44 -0.0731005 -0.664077
0 45 -0.0793214 -0.828928
1 45 -0.0886525 -0.828928
2 45 -0.107315 -0.828928
0 46 0.0264323 -0.804045
1 46 0.0202115 -0.804045
2 46 -0.00156136 -0.807155
0 47 -0.0544381 -0.673408
1 47 -0.0637693 -0.673408
2 47 -0.0824317 -0.673408
0 48 -0.060659 -0.810266
1 48 -0.0699902 -0.810266
2 48 -0.0886525 -0.810266
0 49 -0.213069 -0.68585
1 49 -0.22551 -0.68585
2 49 -0.247283 -0.68585
0 50 -0.282016 -0.476416
1 50 -0.293939 -0.471232
2 50 -0.318822 -0.468121
0 51 -0.284608 -0.383104
1 51 -0.30016 -0.374809
2 51 -0.325043 -0.371699
0 52 -0.278387 -0.474342
1 52 -0.287718 -0.471232
2 52 -0.312601 -0.468121
0 53 0.200615 -0.374809
1 53 0.197504 -0.368589
2 53 0.181952 -0.362368
0 54 0.200615 -0.374809
1 54 0.197504 -0.368589
2 54 0.179464 -0.361746
0 55 -0.287096 -0.380408
1 55 -0.298294 -0.372943
2 55 -0.324421 -0.372943
0 56 -0.0556823 -0.675274
1 56 -0.0631472 -0.671542
2 56 -0.0855421 -0.671542
0 57 0.0115024 -0.675274
1 57 0.000304921 -0.675274
2 57 -0.0183575 -0.675274
0 58 -0.182587 -0.798446
1 58 -0.193784 -0.798446
2 58 -0.216179 -0.802178
0 59 -0.0370199 -0.738726
1 59 -0.0444848 -0.738726
2 59 -0.0668797 -0.738726
0 60 -0.278387 -0.474342
1 60 -0.294561 -0.47372
2 60 -0.316956 -0.469988
0 61 -0.0743447 -0.675274
1 61 -0.0818097 -0.675274
2 61 -0.104205 -0.675274
0 62 -0.0780772 -0.828306
1 62 -0.0892746 -0.828306
2 62 -0.107937 -0.828306
0 63 -0.0706122 -0.720064
1 63 -0.0818097 -0.720064
2 63 -0.100472 -0.720064
0 64 0.0077699 -0.813376
1 64 -0.00342757 -0.817108
2 64 -0.02209 -0.817108
0 65 0.0376298 -0.805911
1 65 0.0301648 -0.805911
2 65 0.0115024 -0.813376
0 66 -0.186319 -0.809643
1 66 -0.197517 -0.809643
2 66 -0.219911 -0.809643
0 67 -0.0594147 -0.809643
1 67 -0.0706122 -0.809643
2 67 -0.0892746 -0.809643
0 68 0.0264323 -0.802178
1 68 0.0189673 -0.805911
2 68 0.000304921 -0.805911
0 69 0.0189673 -0.787249
1 69 0.0115024 -0.790981
2 69 -0.0108925 -0.790981
0 70 -0.0743447 -0.693937
1 70 -0.0818097 -0.693937
2 70 -0.104205 -0.693937
