64
0 0 -0.059375 -0.635417
1 0 -0.0552083 -0.6375
2 0 -0.053125 -0.639583
0 1 -0.0791667 -0.6375
1 1 -0.075 -0.639583
2 1 -0.0729167 -0.641667
0 2 -0.08125 -0.641667
1 2 -0.078125 -0.64375
2 2 -0.0760417 -0.645833
0 3 -0.046875 -0.685417
1 3 -0.0427083 -0.6875
2 3 -0.040625 -0.689583
0 4 -0.265 -0.7825
1 4 -0.2625 -0.79
2 4 -0.25875 -0.79625
0 5 -0.08375 -0.75625
1 5 -0.07875 -0.76
2 5 -0.0749999 -0.7625
0 6 -0.0835 -0.7585
1 6 -0.079 -0.763
2 6 -0.0745 -0.766
0 7 -0.00999997 -0.6415
1 7 -0.00549997 -0.643
2 7 -0.00249996 -0.643
0 8 -0.0805 -0.6415
1 8 -0.0775 -0.6445
2 8 -0.076 -0.646
0 9 -0.0865 -0.6445
1 9 -0.082 -0.6475
2 9 -0.0805 -0.649
0 10 -0.0385 -0.7765
1 10 -0.0324999 -0.7795
2 10 -0.0279999 -0.7825
0 11 -0.00549997 -0.778
1 11 0.00200005 -0.7795
2 11 0.00650005 -0.7825
0 12 -0.4024 -0.6058
1 12 -0.4024 -0.6094
2 12 -0.4042 -0.6148
0 13 -0.0837999 -0.6274
1 13 -0.0801999 -0.6292
2 13 -0.0783999 -0.631
0 14 -0.0387999 -0.7768
1 14 -0.0333999 -0.7804
2 14 -0.0279999 -0.7822
0 15 -0.0459999 -0.6814
1 15 -0.0423999 -0.6832
2 15 -0.0405999 -0.685
0 16 -0.0855999 -0.6436
1 16 -0.0819999 -0.6472
2 16 -0.0801999 -0.649
0 17 -0.0279999 -0.7534
1 17 -0.0225999 -0.757
2 17 -0.0189999 -0.7588
0 18 -0.1288 -0.6454
1 18 -0.1252 -0.6472
2 18 -0.1234 -0.6508
0 19 -0.0819999 -0.7588
1 19 -0.0783999 -0.7624
2 19 -0.0747999 -0.766
0 20 -0.262 -0.7822
1 20 -0.2584 -0.7894
2 20 -0.2548 -0.7966
0 21 -0.2674 -0.784
1 21 -0.2638 -0.7912
2 21 -0.2602 -0.7966
0 22 -0.0621999 -0.6364
1 22 -0.0567999 -0.6382
2 22 -0.0549999 -0.64
0 23 -0.406 -0.613
1 23 -0.4078 -0.6184
2 23 -0.4078 -0.6238
0 24 -0.0369999 -0.7822
1 24 -0.0315999 -0.7858
2 24 -0.0279999 -0.7876
0 25 -0.3052 -0.64
1 25 -0.3034 -0.6472
2 25 -0.3034 -0.6508
0 26 -0.12952 -0.66088
1 26 -0.1252 -0.66304
2 26 -0.12304 -0.66736
0 27 -0.0819998 -0.62848
1 27 -0.0776799 -0.63064
2 27 -0.0776799 -0.6328
0 28 -0.0387999 -0.78184
1 28 -0.0323199 -0.78616
2 28 -0.0279999 -0.78832
0 29 -0.26776 -0.784
1 29 -0.2656 -0.79264
2 29 -0.26128 -0.79912
0 30 -0.1252 -0.6328
1 30 -0.12088 -0.63712
2 30 -0.11872 -0.63928
0 31 -0.10792 -0.63496
1 31 -0.1036 -0.63712
2 31 -0.10144 -0.63928
0 32 -0.0755199 -0.63496
1 32 -0.0711999 -0.63712
2 32 -0.0690399 -0.63928
0 33 -0.00639985 -0.77752
1 33 0.00200005 -0.7795
2 33 0.00440013 -0.78184
0 34 -0.129088 -0.683776
1 34 -0.123904 -0.686368
2 34 -0.121312 -0.68896
0 35 -0.0513278 -0.68896
1 35 -0.0461438 -0.691552
2 35 -0.0435518 -0.694144
0 36 -0.129088 -0.65008
1 36 -0.126496 -0.652672
2 36 -0.123904 -0.655264
0 37 -0.0383678 -0.782272
1 37 -0.0331838 -0.784864
2 37 -0.0279998 -0.787456
0 38 -0.116128 -0.77968
1 38 -0.108352 -0.782272
2 38 -0.10576 -0.787456
0 39 -0.445312 -0.282016
1 39 -0.453088 -0.282016
2 39 -0.463456 -0.284608
0 40 -0.269056 -0.784864
1 40 -0.266464 -0.79264
2 40 -0.263872 -0.800416
0 41 -0.0798398 -0.629344
1 41 -0.0772478 -0.631936
2 41 -0.0746558 -0.634528
0 42 -0.134272 -0.803008
1 42 -0.129088 -0.808192
2 42 -0.123904 -0.810784
0 43 -0.0824317 -0.751168
1 43 -0.076211 -0.754278
2 43 -0.0731005 -0.757389
0 44 -0.396582 -0.68585
1 44 -0.396582 -0.695181
2 44 -0.396582 -0.701402
0 45 -0.0202237 -0.771904
1 45 -0.0140029 -0.776051
2 45 -0.0108926 -0.776051
0 46 -0.00778211 -0.776051
1 46 -0.00156136 -0.779162
2 46 0.00465946 -0.779162
0 47 -0.113536 -0.776051
1 47 -0.110425 -0.782272
2 47 -0.104205 -0.785382
0 48 -0.0388861 -0.782272
1 48 -0.0357758 -0.785382
2 48 -0.0295549 -0.788493
0 49 -0.297049 -0.390361
1 49 -0.30016 -0.387251
2 49 -0.30327 -0.390361
0 50 -0.129088 -0.651635
1 50 -0.125977 -0.654746
2 50 -0.122867 -0.657856
0 51 -0.306381 -0.645414
1 51 -0.30327 -0.648525
2 51 -0.30327 -0.654746
0 52 -0.135309 -0.800934
1 52 -0.129088 -0.807155
2 52 -0.122867 -0.810266
0 53 -0.0780772 -0.630484
1 53 -0.0743447 -0.634217
2 53 -0.0706122 -0.634217
0 54 -0.0295549 -0.753656
1 54 -0.0258224 -0.757389
2 54 -0.02209 -0.761121
0 55 -0.446349 -0.281497
1 55 -0.451325 -0.283364
2 55 -0.462523 -0.283364
0 56 -0.0444848 -0.757389
1 56 -0.0370199 -0.761121
2 56 -0.0332874 -0.764854
0 57 -0.02209 -0.772319
1 57 -0.014625 -0.772319
2 57 -0.0108925 -0.776051
0 58 -0.305759 -0.649147
1 58 -0.305759 -0.652879
2 58 -0.305759 -0.656612
0 59 -0.111669 -0.776051
1 59 -0.107937 -0.783516
2 59 -0.104205 -0.787249
0 60 -0.134064 -0.798446
1 60 -0.130332 -0.805911
2 60 -0.122867 -0.809643
0 61 -0.0407523 -0.634217
1 61 -0.0332874 -0.634217
2 61 -0.0332874 -0.637949
0 62 -0.130332 -0.634217
1 62 -0.126599 -0.637949
2 62 -0.122867 -0.641682
0 63 -0.399071 -0.686472
1 63 -0.399071 -0.693937
2 63 -0.399071 -0.701402
