11
0 0 -0.0205 -0.691
1 0 0.00200005 -0.67
2 0 0.029 -0.6655
0 1 -0.0189999 -0.8524
1 1 0.000800069 -0.8326
2 1 0.0314001 -0.829
0 2 -0.0150399 -0.8164
1 2 0.00656013 -0.7948
2 2 0.0346401 -0.79048
0 3 -0.00639985 -0.81856
1 3 0.0152002 -0.79696
2 3 0.0454402 -0.7948
0 4 0.0216801 -0.66952
1 4 0.0432802 -0.64576
2 4 0.0692001 -0.63928
0 5 -0.0202237 -0.862624
1 5 0.00051225 -0.839296
2 5 0.0316163 -0.836704
0 6 -0.0202237 -0.863142
1 6 -0.00156136 -0.84137
2 6 0.0295427 -0.838259
0 7 -0.02209 -0.861898
1 7 -0.00342757 -0.839503
2 7 0.0301648 -0.835771
0 8 0.00403741 -0.839503
1 8 0.0226998 -0.817108
2 8 0.0525597 -0.813376
0 9 -0.0967396 -0.761121
1 9 -0.0780772 -0.738726
2 9 -0.0482173 -0.734994
0 10 0.00403741 -0.846968
1 10 0.0264323 -0.824573
2 10 0.0562922 -0.824573
