77
0 0 0.0583333 -0.578125
1 0 0.0552083 -0.577083
2 0 0.0520833 -0.577083
0 1 0.0166667 -0.722917
1 1 0.0135417 -0.722917
2 1 0.0125 -0.721875
0 2 -0.138542 -0.691667
1 2 -0.142708 -0.691667
2 2 -0.144792 -0.692708
0 3 0.0825001 -0.5825
1 3 0.0775 -0.58125
2 3 0.075 -0.58125
0 4 -0.52125 -0.57
1 4 -0.52875 -0.57
2 4 -0.53375 -0.57125
0 5 0.045 -0.58125
1 5 0.04125 -0.58
2 5 0.03875 -0.58
0 6 0.01625 -0.7225
1 6 0.0135417 -0.722917
2 6 0.0125001 -0.7225
0 7 0.0887501 -0.66875
1 7 0.08375 -0.6675
2 7 0.08125 -0.6675
0 8 0.23 -0.31
1 8 0.229167 -0.308333
2 8 0.23 -0.30625
0 9 0.0850001 -0.675
1 9 0.0800001 -0.675
2 9 0.0787501 -0.675
0 10 0.09625 -0.58
1 10 0.0925001 -0.57875
2 10 0.09 -0.57875
0 11 0.2285 -0.31
1 11 0.2275 -0.30875
2 11 0.2285 -0.307
0 12 -0.013 -0.6445
1 12 -0.0175 -0.643
2 12 -0.0175 -0.643
0 13 -0.1375 -0.688
1 13 -0.142 -0.688
2 13 -0.1435 -0.688
0 14 -0.1315 -0.6925
1 14 -0.136 -0.6925
2 14 -0.1375 -0.694
0 15 0.035 -0.58
1 15 0.0305 -0.58
2 15 0.029 -0.58
0 16 0.0830001 -0.583
1 16 0.0785 -0.5815
2 16 0.0755 -0.5815
0 17 0.0890001 -0.5875
1 17 0.0845 -0.5875
2 17 0.0815 -0.5875
0 18 -0.1615 -0.715
1 18 -0.1645 -0.715
2 18 -0.1675 -0.7165
0 19 -0.166 -0.715
1 19 -0.1705 -0.715
2 19 -0.172 -0.7165
0 20 0.3905 -0.8005
1 20 0.3935 -0.8065
2 20 0.4025 -0.8095
0 21 0.01625 -0.7225
1 21 0.0125001 -0.7225
2 21 0.0125001 -0.7225
0 22 -0.163 -0.6958
1 22 -0.1684 -0.6958
2 22 -0.1702 -0.6958
0 23 0.0836001 -0.5824
1 23 0.0782001 -0.5824
2 23 0.0764001 -0.5824
0 24 -0.1594 -0.6904
1 24 -0.1648 -0.6904
2 24 -0.1666 -0.6904
0 25 -0.1612 -0.7156
1 25 -0.1648 -0.7156
2 25 -0.1666 -0.7174
0 26 0.0260001 -0.6724
1 26 0.0224001 -0.6724
2 26 0.0206001 -0.6724
0 27 0.0602001 -0.5806
1 27 0.0566001 -0.5788
2 27 0.0548001 -0.5788
0 28 0.0260002 -0.67816
1 28 0.0238401 -0.676
2 28 0.0206001 -0.6778
0 29 0.2285 -0.31
1 29 0.2276 -0.307
2 29 0.2276 -0.307
0 30 0.0324802 -0.58096
1 30 0.0281602 -0.5788
2 30 0.0260002 -0.5788
0 31 0.0324802 -0.6004
1 31 0.0281602 -0.59824
2 31 0.0260002 -0.59824
0 32 0.0303202 -0.5896
1 32 0.0260002 -0.58744
2 32 0.0238401 -0.58744
0 33 -0.13816 -0.71056
1 33 -0.14248 -0.71056
2 33 -0.14464 -0.71056
0 34 -0.14032 -0.71488
1 34 -0.14464 -0.71488
2 34 -0.1468 -0.71704
0 35 0.0843202 -0.58312
1 35 0.0800002 -0.58096
2 35 0.0778402 -0.58096
0 36 -0.13816 -0.68896
1 36 -0.14248 -0.68896
2 36 -0.14464 -0.68896
0 37 0.0886402 -0.5896
1 37 0.0843202 -0.58744
2 37 0.0821602 -0.58744
0 38 0.22904 -0.3088
1 38 0.2276 -0.307
2 38 0.22688 -0.30664
0 39 -0.532 -0.7318
1 39 -0.5392 -0.7336
2 39 -0.54424 -0.73648
0 40 -0.1576 -0.30664
1 40 -0.16192 -0.30448
2 40 -0.16408 -0.30448
0 41 0.0173601 -0.72352
1 41 0.0152002 -0.72352
2 41 0.0130402 -0.72352
0 42 0.0886402 -0.66952
1 42 0.0843202 -0.66952
2 42 0.0821602 -0.66952
0 43 0.0186562 -0.730432
1 43 0.0160643 -0.730432
2 43 0.0134722 -0.730432
0 44 -0.152416 -0.691552
1 44 -0.1576 -0.68896
2 44 -0.1576 -0.691552
0 45 0.0264322 -0.673408
1 45 0.0233219 -0.670297
2 45 0.0212482 -0.673408
0 46 0.0290243 -0.608608
1 46 0.0264322 -0.606016
2 46 0.0238403 -0.606016
0 47 -0.139456 -0.68896
1 47 -0.142048 -0.68896
2 47 -0.14464 -0.68896
0 48 0.0860483 -0.582688
1 48 0.0808642 -0.582688
2 48 0.0782722 -0.582688
0 49 -0.142048 -0.71488
1 49 -0.14464 -0.71488
2 49 -0.147232 -0.717472
0 50 0.124928 -0.722656
1 50 0.122336 -0.720064
2 50 0.119744 -0.720064
0 51 -0.1576 -0.307936
1 51 -0.160192 -0.30327
2 51 -0.162784 -0.305344
0 52 0.228608 -0.307936
1 52 0.22688 -0.30664
2 52 0.226016 -0.305344
0 53 0.0938243 -0.580096
1 53 0.0912323 -0.580096
2 53 0.0886402 -0.580096
0 54 0.0368003 -0.668224
1 54 0.0342082 -0.668224
2 54 0.0316163 -0.668224
0 55 -0.150861 -0.716954
1 55 -0.157081 -0.716954
2 55 -0.157081 -0.716954
0 56 -0.157081 -0.306381
1 56 -0.160192 -0.30327
2 56 -0.163302 -0.30327
0 57 0.228608 -0.309491
1 57 0.225498 -0.306381
2 57 0.225498 -0.306381
0 58 -0.141529 -0.713843
1 58 -0.14775 -0.713843
2 58 -0.14775 -0.716954
0 59 0.032653 -0.598758
1 59 0.0264323 -0.598758
2 59 0.0264323 -0.598758
0 60 -0.163302 -0.701402
1 60 -0.166413 -0.701402
2 60 -0.169523 -0.701402
0 61 -0.53344 -0.731261
1 61 -0.539661 -0.732506
2 61 -0.545881 -0.735616
0 62 0.0295427 -0.589427
1 62 0.0233219 -0.589427
2 62 0.0233219 -0.589427
0 63 -0.166413 -0.69207
1 63 -0.169523 -0.69207
2 63 -0.172633 -0.69207
0 64 -0.141529 -0.68896
1 64 -0.14775 -0.68896
2 64 -0.14775 -0.68896
0 65 0.0450947 -0.673408
1 65 0.0419843 -0.673408
2 65 0.0388739 -0.673408
0 66 0.0855298 -0.583206
1 66 0.0824195 -0.580096
2 66 0.0793091 -0.580096
0 67 -0.141529 -0.716331
1 67 -0.145262 -0.716331
2 67 -0.148994 -0.716331
0 68 0.227986 -0.309491
1 68 0.224254 -0.305759
2 68 0.224254 -0.305759
0 69 -0.156459 -0.305759
1 69 -0.160192 -0.305759
2 69 -0.163924 -0.305759
0 70 -0.141529 -0.690204
1 70 -0.145262 -0.690204
2 70 -0.148994 -0.690204
0 71 -0.163924 -0.705134
1 71 -0.167657 -0.701402
2 71 -0.171389 -0.705134
0 72 0.779149 -0.632973
1 72 0.802788 -0.637949
2 72 0.836381 -0.641682
0 73 0.0898844 -0.581962
1 73 0.086152 -0.581962
2 73 0.0824195 -0.581962
0 74 0.0525597 -0.59316
1 74 0.0525597 -0.589427
2 74 0.0488272 -0.589427
0 75 -0.163924 -0.716331
1 75 -0.167657 -0.716331
2 75 -0.167657 -0.716331
0 76 -0.167657 -0.693937
1 76 -0.171389 -0.693937
2 76 -0.171389 -0.693937
