76
0 0 -0.122917 -0.686458
1 0 -0.123958 -0.678125
2 0 -0.123958 -0.669792
0 1 -0.059375 -0.653125
1 1 -0.059375 -0.64375
2 1 -0.059375 -0.635417
0 2 -0.0833333 -0.65625
1 2 -0.0833333 -0.645833
2 2 -0.0833333 -0.638542
0 3 -0.125 -0.691667
1 3 -0.126042 -0.683333
2 3 -0.126042 -0.675
0 4 -0.0458333 -0.704167
1 4 -0.046875 -0.692708
2 4 -0.046875 -0.685417
0 5 -0.08 -0.66
1 5 -0.0812499 -0.65
2 5 -0.0812499 -0.6425
0 6 -0.08 -0.65625
1 6 -0.0812499 -0.64625
2 6 -0.0812499 -0.63875
0 7 -0.2575 -0.7975
1 7 -0.26 -0.78875
2 7 -0.26125 -0.78375
0 8 -0.26125 -0.795
1 8 -0.26375 -0.7875
2 8 -0.265 -0.7825
0 9 -0.1275 -0.67875
1 9 -0.12875 -0.66875
2 9 -0.12875 -0.66125
0 10 -0.125 -0.69125
1 10 -0.12625 -0.68125
2 10 -0.12625 -0.675
0 11 -0.08375 -0.70125
1 11 -0.085 -0.69
2 11 -0.085 -0.6825
0 12 -0.0437499 -0.65125
1 12 -0.0437499 -0.64125
2 12 -0.0437499 -0.63375
0 13 -0.0374999 -0.79375
1 13 -0.0387499 -0.78375
2 13 -0.0374999 -0.77625
0 14 -0.0835 -0.7015
1 14 -0.085 -0.691
2 14 -0.085 -0.6835
0 15 -0.124 -0.688
1 15 -0.1255 -0.679
2 15 -0.1255 -0.6715
0 16 -0.262 -0.796
1 16 -0.265 -0.7885
2 16 -0.2665 -0.7825
0 17 -0.037 -0.769
1 17 -0.0385 -0.7585
2 17 -0.0385 -0.751
0 18 -0.1144 -0.7984
1 18 -0.1162 -0.7858
2 18 -0.1162 -0.7804
0 19 -0.0927999 -0.6508
1 19 -0.0945999 -0.64
2 19 -0.0927999 -0.6328
0 20 -0.0765999 -0.6526
1 20 -0.0765999 -0.6418
2 20 -0.0765999 -0.6346
0 21 -0.0621999 -0.6544
1 21 -0.0639999 -0.6436
2 21 -0.0621999 -0.6364
0 22 -0.0783999 -0.6598
1 22 -0.0801999 -0.649
2 22 -0.0801999 -0.6418
0 23 -0.0423999 -0.6652
1 23 -0.0441999 -0.6544
2 23 -0.0441999 -0.6472
0 24 -0.0369999 -0.8002
1 24 -0.0387999 -0.7894
2 24 -0.0369999 -0.7822
0 25 -0.0423999 -0.6958
1 25 -0.0441999 -0.685
2 25 -0.0441999 -0.6778
0 26 -0.0927999 -0.65008
1 26 -0.0927999 -0.64144
2 26 -0.0927999 -0.6328
0 27 -0.26344 -0.79696
1 27 -0.2656 -0.78832
2 27 -0.26776 -0.784
0 28 -0.0387999 -0.79912
1 28 -0.0387999 -0.79048
2 28 -0.0387999 -0.78184
0 29 -0.10792 -0.65224
1 29 -0.10792 -0.64144
2 29 -0.10792 -0.63496
0 30 -0.0819998 -0.6544
1 30 -0.0819998 -0.64576
2 30 -0.0819998 -0.63712
0 31 -0.25912 -0.79264
1 31 -0.26128 -0.784
2 31 -0.26344 -0.77968
0 32 -0.12952 -0.68248
1 32 -0.13168 -0.67168
2 32 -0.13168 -0.6652
0 33 -0.1252 -0.6868
1 33 -0.1252 -0.676
2 33 -0.1252 -0.66952
0 34 -0.42976 -0.3088
1 34 -0.4384 -0.29368
2 34 -0.44704 -0.28072
0 35 -0.0776799 -0.74296
1 35 -0.0776799 -0.73216
2 35 -0.0798399 -0.72568
0 36 -0.0128799 -0.59392
1 36 -0.0128799 -0.58312
2 36 -0.0128799 -0.57448
0 37 -0.39736 -0.63064
1 37 -0.40168 -0.61984
2 37 -0.406 -0.61336
0 38 0.2096 -0.2908
1 38 0.220832 -0.276832
2 38 0.23336 -0.26344
0 39 -0.0107199 -0.66088
1 39 -0.0107199 -0.65008
2 39 -0.0107199 -0.64144
0 40 -0.0387999 -0.7948
1 40 -0.0387999 -0.784
2 40 -0.0387999 -0.77752
0 41 -0.113536 -0.797824
1 41 -0.113536 -0.784864
2 41 -0.116128 -0.77968
0 42 -0.0798398 -0.655264
1 42 -0.0798398 -0.644896
2 42 -0.0798398 -0.63712
0 43 -0.0772478 -0.769312
1 43 -0.0798398 -0.758944
2 43 -0.0798398 -0.751168
0 44 -0.0927998 -0.65008
1 44 -0.0927998 -0.639712
2 44 -0.0927998 -0.631936
0 45 -0.126496 -0.686368
1 45 -0.126496 -0.676
2 45 -0.126496 -0.668224
0 46 0.2096 -0.28936
1 46 0.220832 -0.276832
2 46 0.233792 -0.263872
0 47 -0.42976 -0.310528
1 47 -0.437536 -0.292384
2 47 -0.445312 -0.282016
0 48 -0.0176318 -0.790048
1 48 -0.0202237 -0.77968
2 48 -0.0202237 -0.771904
0 49 -0.30016 -0.657856
1 49 -0.302752 -0.65008
2 49 -0.305344 -0.642304
0 50 0.210464 -0.289792
1 50 0.219277 -0.275277
2 50 0.231719 -0.262835
0 51 -0.387251 -0.701402
1 51 -0.393472 -0.69207
2 51 -0.396582 -0.68585
0 52 -0.0793214 -0.648525
1 52 -0.0793214 -0.639194
2 52 -0.0793214 -0.629862
0 53 -0.0637693 -0.654746
1 53 -0.0637693 -0.645414
2 53 -0.0637693 -0.636083
0 54 -0.129088 -0.701402
1 54 -0.129088 -0.68896
2 54 -0.129088 -0.682739
0 55 -0.129088 -0.68896
1 55 -0.129088 -0.676518
2 55 -0.129088 -0.670297
0 56 -0.30016 -0.660966
1 56 -0.30327 -0.651635
2 56 -0.306381 -0.645414
0 57 -0.129088 -0.667187
1 57 -0.129088 -0.657856
2 57 -0.129088 -0.651635
0 58 -0.129088 -0.673408
1 58 -0.129088 -0.664077
2 58 -0.129088 -0.657856
0 59 -0.0108926 -0.660966
1 59 -0.0108926 -0.651635
2 59 -0.0108926 -0.645414
0 60 -0.42976 -0.310528
1 60 -0.437536 -0.292384
2 60 -0.446349 -0.281497
0 61 -0.0140029 -0.595648
1 61 -0.0140029 -0.586317
2 61 -0.0140029 -0.576985
0 62 -0.111669 -0.794714
1 62 -0.111669 -0.783516
2 62 -0.111669 -0.776051
0 63 0.209946 -0.290829
1 63 0.220521 -0.275899
2 63 0.231719 -0.264701
0 64 -0.130332 -0.690204
1 64 -0.130332 -0.679007
2 64 -0.130332 -0.671542
0 65 -0.0407523 -0.652879
1 65 -0.0407523 -0.641682
2 65 -0.0407523 -0.634217
0 66 -0.0407523 -0.798446
1 66 -0.0407523 -0.790981
2 66 -0.0407523 -0.783516
0 67 -0.107937 -0.652879
1 67 -0.107937 -0.641682
2 67 -0.107937 -0.634217
0 68 -0.260969 -0.790981
1 68 -0.264701 -0.783516
2 68 -0.264701 -0.779784
0 69 -0.134064 -0.817108
1 69 -0.134064 -0.805911
2 69 -0.134064 -0.798446
0 70 -0.126599 -0.671542
1 70 -0.126599 -0.660344
2 70 -0.126599 -0.652879
0 71 -0.126599 -0.701402
1 71 -0.126599 -0.690204
2 71 -0.126599 -0.682739
0 72 -0.0108925 -0.664077
1 72 -0.0108925 -0.652879
2 72 -0.0108925 -0.645414
0 73 -0.130332 -0.652879
1 73 -0.130332 -0.641682
2 73 -0.130332 -0.634217
0 74 -0.00716 -0.790981
1 74 -0.00716 -0.783516
2 74 -0.00716 -0.776051
0 75 -0.0295549 -0.772319
1 75 -0.0295549 -0.761121
2 75 -0.0295549 -0.753656
