37
0 0 -0.0355 -0.649
1 0 -0.00124995 -0.64625
2 0 0.02625 -0.64625
0 1 -0.14125 -0.73
1 1 -0.10875 -0.7275
2 1 -0.0824999 -0.72875
0 2 -0.0324999 -0.77875
1 2 -0.00124995 -0.77875
2 2 0.0300001 -0.77875
0 3 -0.09875 -0.76625
1 3 -0.06625 -0.76625
2 3 -0.0374999 -0.76625
0 4 -0.08625 -0.65
1 4 -0.055 -0.64875
2 4 -0.0262499 -0.6475
0 5 -0.214 -0.6625
1 5 -0.184 -0.661
2 5 -0.1585 -0.6625
0 6 -0.1405 -0.73
1 6 -0.1075 -0.7285
2 6 -0.0805 -0.7285
0 7 -0.0984999 -0.766
1 7 -0.0669999 -0.766
2 7 -0.037 -0.766
0 8 -0.0351999 -0.649
1 8 -0.00279992 -0.649
2 8 0.0242001 -0.6472
0 9 -0.1756 -0.9226
1 9 -0.1432 -0.9244
2 9 -0.1144 -0.928
0 10 -0.1702 -0.919
1 10 -0.1396 -0.9208
2 10 -0.1108 -0.9244
0 11 -0.0297999 -0.7588
1 11 0.0026001 -0.7588
2 11 0.0314001 -0.7588
0 12 -0.0243999 -0.7642
1 12 0.00800012 -0.7624
2 12 0.0386001 -0.7642
0 13 -0.0171998 -0.91792
1 13 0.0130402 -0.92008
2 13 0.0454402 -0.92224
0 14 -0.0171999 -0.9136
1 14 0.0152002 -0.91576
2 14 0.0476002 -0.91792
0 15 -0.21376 -0.66304
1 15 -0.18352 -0.66088
2 15 -0.1576 -0.66088
0 16 -0.0366398 -0.65008
1 16 -0.00423985 -0.65008
2 16 0.0238401 -0.64792
0 17 -0.0906399 -0.78184
1 17 -0.0582399 -0.78184
2 17 -0.0279999 -0.78184
0 18 -0.10144 -0.7192
1 18 -0.0690399 -0.7192
2 18 -0.0409599 -0.7192
0 19 -0.0366398 -0.68464
1 19 -0.00423985 -0.68248
2 19 0.0238401 -0.68248
0 20 -0.0992798 -0.75376
1 20 -0.0690399 -0.75376
2 20 -0.0387999 -0.75376
0 21 -0.0301599 -0.75808
1 21 0.00224012 -0.75808
2 21 0.0324802 -0.75808
0 22 -0.0171998 -0.9136
1 22 0.0134722 -0.914464
2 22 0.0471682 -0.917056
0 23 -0.212032 -0.66304
1 23 -0.18352 -0.660448
2 23 -0.1576 -0.660448
0 24 -0.217216 -0.665632
1 24 -0.188704 -0.66304
2 24 -0.162784 -0.66304
0 25 -0.0409598 -0.769312
1 25 -0.00985578 -0.769312
2 25 0.0212482 -0.769312
0 26 -0.0902078 -0.782272
1 26 -0.0565118 -0.782272
2 26 -0.0279998 -0.782272
0 27 -0.100576 -0.720064
1 27 -0.0694718 -0.717472
2 27 -0.0409598 -0.717472
0 28 -0.0876158 -0.717472
1 28 -0.0565118 -0.717472
2 28 -0.0279998 -0.717472
0 29 -0.14464 -0.729395
1 29 -0.113536 -0.729395
2 29 -0.0855422 -0.726285
0 30 -0.0824317 -0.760499
1 30 -0.0513278 -0.760499
2 30 -0.0202237 -0.760499
0 31 -0.0326653 -0.772941
1 31 -0.00156136 -0.772941
2 31 0.0295427 -0.772941
0 32 -0.0917629 -0.782272
1 32 -0.0575485 -0.782272
2 32 -0.0295549 -0.782272
0 33 -0.0419965 -0.76983
1 33 -0.00778211 -0.76983
2 33 0.0202115 -0.76983
0 34 -0.0388861 -0.822707
1 34 -0.00467173 -0.822707
2 34 0.0264323 -0.822707
0 35 -0.0258224 -0.776051
1 35 0.0077699 -0.776051
2 35 0.0376298 -0.776051
0 36 -0.137797 -0.813376
1 36 -0.104205 -0.813376
2 36 -0.0743447 -0.813376
