19
0 0 0.11888 -0.4168
1 0 0.122336 -0.4168
2 0 0.14696 -0.40816
0 1 -0.29368 -0.50536
1 1 -0.298 -0.4996
2 1 -0.27856 -0.49024
0 2 -0.0495998 -0.82072
1 2 -0.0560799 -0.82072
2 2 -0.0323199 -0.81208
0 3 -0.289792 -0.424576
1 3 -0.292384 -0.4168
2 3 -0.271648 -0.409024
0 4 0.117152 -0.4168
1 4 0.119744 -0.415245
2 4 0.145664 -0.406432
0 5 0.11888 -0.4168
1 5 0.119744 -0.415245
2 5 0.144628 -0.405913
0 6 -0.289792 -0.424576
1 6 -0.292384 -0.4168
2 6 -0.272166 -0.405913
0 7 -0.290829 -0.508557
1 7 -0.297049 -0.502336
2 7 -0.278387 -0.493005
0 8 -0.2224 -0.807155
1 8 -0.228621 -0.804045
2 8 -0.209958 -0.797824
0 9 -0.219911 -0.798446
1 9 -0.227376 -0.794714
2 9 -0.208714 -0.787249
0 10 -0.0556823 -0.798446
1 10 -0.0594147 -0.798446
2 10 -0.0370199 -0.790981
0 11 -0.0930071 -0.697669
1 11 -0.0967396 -0.697669
2 11 -0.0780772 -0.686472
0 12 -0.290829 -0.425198
1 12 -0.293939 -0.415245
2 12 -0.272166 -0.406536
0 13 -0.130332 -0.727529
1 13 -0.134064 -0.727529
2 13 -0.115402 -0.720064
0 14 -0.0556823 -0.820841
1 14 -0.0594147 -0.820841
2 14 -0.0370199 -0.813376
0 15 -0.134064 -0.824573
1 15 -0.137797 -0.820841
2 15 -0.119134 -0.813376
0 16 -0.290829 -0.508557
1 16 -0.297049 -0.502336
2 16 -0.275899 -0.496115
0 17 -0.249771 -0.701402
1 17 -0.253504 -0.697669
2 17 -0.234841 -0.690204
0 18 0.116012 -0.417733
1 18 0.119744 -0.417733
2 18 0.142139 -0.406536
