99
0 0 -0.04625 -0.57125
1 0 -0.0489583 -0.571875
2 0 -0.0479167 -0.572917
0 1 -0.0760417 -0.569792
1 1 -0.078125 -0.570833
2 1 -0.078125 -0.571875
0 2 -0.284375 -0.73125
1 2 -0.2875 -0.734375
2 2 -0.286458 -0.739583
0 3 -0.0354167 -0.646875
1 3 -0.0375 -0.647917
2 3 -0.0364583 -0.648958
0 4 0.021875 -0.433333
1 4 0.02125 -0.4325
2 4 0.0208333 -0.433333
0 5 -0.110417 -0.726042
1 5 -0.112 -0.727
2 5 -0.111458 -0.730208
0 6 -0.08 -0.5775
1 6 -0.0824999 -0.5775
2 6 -0.0824999 -0.57875
0 7 -0.0699999 -0.5675
1 7 -0.07125 -0.56875
2 7 -0.07125 -0.57
0 8 -0.1425 -0.64
1 8 -0.145 -0.64125
2 8 -0.14375 -0.64375
0 9 -0.285 -0.73125
1 9 -0.28875 -0.735
2 9 -0.2875 -0.73875
0 10 -0.0775 -0.5975
1 10 -0.08 -0.59875
2 10 -0.08 -0.6
0 11 -0.04625 -0.57125
1 11 -0.0475 -0.5725
2 11 -0.0475 -0.57375
0 12 -0.31 -0.7255
1 12 -0.313 -0.7285
2 12 -0.313 -0.733
0 13 -0.109 -0.7255
1 13 -0.112 -0.727
2 13 -0.1105 -0.73
0 14 -0.286 -0.7315
1 14 -0.289 -0.7345
2 14 -0.2875 -0.739
0 15 -0.322 -0.7045
1 15 -0.325 -0.706
2 15 -0.325 -0.712
0 16 -0.0415 -0.661
1 16 -0.043 -0.661
2 16 -0.0415 -0.6625
0 17 -0.286 -0.703
1 17 -0.289 -0.706
2 17 -0.289 -0.7105
0 18 -0.0955 -0.5695
1 18 -0.097 -0.571
2 18 -0.097 -0.5725
0 19 -0.31 -0.7015
1 19 -0.313 -0.7045
2 19 -0.313 -0.709
0 20 -0.043 -0.577
1 20 -0.0445 -0.577
2 20 -0.0445 -0.5785
0 21 -0.0775 -0.598
1 21 -0.079 -0.598
2 21 -0.079 -0.5995
0 22 -0.088 -0.664
1 22 -0.091 -0.6655
2 22 -0.0895 -0.667
0 23 -0.2872 -0.7228
1 23 -0.2908 -0.7264
2 23 -0.2908 -0.73
0 24 -0.2854 -0.7318
1 24 -0.289 -0.7336
2 24 -0.289 -0.739
0 25 -0.3214 -0.7048
1 25 -0.325 -0.7066
2 25 -0.325 -0.712
0 26 -0.1018 -0.5968
1 26 -0.1036 -0.5986
2 26 -0.1036 -0.6004
0 27 -0.2962 -0.7012
1 27 -0.298 -0.703
2 27 -0.298 -0.7084
0 28 -0.2836 -0.6976
1 28 -0.2872 -0.7012
2 28 -0.2854 -0.7048
0 29 -0.1414 -0.6364
1 29 -0.1432 -0.6364
2 29 -0.1432 -0.64
0 30 -0.109 -0.7264
1 30 -0.1108 -0.7282
2 30 -0.1108 -0.73
0 31 -0.3106 -0.7012
1 31 -0.3142 -0.7048
2 31 -0.3142 -0.7084
0 32 -0.0459999 -0.5716
1 32 -0.0477999 -0.5716
2 32 -0.0477999 -0.5734
0 33 -0.0441999 -0.6652
1 33 -0.0477999 -0.667
2 33 -0.0459999 -0.6688
0 34 -0.1432 -0.64
1 34 -0.1468 -0.6418
2 34 -0.145 -0.6436
0 35 -0.0891999 -0.6634
1 35 -0.0909999 -0.6652
2 35 -0.0891999 -0.667
0 36 -0.29584 -0.70192
1 36 -0.298 -0.70408
2 36 -0.298 -0.7084
0 37 -0.28288 -0.6976
1 37 -0.2872 -0.70192
2 37 -0.2872 -0.70624
0 38 -0.2872 -0.70624
1 38 -0.28936 -0.7084
2 38 -0.28936 -0.71272
0 39 -0.2872 -0.72352
1 39 -0.28936 -0.72568
2 39 -0.28936 -0.73216
0 40 -0.31528 -0.72568
1 40 -0.31744 -0.72784
2 40 -0.31744 -0.73432
0 41 -0.2872 -0.73216
1 41 -0.28936 -0.73432
2 41 -0.28936 -0.73864
0 42 -0.29152 -0.69976
1 42 -0.29368 -0.70192
2 42 -0.29368 -0.70624
0 43 -0.10144 -0.58312
1 43 -0.1036 -0.58528
2 43 -0.1036 -0.58744
0 44 -0.10144 -0.59824
1 44 -0.1036 -0.6004
2 44 -0.1036 -0.6004
0 45 -0.31096 -0.70192
1 45 -0.31312 -0.70408
2 45 -0.31312 -0.7084
0 46 -0.32176 -0.70408
1 46 -0.32608 -0.70624
2 46 -0.32608 -0.71272
0 47 -0.0452799 -0.6652
1 47 -0.0474399 -0.66736
2 47 -0.0474399 -0.66952
0 48 -0.0431199 -0.57664
1 48 -0.0452799 -0.5788
2 48 -0.0452799 -0.5788
0 49 -0.108352 -0.72784
1 49 -0.11008 -0.72784
2 49 -0.11008 -0.73
0 50 -0.0798399 -0.57664
1 50 -0.0819998 -0.5788
2 50 -0.0798399 -0.5788
0 51 -0.0949599 -0.66304
1 51 -0.0971199 -0.6652
2 51 -0.0971199 -0.6652
0 52 -0.31744 -0.73216
1 52 -0.32176 -0.73432
2 52 -0.32176 -0.7408
0 53 -0.14032 -0.6328
1 53 -0.14248 -0.63496
2 53 -0.14248 -0.63928
0 54 -0.14032 -0.6328
1 54 -0.14248 -0.63496
2 54 -0.14248 -0.63496
0 55 -0.0798398 -0.55936
1 55 -0.0824318 -0.561952
2 55 -0.0824318 -0.561952
0 56 -0.284608 -0.699328
1 56 -0.2872 -0.70192
2 56 -0.2872 -0.707104
0 57 -0.294976 -0.70192
1 57 -0.297568 -0.704512
2 57 -0.297568 -0.709696
0 58 -0.310528 -0.70192
1 58 -0.31312 -0.704512
2 58 -0.31312 -0.709696
0 59 -0.302752 -0.704512
1 59 -0.305344 -0.707104
2 59 -0.305344 -0.712288
0 60 -0.289792 -0.709696
1 60 -0.292384 -0.712288
2 60 -0.292384 -0.717472
0 61 -0.0435518 -0.577504
1 61 -0.0461438 -0.580096
2 61 -0.0461438 -0.580096
0 62 -0.279424 -0.717472
1 62 -0.284608 -0.720064
2 62 -0.282016 -0.725248
0 63 -0.108352 -0.733024
1 63 -0.110944 -0.735616
2 63 -0.108352 -0.738208
0 64 -0.100576 -0.59824
1 64 -0.103168 -0.600832
2 64 -0.103168 -0.600832
0 65 -0.284608 -0.725248
1 65 -0.2872 -0.72784
2 65 -0.2872 -0.733024
0 66 -0.30016 -0.725248
1 66 -0.302752 -0.72784
2 66 -0.302752 -0.733024
0 67 -0.2872 -0.730432
1 67 -0.289792 -0.733024
2 67 -0.289792 -0.738208
0 68 -0.103168 -0.668224
1 68 -0.103168 -0.668224
2 68 -0.103168 -0.670816
0 69 -0.100576 -0.582688
1 69 -0.103168 -0.58528
2 69 -0.103168 -0.58528
0 70 -0.307936 -0.730432
1 70 -0.310528 -0.733024
2 70 -0.310528 -0.738208
0 71 -0.0979838 -0.590464
1 71 -0.100576 -0.593056
2 71 -0.100576 -0.593056
0 72 -0.108352 -0.72784
1 72 -0.110944 -0.730432
2 72 -0.108352 -0.730432
0 73 -0.0927998 -0.66304
1 73 -0.0953918 -0.66304
2 73 -0.0953918 -0.665632
0 74 -0.320896 -0.704512
1 74 -0.32608 -0.707104
2 74 -0.32608 -0.712288
0 75 -0.0482173 -0.667187
1 75 -0.0482173 -0.667187
2 75 -0.0482173 -0.670297
0 76 -0.0824317 -0.667187
1 76 -0.0855422 -0.667187
2 76 -0.0855422 -0.670297
0 77 -0.287718 -0.729395
1 77 -0.290829 -0.732506
2 77 -0.290829 -0.738726
0 78 -0.315712 -0.732506
1 78 -0.325043 -0.732506
2 78 -0.321933 -0.738726
0 79 -0.30016 -0.729395
1 79 -0.30327 -0.729395
2 79 -0.30327 -0.735616
0 80 -0.281497 -0.723174
1 80 -0.284608 -0.726285
2 80 -0.284608 -0.732506
0 81 -0.30327 -0.701402
1 81 -0.306381 -0.704512
2 81 -0.306381 -0.710733
0 82 -0.104205 -0.667187
1 82 -0.104205 -0.667187
2 82 -0.104205 -0.670297
0 83 -0.312601 -0.704512
1 83 -0.315712 -0.704512
2 83 -0.315712 -0.710733
0 84 -0.0979837 -0.589427
1 84 -0.101094 -0.592537
2 84 -0.101094 -0.592537
0 85 -0.0419965 -0.570765
1 85 -0.045107 -0.570765
2 85 -0.045107 -0.573875
0 86 -0.0793214 -0.561433
1 86 -0.0824317 -0.561433
2 86 -0.0824317 -0.561433
0 87 -0.324421 -0.712599
1 87 -0.328153 -0.716331
2 87 -0.328153 -0.720064
0 88 -0.302026 -0.701402
1 88 -0.305759 -0.705134
2 88 -0.305759 -0.708866
0 89 -0.298294 -0.731261
1 89 -0.302026 -0.734994
2 89 -0.302026 -0.738726
0 90 -0.287096 -0.731261
1 90 -0.290829 -0.734994
2 90 -0.290829 -0.738726
0 91 -0.104205 -0.667809
1 91 -0.104205 -0.667809
2 91 -0.104205 -0.671542
0 92 -0.316956 -0.705134
1 92 -0.320688 -0.708866
2 92 -0.320688 -0.712599
0 93 0.145872 -0.257236
1 93 0.149604 -0.257236
2 93 0.153337 -0.253504
0 94 -0.0855421 -0.570765
1 94 -0.0892746 -0.570765
2 94 -0.0892746 -0.570765
0 95 -0.0482173 -0.667809
1 95 -0.0482173 -0.667809
2 95 -0.0482173 -0.671542
0 96 -0.107937 -0.734994
1 96 -0.107937 -0.734994
2 96 -0.107937 -0.738726
0 97 -0.324421 -0.723796
1 97 -0.328153 -0.727529
2 97 -0.328153 -0.731261
0 98 -0.0780772 -0.559567
1 98 -0.0818097 -0.5633
2 98 -0.0818097 -0.5633
