62
0 0 -0.059375 -0.64375
1 0 -0.059375 -0.635417
2 0 -0.0552083 -0.6375
0 1 -0.0475 -0.69375
1 1 -0.046875 -0.685417
2 1 -0.0427083 -0.6875
0 2 -0.0437499 -0.64125
1 2 -0.0437499 -0.63375
2 2 -0.0387499 -0.635
0 3 -0.26 -0.78875
1 3 -0.26125 -0.78375
2 3 -0.2575 -0.79125
0 4 -0.0475 -0.69375
1 4 -0.0475 -0.685
2 4 -0.0437499 -0.6875
0 5 -0.0812499 -0.65
1 5 -0.0812499 -0.6425
2 5 -0.0775 -0.64375
0 6 -0.0387499 -0.78375
1 6 -0.0374999 -0.77625
2 6 -0.0324999 -0.78
0 7 -0.3025 -0.646
1 7 -0.304 -0.6415
2 7 -0.304 -0.646
0 8 -0.085 -0.652
1 8 -0.0865 -0.6445
2 8 -0.082 -0.6475
0 9 -0.133 -0.6835
1 9 -0.1315 -0.676
2 9 -0.1285 -0.679
0 10 -0.00999997 -0.64875
1 10 -0.00999997 -0.6415
2 10 -0.00549997 -0.643
0 11 -0.00499999 -0.78625
1 11 -0.00549997 -0.778
2 11 0.00200005 -0.7795
0 12 -0.0835 -0.766
1 12 -0.0835 -0.7585
2 12 -0.079 -0.763
0 13 -0.0801999 -0.649
1 13 -0.0801999 -0.6418
2 13 -0.0765999 -0.6436
0 14 -0.4024 -0.6184
1 14 -0.406 -0.613
2 14 -0.4078 -0.6184
0 15 -0.0945999 -0.64
1 15 -0.0927999 -0.6328
2 15 -0.0891999 -0.6346
0 16 -0.1288 -0.6526
1 16 -0.1288 -0.6454
2 16 -0.1252 -0.6472
0 17 -0.0441999 -0.6418
1 17 -0.0441999 -0.6328
2 17 -0.0387999 -0.6346
0 18 -0.0819999 -0.766
1 18 -0.0819999 -0.7588
2 18 -0.0783999 -0.7624
0 19 -0.1252 -0.676
1 19 -0.1252 -0.6688
2 19 -0.1216 -0.6742
0 20 -0.0387999 -0.784
1 20 -0.0387999 -0.7768
2 20 -0.0333999 -0.7804
0 21 -0.2656 -0.7894
1 21 -0.2674 -0.784
2 21 -0.2638 -0.7912
0 22 -0.2602 -0.7858
1 22 -0.262 -0.7822
2 22 -0.2584 -0.7894
0 23 -0.0387999 -0.7894
1 23 -0.0369999 -0.7822
2 23 -0.0315999 -0.7858
0 24 -0.4384 -0.2944
1 24 -0.44704 -0.28072
2 24 -0.45352 -0.28288
0 25 -0.0495998 -0.69544
1 25 -0.0495998 -0.6868
2 25 -0.0452799 -0.68896
0 26 -0.0431199 -0.64144
1 26 -0.0431199 -0.6328
2 26 -0.0387999 -0.63496
0 27 -0.0387999 -0.79048
1 27 -0.0387999 -0.78184
2 27 -0.0323199 -0.78616
0 28 -0.0625599 -0.6436
1 28 -0.0625599 -0.63496
2 28 -0.0582399 -0.63712
0 29 -0.0819998 -0.76672
1 29 -0.0819998 -0.75808
2 29 -0.0776799 -0.7624
0 30 -0.298 -0.39736
1 30 -0.30016 -0.38656
2 30 -0.30232 -0.38656
0 31 -0.437536 -0.292384
1 31 -0.445312 -0.282016
2 31 -0.453088 -0.282016
0 32 -0.113536 -0.784864
1 32 -0.116128 -0.77968
2 32 -0.108352 -0.782272
0 33 -0.401248 -0.621568
1 33 -0.406432 -0.613792
2 33 -0.406432 -0.621568
0 34 -0.0202237 -0.77968
1 34 -0.0202237 -0.771904
2 34 -0.0124477 -0.774496
0 35 -0.126496 -0.642304
1 35 -0.126496 -0.634528
2 35 -0.123904 -0.63712
0 36 -0.269056 -0.790048
1 36 -0.269056 -0.784864
2 36 -0.266464 -0.79264
0 37 -0.0513278 -0.696736
1 37 -0.0513278 -0.68896
2 37 -0.0461438 -0.691552
0 38 -0.00639985 -0.784
1 38 -0.00726376 -0.777088
2 38 0.00051225 -0.77968
0 39 -0.129088 -0.676518
1 39 -0.129088 -0.670297
2 39 -0.125977 -0.673408
0 40 -0.129088 -0.657856
1 40 -0.129088 -0.651635
2 40 -0.125977 -0.654746
0 41 0.220832 -0.276832
1 41 0.231719 -0.262835
2 41 0.24105 -0.253504
0 42 -0.39088 -0.694144
1 42 -0.396582 -0.68585
2 42 -0.396582 -0.695181
0 43 -0.437536 -0.292384
1 43 -0.446349 -0.281497
2 43 -0.452569 -0.281497
0 44 -0.113536 -0.785382
1 44 -0.113536 -0.776051
2 44 -0.110425 -0.782272
0 45 -0.0419965 -0.788493
1 45 -0.0388861 -0.782272
2 45 -0.0357758 -0.785382
0 46 -0.129088 -0.642304
1 46 -0.129088 -0.636083
2 46 -0.125977 -0.639194
0 47 -0.0793214 -0.639194
1 47 -0.0793214 -0.629862
2 47 -0.076211 -0.632973
0 48 -0.269056 -0.791603
1 48 -0.272166 -0.785382
2 48 -0.269056 -0.794714
0 49 -0.0824317 -0.757389
1 49 -0.0824317 -0.751168
2 49 -0.076211 -0.754278
0 50 -0.0892746 -0.761121
1 50 -0.0892746 -0.753656
2 50 -0.0818097 -0.757389
0 51 -0.111669 -0.783516
1 51 -0.111669 -0.776051
2 51 -0.107937 -0.783516
0 52 -0.0407523 -0.641682
1 52 -0.0407523 -0.634217
2 52 -0.0332874 -0.634217
0 53 -0.107937 -0.641682
1 53 -0.107937 -0.634217
2 53 -0.104205 -0.637949
0 54 -0.130332 -0.641682
1 54 -0.130332 -0.634217
2 54 -0.126599 -0.637949
0 55 -0.0892746 -0.664077
1 55 -0.0892746 -0.656612
2 55 -0.0855421 -0.656612
0 56 -0.130332 -0.679007
1 56 -0.130332 -0.671542
2 56 -0.126599 -0.675274
0 57 -0.126599 -0.690204
1 57 -0.126599 -0.682739
2 57 -0.122867 -0.686472
0 58 -0.0295549 -0.761121
1 58 -0.0295549 -0.753656
2 58 -0.0258224 -0.757389
0 59 -0.437017 -0.290829
1 59 -0.446349 -0.281497
2 59 -0.451325 -0.283364
0 60 -0.395338 -0.693937
1 60 -0.399071 -0.686472
2 60 -0.399071 -0.693937
0 61 -0.134064 -0.805911
1 61 -0.134064 -0.798446
2 61 -0.130332 -0.805911
