64
0 0 0.04375 -0.727083
1 0 0.0447917 -0.726042
2 0 0.0395833 -0.727083
0 1 0.078125 -0.647917
1 1 0.0791667 -0.648958
2 1 0.075 -0.648958
0 2 0.038 -0.682
1 2 0.03875 -0.6825
2 2 0.03375 -0.68125
0 3 0.0425001 -0.75625
1 3 0.04125 -0.7575
2 3 0.0362501 -0.75875
0 4 0.02625 -0.7525
1 4 0.02625 -0.755
2 4 0.02125 -0.755
0 5 0.04 -0.80875
1 5 0.03875 -0.80875
2 5 0.03375 -0.80875
0 6 0.01375 -0.64375
1 6 0.01375 -0.645
2 6 0.01 -0.64375
0 7 0.09375 -0.83875
1 7 0.09375 -0.83875
2 7 0.0875 -0.84
0 8 0.0140001 -0.7615
1 8 0.0140001 -0.763
2 8 0.00800006 -0.763
0 9 0.0830001 -0.6805
1 9 0.0830001 -0.6805
2 9 0.0785 -0.6805
0 10 0.038 -0.682
1 10 0.0395 -0.682
2 10 0.035 -0.682
0 11 0.125 -0.661
1 11 0.1265 -0.661
2 11 0.1235 -0.6625
0 12 0.0575 -0.6535
1 12 0.0575 -0.655
2 12 0.0545001 -0.655
0 13 0.035 -0.6535
1 13 0.035 -0.6535
2 13 0.0305 -0.6535
0 14 0.041 -0.7255
1 14 0.041 -0.724
2 14 0.0365 -0.7255
0 15 0.0215 -0.64
1 15 0.0215 -0.64
2 15 0.0170001 -0.64
0 16 0.0140001 -0.772
1 16 0.0140001 -0.7735
2 16 0.00800006 -0.775
0 17 0.038 -0.751
1 17 0.038 -0.7525
2 17 0.032 -0.7525
0 18 0.1502 -0.91
1 18 0.1502 -0.9136
2 18 0.1448 -0.9172
0 19 0.0260001 -0.7516
1 19 0.0260001 -0.7534
2 19 0.0206001 -0.7534
0 20 0.125 -0.6616
1 20 0.125 -0.6616
2 20 0.1232 -0.6634
0 21 0.1304 -0.6634
1 21 0.1322 -0.6652
2 21 0.1286 -0.6652
0 22 0.00980008 -0.7588
1 22 0.00980008 -0.7606
2 22 0.00440013 -0.7606
0 23 0.0404001 -0.6814
1 23 0.0404001 -0.6814
2 23 0.0350001 -0.6814
0 24 0.0260002 -0.7516
1 24 0.0260002 -0.75376
2 24 0.0216801 -0.75376
0 25 0.0843202 -0.6868
1 25 0.0843202 -0.6868
2 25 0.0800002 -0.6868
0 26 0.0108802 -0.77536
1 26 0.0108802 -0.77536
2 26 0.00440013 -0.77752
0 27 0.0562401 -0.6544
1 27 0.0562401 -0.6544
2 27 0.0519201 -0.6544
0 28 0.0108802 -0.64576
1 28 0.0108802 -0.64792
2 28 0.00656013 -0.64576
0 29 0.0929601 -0.84664
1 29 0.0929601 -0.84664
2 29 0.0864802 -0.8488
0 30 0.12104 -0.59176
1 30 0.12104 -0.59176
2 30 0.11888 -0.59176
0 31 0.0346401 -0.65008
1 31 0.0346401 -0.65008
2 31 0.0303202 -0.65008
0 32 0.0411201 -0.68248
1 32 0.0411201 -0.68248
2 32 0.0368001 -0.68248
0 33 0.0800002 -0.68032
1 33 0.0800002 -0.68032
2 33 0.0756802 -0.68032
0 34 0.0929601 -0.84016
1 34 0.0929601 -0.84016
2 34 0.0864802 -0.84232
0 35 0.0238403 -0.642304
1 35 0.0238403 -0.642304
2 35 0.0212482 -0.642304
0 36 -0.0435518 -0.914464
1 36 -0.0435518 -0.917056
2 36 -0.0513278 -0.917056
0 37 0.0342082 -0.652672
1 37 0.0342082 -0.652672
2 37 0.0316163 -0.652672
0 38 0.0549442 -0.652672
1 38 0.0549442 -0.655264
2 38 0.0523523 -0.655264
0 39 0.0316163 -0.657856
1 39 0.0290243 -0.657856
2 39 0.0264322 -0.657856
0 40 0.0419842 -0.813376
1 40 0.0419842 -0.813376
2 40 0.0368003 -0.813376
0 41 -0.0331838 -0.694144
1 41 -0.0331838 -0.699328
2 41 -0.0383678 -0.694144
0 42 0.0938243 -0.847072
1 42 0.0912323 -0.847072
2 42 0.0860483 -0.847072
0 43 0.0860483 -0.68896
1 43 0.0834563 -0.68896
2 43 0.0808642 -0.68896
0 44 0.124928 -0.66304
1 44 0.124928 -0.66304
2 44 0.122336 -0.665632
0 45 0.0544259 -0.654746
1 45 0.0544259 -0.654746
2 45 0.0513155 -0.654746
0 46 0.0824195 -0.651635
1 46 0.0824195 -0.651635
2 46 0.0793091 -0.651635
0 47 0.0108803 -0.648525
1 47 0.0108803 -0.648525
2 47 0.0077699 -0.648525
0 48 0.0886403 -0.813376
1 48 0.0886403 -0.813376
2 48 0.0824195 -0.813376
0 49 0.101082 -0.804045
1 49 0.101082 -0.807155
2 49 0.0948611 -0.807155
0 50 0.0824195 -0.68896
1 50 0.0824195 -0.68896
2 50 0.0793091 -0.68896
0 51 0.0917507 -0.84448
1 51 0.0917507 -0.84759
2 51 0.0855298 -0.84759
0 52 -0.0108926 -0.651635
1 52 -0.0108926 -0.651635
2 52 -0.0140029 -0.651635
0 53 0.0295427 -0.657856
1 53 0.0295427 -0.657856
2 53 0.0264323 -0.657856
0 54 -0.0388861 -0.695181
1 54 -0.0388861 -0.695181
2 54 -0.045107 -0.695181
0 55 0.00154908 -0.838259
1 55 0.00154908 -0.838259
2 55 -0.00467173 -0.838259
0 56 -0.0108926 -0.639194
1 56 -0.0108926 -0.639194
2 56 -0.0140029 -0.639194
0 57 0.0264323 -0.645414
1 57 0.0264323 -0.645414
2 57 0.0226998 -0.645414
0 58 0.0824195 -0.690204
1 58 0.0824195 -0.690204
2 58 0.078687 -0.690204
0 59 0.0115024 -0.649147
1 59 0.0115024 -0.649147
2 59 0.0077699 -0.649147
0 60 0.101082 -0.805911
1 60 0.101082 -0.805911
2 60 0.093617 -0.805911
0 61 0.0525597 -0.652879
1 61 0.0525597 -0.652879
2 61 0.0488272 -0.652879
0 62 0.0674896 -0.664077
1 62 0.0674896 -0.664077
2 62 0.0637571 -0.664077
0 63 0.0264323 -0.805911
1 63 0.0226998 -0.805911
2 63 0.0189673 -0.805911
