23
0 0 0.0575 -0.72625
1 0 0.0385417 -0.725
2 0 0.0166667 -0.722917
0 1 0.05875 -0.72375
1 1 0.0416667 -0.723958
2 1 0.01625 -0.7225
0 2 0.7865 -0.628
1 2 0.79064 -0.6328
2 2 0.77875 -0.63125
0 3 0.0575 -0.72625
1 3 0.03875 -0.725
2 3 0.0155001 -0.724
0 4 0.265 -0.3125
1 4 0.2474 -0.3106
2 4 0.2285 -0.31
0 5 0.0575 -0.7345
1 5 0.038 -0.733
2 5 0.0155001 -0.733
0 6 0.2636 -0.3124
1 6 0.2528 -0.3088
2 6 0.2294 -0.3088
0 7 0.0584001 -0.7264
1 7 0.0422001 -0.7246
2 7 0.0170001 -0.7228
0 8 0.0601283 -0.725248
1 8 0.0422001 -0.7246
2 8 0.0173601 -0.72352
0 9 0.2636 -0.31096
1 9 0.2528 -0.3088
2 9 0.22904 -0.3088
0 10 0.0601283 -0.733024
1 10 0.0419842 -0.730432
2 10 0.0186562 -0.730432
0 11 0.264896 -0.310528
1 11 0.2528 -0.3088
2 11 0.228608 -0.307936
0 12 -0.116646 -0.312601
1 12 -0.129088 -0.310528
2 12 -0.1576 -0.307936
0 13 0.788481 -0.632973
1 13 0.788481 -0.632973
2 13 0.779149 -0.632973
0 14 0.125965 -0.592537
1 14 0.116634 -0.589427
2 14 0.0886403 -0.589427
0 15 -0.116646 -0.312601
1 15 -0.130332 -0.309491
2 15 -0.157081 -0.306381
0 16 0.262823 -0.309491
1 16 0.247271 -0.309491
2 16 0.228608 -0.309491
0 17 0.093617 -0.59316
1 17 0.0749546 -0.59316
2 17 0.0525597 -0.59316
0 18 0.788481 -0.632973
1 18 0.791591 -0.634217
2 18 0.780393 -0.634217
0 19 -0.115402 -0.313223
1 19 -0.130332 -0.309491
2 19 -0.156459 -0.305759
0 20 0.262823 -0.309491
1 20 0.246649 -0.309491
2 20 0.227986 -0.309491
0 21 -0.100472 -0.708866
1 21 -0.115402 -0.705134
2 21 -0.141529 -0.705134
0 22 0.171999 -0.466255
1 22 0.157069 -0.466255
2 22 0.130942 -0.462523
