65
0 0 -0.0489583 -0.675
1 0 -0.0635417 -0.676042
2 0 -0.0729167 -0.677083
0 1 -0.230208 -0.804167
1 1 -0.25 -0.804167
2 1 -0.265625 -0.80625
0 2 -0.121875 -0.836458
1 2 -0.138542 -0.839583
2 2 -0.151042 -0.840625
0 3 -0.0275 -0.7925
1 3 -0.0437499 -0.79375
2 3 -0.055 -0.79625
0 4 -0.0812499 -0.745
1 4 -0.0975 -0.74625
2 4 -0.10875 -0.7475
0 5 -0.12125 -0.83625
1 5 -0.13875 -0.83875
2 5 -0.15125 -0.84
0 6 -0.1105 -0.7105
1 6 -0.127 -0.7105
2 6 -0.1375 -0.712
0 7 -0.034 -0.7195
1 7 -0.0505 -0.721
2 7 -0.0594999 -0.7225
0 8 -0.082 -0.745
1 8 -0.0984999 -0.7465
2 8 -0.109 -0.748
0 9 -0.0715 -0.667
1 9 -0.0865 -0.667
2 9 -0.097 -0.6685
0 10 -0.0324999 -0.673
1 10 -0.0475 -0.6745
2 10 -0.058 -0.676
0 11 -0.079 -0.673
1 11 -0.094 -0.6715
2 11 -0.1045 -0.673
0 12 0.18152 -0.35848
1 12 0.173 -0.3565
2 12 0.1718 -0.3574
0 13 -0.0819999 -0.7462
1 13 -0.0981999 -0.7462
2 13 -0.109 -0.748
0 14 -0.0369999 -0.7264
1 14 -0.0531999 -0.7264
2 14 -0.0639999 -0.7282
0 15 -0.109 -0.6724
1 15 -0.1252 -0.6724
2 15 -0.136 -0.6724
0 16 -0.1144 -0.7156
1 16 -0.1306 -0.7156
2 16 -0.1414 -0.7174
0 17 -0.1036 -0.8146
1 17 -0.1216 -0.8146
2 17 -0.1324 -0.8164
0 18 -0.00459989 -0.667
1 18 -0.0189999 -0.6688
2 18 -0.0279999 -0.6688
0 19 0.0026001 -0.8128
1 19 -0.0135999 -0.8146
2 19 -0.0243999 -0.8164
0 20 -0.0798399 -0.67168
1 20 -0.0949599 -0.67384
2 20 -0.10576 -0.67384
0 21 -0.0690399 -0.66736
1 21 -0.0841599 -0.66952
2 21 -0.0949599 -0.66952
0 22 -0.0863199 -0.66304
1 22 -0.10144 -0.6652
2 22 -0.11224 -0.6652
0 23 -0.0301599 -0.67384
1 23 -0.0474399 -0.676
2 23 -0.0560799 -0.676
0 24 -0.0279999 -0.81856
1 24 -0.0452799 -0.81856
2 24 -0.0582399 -0.82072
0 25 -0.0387999 -0.72568
1 25 -0.0539199 -0.72784
2 25 -0.0647199 -0.72784
0 26 -0.0625599 -0.676
1 26 -0.0776799 -0.676
2 26 -0.0884799 -0.676
0 27 -0.0495998 -0.676
1 27 -0.0647199 -0.67816
2 27 -0.0755199 -0.67816
0 28 -0.0452799 -0.74512
1 28 -0.0603999 -0.74728
2 28 -0.0711999 -0.74944
0 29 0.18152 -0.35848
1 29 0.17072 -0.35632
2 29 0.17072 -0.35632
0 30 -0.12088 -0.83368
1 30 -0.13816 -0.83584
2 30 -0.15112 -0.838
0 31 -0.0772478 -0.673408
1 31 -0.0927998 -0.673408
2 31 -0.103168 -0.673408
0 32 -0.0668798 -0.670816
1 32 -0.0824318 -0.670816
2 32 -0.0927998 -0.670816
0 33 -0.113536 -0.707104
1 33 -0.129088 -0.707104
2 33 -0.139456 -0.707104
0 34 -0.0668798 -0.678592
1 34 -0.0824318 -0.678592
2 34 -0.0927998 -0.678592
0 35 -0.0305918 -0.81856
1 35 -0.0487357 -0.81856
2 35 -0.0591038 -0.821152
0 36 -0.116128 -0.717472
1 36 -0.13168 -0.717472
2 36 -0.142048 -0.717472
0 37 -0.110944 -0.717472
1 37 -0.126496 -0.717472
2 37 -0.136864 -0.717472
0 38 -0.121312 -0.834112
1 38 -0.136864 -0.834112
2 38 -0.149824 -0.836704
0 39 -0.0331838 -0.71488
1 39 -0.0487357 -0.71488
2 39 -0.0591038 -0.717472
0 40 -0.0772478 -0.738208
1 40 -0.0927998 -0.738208
2 40 -0.103168 -0.7408
0 41 0.18152 -0.35848
1 41 0.171584 -0.357184
2 41 0.171584 -0.357184
0 42 -0.103168 -0.813376
1 42 -0.12088 -0.81424
2 42 -0.13168 -0.815968
0 43 -0.250912 -0.458272
1 43 -0.266464 -0.45568
2 43 -0.276832 -0.450496
0 44 -0.33904 -0.36496
1 44 -0.359257 -0.356147
2 44 -0.374809 -0.349926
0 45 -0.0824317 -0.664077
1 45 -0.0979837 -0.664077
2 45 -0.107315 -0.664077
0 46 -0.113536 -0.673408
1 46 -0.129088 -0.673408
2 46 -0.138419 -0.673408
0 47 -0.0948734 -0.670297
1 47 -0.110425 -0.670297
2 47 -0.119757 -0.673408
0 48 -0.0668798 -0.670297
1 48 -0.0824317 -0.670297
2 48 -0.0917629 -0.670297
0 49 0.178842 -0.356147
1 49 0.169511 -0.356147
2 49 0.169511 -0.356147
0 50 -0.0140029 -0.807155
1 50 -0.0295549 -0.810266
2 50 -0.0388861 -0.813376
0 51 -0.0202237 -0.791603
1 51 -0.0388861 -0.791603
2 51 -0.0482173 -0.794714
0 52 -0.119757 -0.832038
1 52 -0.138419 -0.835149
2 52 -0.150861 -0.835149
0 53 -0.340595 -0.365478
1 53 -0.358013 -0.358013
2 53 -0.372943 -0.350548
0 54 -0.0892746 -0.820841
1 54 -0.104205 -0.820841
2 54 -0.115402 -0.820841
0 55 -0.115402 -0.817108
1 55 -0.130332 -0.820841
2 55 -0.145262 -0.820841
0 56 -0.0930071 -0.671542
1 56 -0.111669 -0.671542
2 56 -0.119134 -0.671542
0 57 -0.115402 -0.675274
1 57 -0.130332 -0.675274
2 57 -0.141529 -0.675274
0 58 -0.02209 -0.790981
1 58 -0.0370199 -0.794714
2 58 -0.0482173 -0.794714
0 59 -0.119757 -0.832038
1 59 -0.137797 -0.832038
2 59 -0.148994 -0.832038
0 60 -0.0108925 -0.805911
1 60 -0.0295549 -0.809643
2 60 -0.0407523 -0.809643
0 61 -0.111669 -0.720064
1 61 -0.126599 -0.720064
2 61 -0.137797 -0.720064
0 62 -0.0332874 -0.817108
1 62 -0.0482173 -0.817108
2 62 -0.0594147 -0.820841
0 63 0.000304921 -0.813376
1 63 -0.014625 -0.813376
2 63 -0.0258224 -0.817108
0 64 0.179464 -0.358013
1 64 0.168267 -0.358013
2 64 0.168267 -0.358013
