76
0 0 -0.126042 -0.7
1 0 -0.123958 -0.694792
2 0 -0.122917 -0.689583
0 1 -0.126042 -0.694792
1 1 -0.123958 -0.690625
2 1 -0.122917 -0.684375
0 2 -0.0802083 -0.661458
1 2 -0.078125 -0.657292
2 2 -0.0760417 -0.651042
0 3 -0.0645833 -0.663542
1 3 -0.0614583 -0.660417
2 3 -0.059375 -0.653125
0 4 -0.0885417 -0.672917
1 4 -0.0864583 -0.667708
2 4 -0.0854167 -0.661458
0 5 -0.126042 -0.661458
1 5 -0.123958 -0.657292
2 5 -0.122917 -0.651042
0 6 -0.08375 -0.67
1 6 -0.0812499 -0.66625
2 6 -0.08 -0.66
0 7 -0.12625 -0.7
1 7 -0.125 -0.695
2 7 -0.12375 -0.68875
0 8 -0.085 -0.78375
1 8 -0.08375 -0.78
2 8 -0.0824999 -0.77375
0 9 -0.08625 -0.71125
1 9 -0.085 -0.70875
2 9 -0.08375 -0.70125
0 10 -0.22625 -0.91
1 10 -0.22625 -0.9075
2 10 -0.22625 -0.9025
0 11 -0.0449999 -0.67375
1 11 -0.0425 -0.67
2 11 -0.04125 -0.66375
0 12 -0.04 -0.8025
1 12 -0.0387499 -0.8
2 12 -0.0374999 -0.79375
0 13 -0.26 -0.805
1 13 -0.26 -0.8
2 13 -0.26125 -0.795
0 14 -0.127 -0.6955
1 14 -0.1255 -0.691
2 14 -0.124 -0.685
0 15 0.188 -0.31
1 15 0.1985 -0.301
2 15 0.2105 -0.2905
0 16 -0.1315 -0.6865
1 16 -0.13 -0.6835
2 16 -0.1285 -0.676
0 17 -0.2605 -0.805
1 17 -0.2605 -0.8005
2 17 -0.262 -0.796
0 18 -0.0654999 -0.664
1 18 -0.0639999 -0.6595
2 18 -0.0624999 -0.6535
0 19 -0.088 -0.655
1 19 -0.0865 -0.6505
2 19 -0.085 -0.6445
0 20 -0.0819999 -0.6706
1 20 -0.0801999 -0.6652
2 20 -0.0783999 -0.6598
0 21 -0.0657999 -0.6652
1 21 -0.0639999 -0.6598
2 21 -0.0621999 -0.6544
0 22 -0.0855999 -0.712
1 22 -0.0837999 -0.7084
2 22 -0.0819999 -0.7012
0 23 -0.0801999 -0.6634
1 23 -0.0783999 -0.658
2 23 -0.0765999 -0.6526
0 24 -0.127 -0.6616
1 24 -0.1252 -0.658
2 24 -0.1234 -0.6508
0 25 0.188 -0.3106
1 25 0.1988 -0.3016
2 25 0.2096 -0.2908
0 26 -0.298 -0.6706
1 26 -0.298 -0.6634
2 26 -0.2998 -0.6562
0 27 -0.0765999 -0.7786
1 27 -0.0747999 -0.775
2 27 -0.0747999 -0.7678
0 28 -0.0873999 -0.6562
1 28 -0.0855999 -0.6508
2 28 -0.0837999 -0.6454
0 29 -0.3916 -0.6436
1 29 -0.3934 -0.6382
2 29 -0.397 -0.631
0 30 -0.0459999 -0.676
1 30 -0.0441999 -0.6706
2 30 -0.0423999 -0.6652
0 31 -0.0474399 -0.66304
1 31 -0.0431199 -0.65872
2 31 -0.0431199 -0.65224
0 32 -0.13168 -0.6868
1 32 -0.12952 -0.68248
2 32 -0.12736 -0.676
0 33 -0.0409599 -0.80992
1 33 -0.0387999 -0.8056
2 33 -0.0387999 -0.79912
0 34 -0.0517598 -0.71704
1 34 -0.0495998 -0.71272
2 34 -0.0474399 -0.70624
0 35 -0.0863199 -0.71272
1 35 -0.0841599 -0.7084
2 35 -0.0819998 -0.70192
0 36 -0.26344 -0.8056
1 36 -0.26344 -0.80128
2 36 -0.26344 -0.79696
0 37 -0.0863199 -0.6652
1 37 -0.0841599 -0.66088
2 37 -0.0819998 -0.6544
0 38 0.188 -0.3106
1 38 0.1988 -0.3016
2 38 0.2096 -0.28936
0 39 -0.11656 -0.8056
1 39 -0.1144 -0.80344
2 39 -0.1144 -0.79696
0 40 -0.1036 -0.80776
1 40 -0.10144 -0.80344
2 40 -0.10144 -0.79912
0 41 -0.0474399 -0.676
1 41 -0.0431199 -0.67168
2 41 -0.0431199 -0.6652
0 42 -0.4204 -0.3304
1 42 -0.42328 -0.32176
2 42 -0.42976 -0.3088
0 43 -0.38224 -0.71272
1 43 -0.3844 -0.7084
2 43 -0.38656 -0.70192
0 44 -0.0409599 -0.80344
1 44 -0.0387999 -0.80128
2 44 -0.0387999 -0.7948
0 45 -0.39088 -0.644896
1 45 -0.393472 -0.63712
2 45 -0.396064 -0.631936
0 46 -0.0228158 -0.795232
1 46 -0.0202237 -0.790048
2 46 -0.0202237 -0.784864
0 47 0.188 -0.31096
1 47 0.1988 -0.30016
2 47 0.210464 -0.289792
0 48 -0.0357758 -0.782272
1 48 -0.0305918 -0.777088
2 48 -0.0305918 -0.771904
0 49 -0.258688 -0.800416
1 49 -0.258688 -0.795232
2 49 -0.258688 -0.790048
0 50 -0.0171998 -0.60256
1 50 -0.0150398 -0.600832
2 50 -0.0124477 -0.595648
0 51 -0.0850238 -0.657856
1 51 -0.0824318 -0.652672
2 51 -0.0798398 -0.647488
0 52 -0.388288 -0.541216
1 52 -0.388288 -0.53344
2 52 -0.39088 -0.523072
0 53 -0.419392 -0.333856
1 53 -0.424576 -0.318304
2 53 -0.42976 -0.310528
0 54 0.187136 -0.310528
1 54 0.197504 -0.30016
2 54 0.209946 -0.290829
0 55 -0.418355 -0.331264
1 55 -0.424576 -0.321933
2 55 -0.430797 -0.309491
0 56 -0.045107 -0.660966
1 56 -0.0419965 -0.657856
2 56 -0.0419965 -0.651635
0 57 -0.132198 -0.698291
1 57 -0.129088 -0.695181
2 57 -0.129088 -0.68896
0 58 -0.0326653 -0.779162
1 58 -0.0295549 -0.776051
2 58 -0.0295549 -0.76983
0 59 -0.0824317 -0.779162
1 59 -0.0824317 -0.776051
2 59 -0.0793214 -0.76983
0 60 -0.132198 -0.679629
1 60 -0.129088 -0.673408
2 60 -0.129088 -0.667187
0 61 -0.0202237 -0.800416
1 61 -0.0202237 -0.794714
2 61 -0.0202237 -0.788493
0 62 -0.259725 -0.800934
1 62 -0.259725 -0.794714
2 62 -0.259725 -0.791603
0 63 -0.132198 -0.68585
1 63 -0.129088 -0.682739
2 63 -0.129088 -0.673408
0 64 -0.0917629 -0.729395
1 64 -0.0886525 -0.726285
2 64 -0.0886525 -0.720064
0 65 -0.0108925 -0.802178
1 65 -0.00716 -0.798446
2 65 -0.00716 -0.790981
0 66 -0.130332 -0.682739
1 66 -0.126599 -0.679007
2 66 -0.126599 -0.671542
0 67 -0.0332874 -0.783516
1 67 -0.0295549 -0.779784
2 67 -0.0295549 -0.772319
0 68 -0.115402 -0.805911
1 68 -0.111669 -0.802178
2 68 -0.111669 -0.794714
0 69 -0.134064 -0.664077
1 69 -0.130332 -0.660344
2 69 -0.130332 -0.652879
0 70 -0.111669 -0.660344
1 70 -0.111669 -0.656612
2 70 -0.107937 -0.652879
0 71 -0.0444848 -0.809643
1 71 -0.0407523 -0.805911
2 71 -0.0407523 -0.798446
0 72 -0.134064 -0.828306
1 72 -0.134064 -0.824573
2 72 -0.134064 -0.817108
0 73 -0.0444848 -0.664077
1 73 -0.0407523 -0.656612
2 73 -0.0407523 -0.652879
0 74 -0.290829 -0.436395
1 74 -0.290829 -0.42893
2 74 -0.290829 -0.417733
0 75 0.185063 -0.309491
1 75 0.198126 -0.302026
2 75 0.209324 -0.290829
