41
0 0 0.0604167 -0.689583
1 0 0.0583333 -0.697917
2 0 0.0625001 -0.70375
0 1 0.186458 -0.860417
1 1 0.185 -0.87125
2 1 0.18875 -0.88
0 2 0.11125 -0.75375
1 2 0.11 -0.76375
2 2 0.11375 -0.77
0 3 -0.1885 -0.6505
1 3 -0.196 -0.655
2 3 -0.1975 -0.658
0 4 0.143 -0.736
1 4 0.1415 -0.7435
2 4 0.146 -0.751
0 5 0.059 -0.688
1 5 0.0575 -0.6955
2 5 0.0605 -0.7015
0 6 0.059 -0.691
1 6 0.0575 -0.6985
2 6 0.062 -0.7045
0 7 -0.124 -0.838
1 7 -0.13 -0.847
2 7 -0.133 -0.853
0 8 0.1115 -0.7075
1 8 0.11 -0.715
2 8 0.1145 -0.7225
0 9 0.1322 -0.7696
1 9 0.1304 -0.7786
2 9 0.1358 -0.7858
0 10 -0.1306 -0.8362
1 10 -0.136 -0.8452
2 10 -0.1396 -0.8506
0 11 0.1052 -0.6598
1 11 0.1034 -0.6688
2 11 0.1088 -0.6742
0 12 0.0530001 -0.6976
1 12 0.0512001 -0.7066
2 12 0.0548001 -0.712
0 13 -0.1882 -0.6526
1 13 -0.1954 -0.6562
2 13 -0.1972 -0.658
0 14 0.11672 -0.71272
1 14 0.11456 -0.72136
2 14 0.11888 -0.72784
0 15 -0.13168 -0.83584
1 15 -0.13816 -0.84448
2 15 -0.14032 -0.85096
0 16 0.10592 -0.67168
1 16 0.10592 -0.68032
2 16 0.11024 -0.6868
0 17 0.15128 -0.64792
1 17 0.14912 -0.65656
2 17 0.1556 -0.66304
0 18 -0.18784 -0.65224
1 18 -0.19648 -0.65656
2 18 -0.19864 -0.65872
0 19 0.1664 -0.8164
1 19 0.16424 -0.82504
2 19 0.16856 -0.83368
0 20 0.130112 -0.65008
1 20 0.12752 -0.657856
2 20 0.132704 -0.665632
0 21 0.148256 -0.657856
1 21 0.148256 -0.665632
2 21 0.150848 -0.673408
0 22 0.148256 -0.712288
1 22 0.148256 -0.720064
2 22 0.15344 -0.72784
0 23 0.0575363 -0.691552
1 23 0.0575363 -0.699328
2 23 0.0601283 -0.704512
0 24 0.15344 -0.670816
1 24 0.150848 -0.678592
2 24 0.156032 -0.686368
0 25 -0.188704 -0.652672
1 25 -0.19648 -0.657856
2 25 -0.19648 -0.660448
0 26 0.174176 -0.782272
1 26 0.174176 -0.790048
2 26 0.176768 -0.797824
0 27 0.0575363 -0.69207
1 27 0.0575363 -0.698291
2 27 0.0606467 -0.704512
0 28 0.107303 -0.673408
1 28 0.107303 -0.682739
2 28 0.110413 -0.68896
0 29 0.119744 -0.779162
1 29 0.116634 -0.788493
2 29 0.122855 -0.794714
0 30 0.150848 -0.670297
1 30 0.150848 -0.679629
2 30 0.153959 -0.68585
0 31 0.107303 -0.642304
1 31 0.104192 -0.651635
2 31 0.110413 -0.657856
0 32 -0.188185 -0.334374
1 32 -0.197517 -0.331264
2 32 -0.194406 -0.328153
0 33 -0.188185 -0.654746
1 33 -0.194406 -0.660966
2 33 -0.197517 -0.660966
0 34 0.108547 -0.652879
1 34 0.108547 -0.660344
2 34 0.112279 -0.667809
0 35 0.149604 -0.675274
1 35 0.149604 -0.682739
2 35 0.153337 -0.690204
0 36 0.183197 -0.802178
1 36 0.183197 -0.813376
2 36 0.186929 -0.820841
0 37 0.0824195 -0.809643
1 37 0.0824195 -0.820841
2 37 0.086152 -0.824573
0 38 0.153337 -0.649147
1 38 0.153337 -0.656612
2 38 0.157069 -0.664077
0 39 0.116012 -0.787249
1 39 0.116012 -0.798446
2 39 0.119744 -0.805911
0 40 0.0749546 -0.649147
1 40 0.0749546 -0.656612
2 40 0.078687 -0.664077
