24
0 0 -0.0294999 -0.784
1 0 -0.0249999 -0.7855
2 0 -0.000999959 -0.7885
0 1 -0.0297999 -0.7876
1 1 -0.0243999 -0.7912
2 1 -0.000999896 -0.793
0 2 0.265933 -0.237952
1 2 0.284595 -0.231731
2 2 0.3302 -0.2314
0 3 -0.41248 -0.61768
1 3 -0.41032 -0.61336
2 3 -0.39088 -0.60688
0 4 -0.0383678 -0.652672
1 4 -0.0331838 -0.655264
2 4 -0.00726376 -0.655264
0 5 -0.0824318 -0.655264
1 5 -0.0772478 -0.655264
2 5 -0.0539198 -0.657856
0 6 -0.10792 -0.78832
1 6 -0.1036 -0.78832
2 6 -0.0798398 -0.787456
0 7 -0.00726376 -0.577504
1 7 -0.00207977 -0.580096
2 7 0.0238403 -0.582688
0 8 -0.00467173 -0.644896
1 8 0.00051225 -0.647488
2 8 0.0264322 -0.65008
0 9 -0.0140029 -0.772941
1 9 -0.00778211 -0.779162
2 9 0.0139907 -0.782272
0 10 -0.107315 -0.785382
1 10 -0.101094 -0.785382
2 10 -0.0793214 -0.785382
0 11 -0.122867 -0.673408
1 11 -0.116646 -0.676518
2 11 -0.0948734 -0.676518
0 12 -0.269056 -0.797824
1 12 -0.269056 -0.797824
2 12 -0.250393 -0.797824
0 13 -0.122867 -0.639194
1 13 -0.116646 -0.639194
2 13 -0.0948734 -0.639194
0 14 -0.0824317 -0.654746
1 14 -0.076211 -0.654746
2 14 -0.0544381 -0.657856
0 15 -0.402803 -0.387873
1 15 -0.396582 -0.37792
2 15 -0.374809 -0.368589
0 16 -0.0731005 -0.632973
1 16 -0.0668798 -0.632973
2 16 -0.045107 -0.632973
0 17 -0.104205 -0.783516
1 17 -0.100472 -0.787249
2 17 -0.0780772 -0.787249
0 18 -0.122867 -0.656612
1 18 -0.119134 -0.656612
2 18 -0.0967396 -0.656612
0 19 -0.104205 -0.637949
1 19 -0.0967396 -0.637949
2 19 -0.0743447 -0.637949
0 20 -0.0594147 -0.637949
1 20 -0.0519498 -0.641682
2 20 -0.0295549 -0.641682
0 21 -0.126599 -0.637949
1 21 -0.119134 -0.637949
2 21 -0.0967396 -0.637949
0 22 -0.0295549 -0.634217
1 22 -0.0258224 -0.637949
2 22 0.000304921 -0.637949
0 23 0.265933 -0.237952
1 23 0.287706 -0.234841
2 23 0.328763 -0.231109
