56
0 0 0.040625 -0.654167
1 0 0.0302083 -0.647917
2 0 0.015625 -0.647917
0 1 -0.0125 -0.784375
1 1 -0.0239583 -0.779167
2 1 -0.0385417 -0.78125
0 2 -0.0625 -0.757292
1 2 -0.071875 -0.752083
2 2 -0.0885417 -0.755208
0 3 -0.05875 -0.7375
1 3 -0.0687499 -0.7325
2 3 -0.085 -0.735
0 4 0.0375001 -0.7025
1 4 0.0275 -0.69625
2 4 0.0125001 -0.69625
0 5 -0.05875 -0.7525
1 5 -0.0687499 -0.74875
2 5 -0.08375 -0.75125
0 6 0.04 -0.65375
1 6 0.0300001 -0.6475
2 6 0.015 -0.64875
0 7 0.00875003 -0.77125
1 7 0.00125001 -0.765
2 7 -0.015 -0.7675
0 8 -0.11375 -0.65625
1 8 -0.125 -0.65125
2 8 -0.1425 -0.6525
0 9 -0.00624994 -0.655
1 9 -0.01625 -0.64875
2 9 -0.0312499 -0.65
0 10 0.02 -0.61
1 10 0.0110001 -0.604
2 10 -0.00399996 -0.6025
0 11 0.0395 -0.655
1 11 0.029 -0.6475
2 11 0.0140001 -0.649
0 12 -0.00549997 -0.733
1 12 -0.0145 -0.7285
2 12 -0.0309999 -0.73
0 13 -0.058 -0.7375
1 13 -0.0684999 -0.733
2 13 -0.085 -0.736
0 14 0.00500005 -0.772
1 14 -0.00399996 -0.766
2 14 -0.019 -0.7675
0 15 -0.055 -0.613
1 15 -0.0654999 -0.607
2 15 -0.0805 -0.607
0 16 -0.0117999 -0.7894
1 16 -0.0225999 -0.784
2 16 -0.0369999 -0.7858
0 17 0.00440013 -0.7696
1 17 -0.00459989 -0.7642
2 17 -0.0189999 -0.766
0 18 0.0404001 -0.6598
1 18 0.0314001 -0.6526
2 18 0.0152001 -0.6526
0 19 -0.0441999 -0.7606
1 19 -0.0531999 -0.7552
2 19 -0.0693999 -0.7588
0 20 0.00440013 -0.7354
1 20 -0.00639992 -0.73
2 20 -0.0207999 -0.7318
0 21 0.0530001 -0.7768
1 21 0.0422001 -0.7714
2 21 0.0278001 -0.7732
0 22 -0.00819988 -0.6598
1 22 -0.0189999 -0.6526
2 22 -0.0351999 -0.6544
0 23 -0.00855986 -0.66088
1 23 -0.0193598 -0.6544
2 23 -0.0344798 -0.6544
0 24 0.0389601 -0.69976
1 24 0.0281602 -0.69328
2 24 0.0130402 -0.69328
0 25 0.0411201 -0.69328
1 25 0.0303202 -0.6868
2 25 0.0152002 -0.6868
0 26 0.0454402 -0.77968
1 26 0.0324802 -0.7732
2 26 0.0195201 -0.77536
0 27 0.0216801 -0.6112
1 27 0.0130402 -0.60472
2 27 -0.00207984 -0.60472
0 28 0.0389601 -0.65008
1 28 0.0281602 -0.6436
2 28 0.0130402 -0.6436
0 29 0.0346401 -0.70408
1 29 0.0260002 -0.6976
2 29 0.0108802 -0.69976
0 30 -0.0215199 -0.72784
1 30 -0.0323199 -0.72352
2 30 -0.0474399 -0.72352
0 31 -0.00423985 -0.61552
1 31 -0.0150399 -0.60904
2 31 -0.0301599 -0.60904
0 32 0.00224012 -0.77104
1 32 -0.00639985 -0.76456
2 32 -0.0215199 -0.76672
0 33 -0.0409598 -0.761536
1 33 -0.0513278 -0.756352
2 33 -0.0668798 -0.758944
0 34 0.0938243 -0.911872
1 34 0.0860483 -0.90928
2 34 0.0730882 -0.914464
0 35 -0.121312 -0.678592
1 35 -0.13168 -0.673408
2 35 -0.149824 -0.673408
0 36 -0.0565118 -0.6112
1 36 -0.0668798 -0.603424
2 36 -0.0824318 -0.603424
0 37 -0.0202237 -0.72784
1 37 -0.0305918 -0.722656
2 37 -0.0461438 -0.725248
0 38 -0.00726376 -0.66304
1 38 -0.0176318 -0.655264
2 38 -0.0331838 -0.655264
0 39 -0.13168 -0.91576
1 39 -0.1432 -0.9136
2 39 -0.160192 -0.919648
0 40 0.0756803 -0.55936
1 40 0.0627202 -0.554176
2 40 0.0497602 -0.551584
0 41 0.0233219 -0.623641
1 41 0.0139907 -0.617421
2 41 -0.00156136 -0.617421
0 42 0.0388739 -0.828928
1 42 0.0295427 -0.822707
2 42 0.0139907 -0.825818
0 43 0.0233219 -0.6112
1 43 0.0139907 -0.604979
2 43 -0.00156136 -0.604979
0 44 -0.0575485 -0.819597
1 44 -0.0668798 -0.813376
2 44 -0.0824317 -0.816486
0 45 0.0388739 -0.69207
1 45 0.0295427 -0.68585
2 45 0.0139907 -0.68585
0 46 -0.0419965 -0.617421
1 46 -0.0513278 -0.6112
2 46 -0.0668798 -0.6112
0 47 -0.00778211 -0.664077
1 47 -0.0171134 -0.657856
2 47 -0.0326653 -0.657856
0 48 -0.0407523 -0.727529
1 48 -0.0519498 -0.723796
2 48 -0.0668797 -0.723796
0 49 0.0226998 -0.615554
1 49 0.0152349 -0.608089
2 49 0.000304921 -0.608089
0 50 -0.0556823 -0.817108
1 50 -0.0668797 -0.813376
2 50 -0.0818097 -0.817108
0 51 -0.0183575 -0.772319
1 51 -0.0295549 -0.764854
2 51 -0.0444848 -0.768586
0 52 -0.0108925 -0.790981
1 52 -0.0183575 -0.783516
2 52 -0.0370199 -0.787249
0 53 -0.0556823 -0.832038
1 53 -0.0631472 -0.828306
2 53 -0.0780772 -0.832038
0 54 0.0600246 -0.802178
1 54 0.0525597 -0.794714
2 54 0.0376298 -0.798446
0 55 0.0637571 -0.813376
1 55 0.0562922 -0.805911
2 55 0.0413623 -0.809643
