31
0 0 -0.03125 -0.611458
1 0 -0.00249996 -0.66125
2 0 0.00625006 -0.6625
0 1 -0.0312499 -0.61125
1 1 -0.00249996 -0.6595
2 1 0.00650005 -0.6625
0 2 -0.00374997 -0.5825
1 2 0.029 -0.6295
2 2 0.038 -0.631
0 3 -0.2475 -0.78375
1 3 -0.3304 -0.9118
2 3 -0.3286 -0.9208
0 4 -0.0355 -0.688
1 4 -0.00819988 -0.7462
2 4 0.000800069 -0.7462
0 5 -0.24875 -0.74875
1 5 -0.3286 -0.8614
2 5 -0.3304 -0.8668
0 6 -0.0294999 -0.685
1 6 -0.000999896 -0.7408
2 6 0.00800012 -0.7444
0 7 -0.2485 -0.784
1 7 -0.3304 -0.91144
2 7 -0.3304 -0.92008
0 8 -0.253 -0.772
1 8 -0.33904 -0.89416
2 8 -0.33904 -0.9028
0 9 -0.0387999 -0.7588
1 9 -0.0153999 -0.838
2 9 -0.00639985 -0.84448
0 10 0.0242001 -0.6868
1 10 0.0584002 -0.74512
2 10 0.0670401 -0.74728
0 11 -0.1045 -0.4405
1 11 -0.0850238 -0.458272
2 11 -0.0819998 -0.45784
0 12 0.0242001 -0.6742
1 12 0.0562401 -0.73
2 12 0.0670401 -0.73216
0 13 0.0980001 -0.4315
1 13 0.15776 -0.45136
2 13 0.1664 -0.45136
0 14 0.0238401 -0.6868
1 14 0.0575363 -0.745984
2 14 0.0679043 -0.745984
0 15 -0.0279999 -0.68464
1 15 0.00051225 -0.7408
2 15 0.0108802 -0.743392
0 16 -0.2782 -0.748
1 16 -0.375328 -0.85744
2 16 -0.375328 -0.865216
0 17 -0.0366398 -0.60256
1 17 -0.00726376 -0.65008
2 17 0.00051225 -0.652672
0 18 -0.0331838 -0.68896
1 18 -0.00778211 -0.748058
2 18 0.00154908 -0.748058
0 19 -0.24616 -0.74296
1 19 -0.328153 -0.850701
2 19 -0.328153 -0.860032
0 20 -0.0254078 -0.683776
1 20 0.00154908 -0.738726
2 20 0.0108803 -0.741837
0 21 0.0238403 -0.686368
1 21 0.0575363 -0.744947
2 21 0.0668674 -0.748058
0 22 -0.2872 -0.74944
1 22 -0.390361 -0.856922
2 22 -0.390361 -0.866253
0 23 -0.0326653 -0.586317
1 23 -0.00467173 -0.632973
2 23 0.00465946 -0.636083
0 24 -0.0357758 -0.601869
1 24 -0.00778211 -0.648525
2 24 0.00154908 -0.651635
0 25 -0.0387999 -0.75808
1 25 -0.0140029 -0.84137
2 25 -0.00778211 -0.84448
0 26 -0.24616 -0.74296
1 26 -0.328153 -0.850701
2 26 -0.328153 -0.858166
0 27 -0.0326653 -0.6112
1 27 -0.00342757 -0.660344
2 27 0.00403741 -0.660344
0 28 -0.0183575 -0.585695
1 28 0.0115024 -0.634217
2 28 0.0189673 -0.634217
0 29 -0.0388861 -0.76672
1 29 -0.014625 -0.850701
2 29 -0.00716 -0.854433
0 30 -0.0357758 -0.620531
1 30 -0.00716 -0.667809
2 30 0.000304921 -0.671542
