78
0 0 -0.189583 -0.685417
1 0 -0.2125 -0.68125
2 0 -0.223958 -0.68125
0 1 -0.00416667 -0.676042
1 1 -0.025 -0.670833
2 1 -0.0322917 -0.669792
0 2 0.0312501 -0.79
1 2 0.0112501 -0.785
2 2 0.00250003 -0.785
0 3 -0.00749995 -0.685
1 3 -0.02875 -0.68
2 3 -0.03625 -0.67875
0 4 -0.0199999 -0.75
1 4 -0.04125 -0.74375
2 4 -0.0499999 -0.745
0 5 -0.01625 -0.74625
1 5 -0.0374999 -0.74125
2 5 -0.04625 -0.74125
0 6 0.0112501 -0.6825
1 6 -0.00999997 -0.67625
2 6 -0.0175 -0.67625
0 7 -0.00124995 -0.79
1 7 -0.02375 -0.78375
2 7 -0.0312499 -0.785
0 8 -0.05375 -0.69125
1 8 -0.0749999 -0.685
2 8 -0.08375 -0.685
0 9 -0.0205 -0.7495
1 9 -0.0415 -0.745
2 9 -0.0505 -0.745
0 10 -0.0535 -0.721
1 10 -0.0745 -0.715
2 10 -0.0835 -0.715
0 11 0.032 -0.7915
1 11 0.0110001 -0.7855
2 11 0.00350005 -0.7855
0 12 -0.0115 -0.7705
1 12 -0.0324999 -0.7645
2 12 -0.0415 -0.766
0 13 0.00950006 -0.6835
1 13 -0.00999997 -0.6775
2 13 -0.019 -0.6775
0 14 -0.0535 -0.724
1 14 -0.0745 -0.718
2 14 -0.0835 -0.718
0 15 0.2165 -0.3835
1 15 0.2015 -0.376
2 15 0.1985 -0.3685
0 16 -0.19 -0.688
1 16 -0.214 -0.682
2 16 -0.2245 -0.682
0 17 -0.0115 -0.796
1 17 -0.0324999 -0.79
2 17 -0.0415 -0.7915
0 18 -0.1576 -0.8038
1 18 -0.181 -0.7984
2 18 -0.1918 -0.8002
0 19 -0.0189999 -0.7498
1 19 -0.0405999 -0.7444
2 19 -0.0495999 -0.7444
0 20 0.0278001 -0.6814
1 20 0.00620009 -0.676
2 20 -0.000999896 -0.6742
0 21 0.2165 -0.3835
1 21 0.2024 -0.3754
2 21 0.1988 -0.3682
0 22 -0.0189999 -0.7624
1 22 -0.0405999 -0.757
2 22 -0.0495999 -0.757
0 23 0.0314001 -0.82
1 23 0.00980008 -0.8128
2 23 0.000800069 -0.8146
0 24 -0.00639992 -0.766
1 24 -0.0279999 -0.7606
2 24 -0.0369999 -0.7606
0 25 -0.0236799 -0.67168
1 25 -0.0452799 -0.66736
2 25 -0.0539199 -0.6652
0 26 -0.00855986 -0.676
1 26 -0.0301599 -0.66952
2 26 -0.0387999 -0.66952
0 27 0.0281602 -0.68032
1 27 0.00656013 -0.676
2 27 8.01722e-05 -0.67384
0 28 -0.0193598 -0.68032
1 28 -0.0387999 -0.67384
2 28 -0.0474399 -0.67384
0 29 -0.0474399 -0.68032
1 29 -0.0690399 -0.67384
2 29 -0.0776799 -0.67384
0 30 0.00872014 -0.68248
1 30 -0.0107199 -0.67816
2 30 -0.0193598 -0.676
0 31 -0.0474399 -0.72136
1 31 -0.0690399 -0.71704
2 31 -0.0776799 -0.71488
0 32 -0.00639985 -0.68464
1 32 -0.0279999 -0.67816
2 32 -0.0366398 -0.67816
0 33 0.2168 -0.3844
1 33 0.2024 -0.3754
2 33 0.1988 -0.36712
0 34 -0.19 -0.68896
1 34 -0.21376 -0.68464
2 34 -0.22456 -0.68464
0 35 -0.0495998 -0.71272
1 35 -0.0711999 -0.70624
2 35 -0.0798399 -0.70624
0 36 -0.0539199 -0.72136
1 36 -0.0755199 -0.71704
2 36 -0.0841599 -0.71704
0 37 -0.0409599 -0.8164
1 37 -0.0625599 -0.80992
2 37 -0.0711999 -0.81208
0 38 -0.1576 -0.80344
1 38 -0.18136 -0.79696
2 38 -0.19216 -0.79912
0 39 0.0519201 -0.81208
1 39 0.0281602 -0.8056
2 39 0.0216801 -0.80776
0 40 -0.18136 -0.4816
1 40 -0.20296 -0.47296
2 40 -0.21376 -0.46864
0 41 -0.2584 -0.4834
1 41 -0.28288 -0.47512
2 41 -0.29368 -0.4708
0 42 -0.00726376 -0.683776
1 42 -0.0279998 -0.678592
2 42 -0.0357758 -0.678592
0 43 0.0497602 -0.810784
1 43 0.0290243 -0.8056
2 43 0.0212482 -0.8056
0 44 0.0393922 -0.79264
1 44 0.0186562 -0.787456
2 44 0.0108802 -0.787456
0 45 -0.0487357 -0.722656
1 45 -0.0694718 -0.717472
2 45 -0.0772478 -0.717472
0 46 -0.0409599 -0.8164
1 46 -0.0616958 -0.810784
2 46 -0.0694718 -0.810784
0 47 0.0290243 -0.821152
1 47 0.00828826 -0.813376
2 47 0.00051225 -0.815968
0 48 0.21608 -0.3844
1 48 0.20096 -0.37576
2 48 0.197504 -0.367552
0 49 -0.0565118 -0.836704
1 49 -0.0798398 -0.828928
2 49 -0.0876158 -0.83152
0 50 -0.180928 -0.4816
1 50 -0.204256 -0.473824
2 50 -0.214624 -0.46864
0 51 0.0575363 -0.62416
1 51 0.0368003 -0.618976
2 51 0.0290243 -0.616384
0 52 0.213056 -0.384141
1 52 0.200615 -0.374809
2 52 0.197504 -0.368589
0 53 -0.0482173 -0.723174
1 53 -0.0699902 -0.716954
2 53 -0.0793214 -0.716954
0 54 -0.178854 -0.483673
1 54 -0.200627 -0.477453
2 54 -0.213069 -0.471232
0 55 0.0264323 -0.716954
1 55 0.00465946 -0.710733
2 55 -0.00467173 -0.710733
0 56 -0.0544381 -0.704512
1 56 -0.076211 -0.698291
2 56 -0.0855422 -0.698291
0 57 0.0482051 -0.810266
1 57 0.0264323 -0.804045
2 57 0.0202115 -0.804045
0 58 -0.0388861 -0.813376
1 58 -0.060659 -0.810266
2 58 -0.0699902 -0.810266
0 59 -0.0513278 -0.679629
1 59 -0.0731005 -0.673408
2 59 -0.0824317 -0.673408
0 60 -0.0326653 -0.679629
1 60 -0.0544381 -0.673408
2 60 -0.0637693 -0.673408
0 61 -0.0575485 -0.835149
1 61 -0.0793214 -0.828928
2 61 -0.0886525 -0.828928
0 62 -0.00467173 -0.676518
1 62 -0.0264446 -0.670297
2 62 -0.0357758 -0.670297
0 63 -0.259725 -0.390361
1 63 -0.284608 -0.38103
2 63 -0.30016 -0.374809
0 64 -0.256614 -0.483673
1 64 -0.282016 -0.476416
2 64 -0.293939 -0.471232
0 65 -0.0519498 -0.682739
1 65 -0.0743447 -0.675274
2 65 -0.0818097 -0.675274
0 66 -0.0556823 -0.712599
1 66 -0.0743447 -0.708866
2 66 -0.0855421 -0.708866
0 67 -0.0332874 -0.679007
1 67 -0.0556823 -0.675274
2 67 -0.0631472 -0.671542
0 68 0.0264323 -0.798446
1 68 0.0077699 -0.790981
2 68 -0.00342757 -0.790981
0 69 -0.0519498 -0.697669
1 69 -0.0743447 -0.693937
2 69 -0.0818097 -0.693937
0 70 0.0488272 -0.809643
1 70 0.0264323 -0.802178
2 70 0.0189673 -0.805911
0 71 -0.0370199 -0.813376
1 71 -0.0594147 -0.809643
2 71 -0.0706122 -0.809643
0 72 -0.163924 -0.813376
1 72 -0.186319 -0.809643
2 72 -0.197517 -0.809643
0 73 0.0264323 -0.820841
1 73 0.0077699 -0.813376
2 73 -0.00342757 -0.817108
0 74 -0.256614 -0.483673
1 74 -0.278387 -0.474342
2 74 -0.294561 -0.47372
0 75 -0.0556823 -0.832038
1 75 -0.0780772 -0.828306
2 75 -0.0892746 -0.828306
0 76 0.213056 -0.384141
1 76 0.200615 -0.374809
2 76 0.198126 -0.369211
0 77 -0.178854 -0.48865
1 77 -0.201249 -0.481185
2 77 -0.212446 -0.47372
