72
0 0 0.0312501 -0.865
1 0 0.0270833 -0.872917
2 0 0.0104167 -0.876042
0 1 0.42125 -0.4275
1 1 0.4275 -0.42375
2 1 0.41625 -0.41125
0 2 0.10625 -0.64875
1 2 0.10125 -0.65125
2 2 0.08375 -0.65
0 3 0.40875 -0.9075
1 3 0.41625 -0.91875
2 3 0.41 -0.9175
0 4 -0.0512499 -0.52625
1 4 -0.0562499 -0.52625
2 4 -0.0762499 -0.52625
0 5 -0.015 -0.74125
1 5 -0.0199999 -0.74375
2 5 -0.0374999 -0.74625
0 6 0.032 -0.8665
1 6 0.02625 -0.8725
2 6 0.0112501 -0.875
0 7 0.0455001 -0.676
1 7 0.0395 -0.679
2 7 0.023 -0.679
0 8 0.071 -0.6475
1 8 0.065 -0.6505
2 8 0.0485001 -0.6505
0 9 0.107 -0.649
1 9 0.1025 -0.6505
2 9 0.0845 -0.6505
0 10 0.077 -0.6445
1 10 0.0725001 -0.646
2 10 0.0545001 -0.646
0 11 0.2125 -0.455
1 11 0.2078 -0.4546
2 11 0.1895 -0.4525
0 12 0.032 -0.8665
1 12 0.0260001 -0.874
2 12 0.0110001 -0.8755
0 13 0.4085 -0.907
1 13 0.416 -0.919
2 13 0.41 -0.9175
0 14 0.0458001 -0.6724
1 14 0.0404001 -0.6742
2 14 0.0224001 -0.6742
0 15 0.4076 -0.9064
1 15 0.4148 -0.919
2 15 0.4094 -0.9172
0 16 0.0404001 -0.658
1 16 0.0350001 -0.6598
2 16 0.0170001 -0.6598
0 17 0.0458001 -0.676
1 17 0.0404001 -0.6796
2 17 0.0224001 -0.6796
0 18 0.0404001 -0.6796
1 18 0.0350001 -0.6832
2 18 0.0170001 -0.6832
0 19 0.0324802 -0.86824
1 19 0.0260001 -0.874
2 19 0.0116001 -0.8758
0 20 0.2114 -0.4546
1 20 0.2078 -0.4546
2 20 0.1898 -0.451
0 21 -0.0513999 -0.5284
1 21 -0.0567999 -0.5284
2 21 -0.0765999 -0.5284
0 22 0.210464 -0.453088
1 22 0.207872 -0.453088
2 22 0.19016 -0.45136
0 23 0.10808 -0.7516
1 23 0.10376 -0.75592
2 23 0.0886402 -0.75592
0 24 0.0908001 -0.65008
1 24 0.0864802 -0.65224
2 24 0.0692001 -0.65224
0 25 0.0670401 -0.65656
1 25 0.0605602 -0.65872
2 25 0.0432802 -0.65872
0 26 0.0411201 -0.66736
1 26 0.0346401 -0.66952
2 26 0.0173601 -0.66952
0 27 -0.0344798 -0.6652
1 27 -0.0409599 -0.66736
2 27 -0.0582399 -0.66952
0 28 0.0454402 -0.676
1 28 0.0411201 -0.67816
2 28 0.0238401 -0.67816
0 29 0.11024 -0.7624
1 29 0.10592 -0.76456
2 29 0.0908001 -0.76456
0 30 0.0324802 -0.86824
1 30 0.0281602 -0.87472
2 30 0.0108802 -0.87688
0 31 -0.0495998 -0.52912
1 31 -0.0560799 -0.52912
2 31 -0.0755199 -0.52912
0 32 -0.0150399 -0.74296
1 32 -0.0215199 -0.74728
2 32 -0.0387999 -0.74728
0 33 -0.0539199 -0.46432
1 33 -0.0603999 -0.4654
2 33 -0.0798399 -0.46432
0 34 0.0419842 -0.764128
1 34 0.0368003 -0.76672
2 34 0.0212482 -0.769312
0 35 0.417824 -0.437536
1 35 0.423008 -0.432352
2 35 0.41264 -0.419392
0 36 0.109376 -0.761536
1 36 0.106784 -0.764128
2 36 0.0912323 -0.764128
0 37 0.210464 -0.453088
1 37 0.207872 -0.453088
2 37 0.189728 -0.450496
0 38 0.0342082 -0.867808
1 38 0.0264322 -0.875584
2 38 0.0134722 -0.878176
0 39 -0.0176318 -0.743392
1 39 -0.0228158 -0.745984
2 39 -0.0383678 -0.748576
0 40 0.0912323 -0.65008
1 40 0.0860483 -0.652672
2 40 0.0679043 -0.652672
0 41 0.0445763 -0.65008
1 41 0.0393922 -0.652672
2 41 0.0212482 -0.652672
0 42 -0.0539198 -0.466048
1 42 -0.0591038 -0.466048
2 42 -0.0798398 -0.463456
0 43 -0.0171134 -0.744947
1 43 -0.0233341 -0.748058
2 43 -0.0388861 -0.748058
0 44 -0.0357758 -0.667187
1 44 -0.0419965 -0.670297
2 44 -0.060659 -0.670297
0 45 0.0513155 -0.757389
1 45 0.0482051 -0.760499
2 45 0.0295427 -0.760499
0 46 0.209946 -0.452569
1 46 0.206836 -0.452569
2 46 0.188173 -0.449459
0 47 0.107303 -0.760499
1 47 0.104192 -0.76361
2 47 0.0886403 -0.76361
0 48 0.0357635 -0.866253
1 48 0.0264323 -0.875584
2 48 0.0108803 -0.878694
0 49 0.0388739 -0.664077
1 49 0.0357635 -0.667187
2 49 0.0171011 -0.667187
0 50 0.0419843 -0.76361
1 50 0.0357635 -0.76672
2 50 0.0202115 -0.76983
0 51 0.0575363 -0.645414
1 51 0.0544259 -0.648525
2 51 0.0357635 -0.648525
0 52 0.101082 -0.654746
1 52 0.0979715 -0.657856
2 52 0.0793091 -0.657856
0 53 0.110413 -0.648525
1 53 0.104192 -0.651635
2 53 0.0886403 -0.648525
0 54 -0.0539199 -0.46432
1 54 -0.0591038 -0.466048
2 54 -0.0793214 -0.461901
0 55 0.135296 -0.754278
1 55 0.132186 -0.760499
2 55 0.116634 -0.760499
0 56 0.402791 -0.881805
1 56 0.409012 -0.891136
2 56 0.402791 -0.888026
0 57 0.384128 -0.744947
1 57 0.390349 -0.751168
2 57 0.381018 -0.744947
0 58 -0.0513278 -0.530329
1 58 -0.0575485 -0.530329
2 58 -0.076211 -0.530329
0 59 0.125965 -0.754278
1 59 0.119744 -0.757389
2 59 0.104192 -0.757389
0 60 0.0637571 -0.764854
1 60 0.0562922 -0.768586
2 60 0.0413623 -0.768586
0 61 0.0338973 -0.869363
1 61 0.0264323 -0.876828
2 61 0.0115024 -0.880561
0 62 0.101082 -0.656612
1 62 0.0973494 -0.660344
2 62 0.0824195 -0.660344
0 63 0.0562922 -0.757389
1 63 0.0488272 -0.761121
2 63 0.0338973 -0.761121
0 64 0.0413623 -0.649147
1 64 0.0376298 -0.652879
2 64 0.0189673 -0.652879
0 65 0.0450947 -0.675274
1 65 0.0376298 -0.679007
2 65 0.0226998 -0.679007
0 66 0.108547 -0.753656
1 66 0.104814 -0.757389
2 66 0.086152 -0.757389
0 67 0.209324 -0.455058
1 67 0.205591 -0.455058
2 67 0.186929 -0.451325
0 68 0.108547 -0.764854
1 68 0.104814 -0.764854
2 68 0.0898844 -0.764854
0 69 0.779149 -0.45568
1 69 0.797812 -0.449459
2 69 0.795323 -0.436395
0 70 -0.0370199 -0.671542
1 70 -0.0407523 -0.675274
2 70 -0.0594147 -0.675274
0 71 -0.0482173 -0.53344
1 71 -0.0556823 -0.53344
2 71 -0.0743447 -0.53344
