68
0 0 -0.126042 -0.696875
1 0 -0.125 -0.691667
2 0 -0.126042 -0.68125
0 1 -0.123958 -0.694792
1 1 -0.122917 -0.689583
2 1 -0.123958 -0.678125
0 2 -0.123958 -0.657292
1 2 -0.122917 -0.651042
2 2 -0.123958 -0.640625
0 3 -0.0833333 -0.6625
1 3 -0.0833333 -0.65625
2 3 -0.0833333 -0.645833
0 4 -0.26 -0.8
1 4 -0.26125 -0.795
2 4 -0.26375 -0.7875
0 5 -0.12875 -0.685
1 5 -0.1275 -0.67875
2 5 -0.12875 -0.66875
0 6 -0.0812499 -0.66625
1 6 -0.08 -0.66
2 6 -0.0812499 -0.65
0 7 -0.0449999 -0.6575
1 7 -0.0437499 -0.65125
2 7 -0.0437499 -0.64125
0 8 -0.12625 -0.68875
1 8 -0.125 -0.6825
2 8 -0.12625 -0.6725
0 9 -0.125 -0.695
1 9 -0.12375 -0.68875
2 9 -0.125 -0.67875
0 10 -0.0824999 -0.6625
1 10 -0.08 -0.65625
2 10 -0.0812499 -0.64625
0 11 -0.12625 -0.69875
1 11 -0.125 -0.69125
2 11 -0.12625 -0.68125
0 12 -0.13375 -0.6875
1 12 -0.1325 -0.68125
2 12 -0.13375 -0.67125
0 13 -0.0425 -0.67
1 13 -0.04125 -0.66375
2 13 -0.0425 -0.65375
0 14 -0.0387499 -0.8
1 14 -0.0374999 -0.79375
2 14 -0.0387499 -0.78375
0 15 -0.1255 -0.691
1 15 -0.124 -0.685
2 15 -0.1255 -0.6745
0 16 -0.13 -0.67
1 16 -0.1285 -0.664
2 16 -0.13 -0.6535
0 17 -0.085 -0.709
1 17 -0.0835 -0.7015
2 17 -0.085 -0.691
0 18 -0.0475 -0.7105
1 18 -0.046 -0.7045
2 18 -0.0475 -0.694
0 19 -0.0945999 -0.6562
1 19 -0.0927999 -0.6508
2 19 -0.0945999 -0.64
0 20 -0.0783999 -0.658
1 20 -0.0765999 -0.6526
2 20 -0.0765999 -0.6418
0 21 -0.0801999 -0.6652
1 21 -0.0783999 -0.6598
2 21 -0.0801999 -0.649
0 22 -0.0837999 -0.6616
1 22 -0.0801999 -0.6562
2 22 -0.0819999 -0.6454
0 23 -0.0387999 -0.8056
1 23 -0.0369999 -0.8002
2 23 -0.0387999 -0.7894
0 24 -0.0459999 -0.7066
1 24 -0.0441999 -0.7012
2 24 -0.0459999 -0.6904
0 25 -0.0639999 -0.6598
1 25 -0.0621999 -0.6544
2 25 -0.0639999 -0.6436
0 26 -0.0441999 -0.6706
1 26 -0.0423999 -0.6652
2 26 -0.0441999 -0.6544
0 27 -0.0366398 -0.76672
1 27 -0.0366398 -0.76024
2 27 -0.0366398 -0.74944
0 28 -0.0431199 -0.65872
1 28 -0.0431199 -0.65224
2 28 -0.0431199 -0.64144
0 29 -0.1144 -0.80344
1 29 -0.1144 -0.79696
2 29 -0.1144 -0.78616
0 30 -0.0776799 -0.65872
1 30 -0.0755199 -0.6544
2 30 -0.0755199 -0.6436
0 31 -0.26344 -0.80128
1 31 -0.26344 -0.79696
2 31 -0.2656 -0.78832
0 32 -0.0387999 -0.8056
1 32 -0.0387999 -0.79912
2 32 -0.0387999 -0.79048
0 33 -0.0495998 -0.71272
1 33 -0.0474399 -0.70624
2 33 -0.0495998 -0.69544
0 34 -0.13168 -0.68896
1 34 -0.12952 -0.68248
2 34 -0.13168 -0.67168
0 35 -0.12952 -0.68248
1 35 -0.12736 -0.676
2 35 -0.12952 -0.6652
0 36 -0.0387999 -0.80128
1 36 -0.0387999 -0.7948
2 36 -0.0387999 -0.784
0 37 -0.38224 -0.42544
1 37 -0.3844 -0.41464
2 37 -0.38872 -0.40168
0 38 -0.0979838 -0.77968
1 38 -0.0953918 -0.771904
2 38 -0.0979838 -0.761536
0 39 -0.393472 -0.63712
1 39 -0.396064 -0.631936
2 39 -0.401248 -0.621568
0 40 -0.42328 -0.32176
1 40 -0.42976 -0.310528
2 40 -0.437536 -0.292384
0 41 -0.388288 -0.53344
1 41 -0.39088 -0.523072
2 41 -0.396064 -0.512704
0 42 -0.0824318 -0.652672
1 42 -0.0798398 -0.647488
2 42 -0.0824318 -0.63712
0 43 -0.110944 -0.803008
1 43 -0.113536 -0.797824
2 43 -0.113536 -0.784864
0 44 0.1988 -0.30016
1 44 0.2096 -0.28936
2 44 0.220832 -0.276832
0 45 -0.129088 -0.681184
1 45 -0.129088 -0.676
2 45 -0.129088 -0.665632
0 46 -0.126496 -0.694144
1 46 -0.126496 -0.686368
2 46 -0.126496 -0.676
0 47 -0.113536 -0.800934
1 47 -0.110425 -0.794714
2 47 -0.113536 -0.785382
0 48 -0.0419965 -0.804045
1 48 -0.0388861 -0.797824
2 48 -0.0419965 -0.788493
0 49 -0.0979837 -0.648525
1 49 -0.0979837 -0.642304
2 49 -0.0979837 -0.632973
0 50 -0.0419965 -0.657856
1 50 -0.0419965 -0.651635
2 50 -0.0419965 -0.642304
0 51 -0.129088 -0.695181
1 51 -0.129088 -0.68896
2 51 -0.129088 -0.676518
0 52 -0.30016 -0.667187
1 52 -0.30016 -0.660966
2 52 -0.30327 -0.651635
0 53 -0.129088 -0.682739
1 53 -0.129088 -0.673408
2 53 -0.129088 -0.664077
0 54 -0.129088 -0.673408
1 54 -0.129088 -0.667187
2 54 -0.129088 -0.657856
0 55 -0.111669 -0.802178
1 55 -0.111669 -0.794714
2 55 -0.111669 -0.783516
0 56 -0.0407523 -0.805911
1 56 -0.0407523 -0.798446
2 56 -0.0407523 -0.790981
0 57 -0.130332 -0.693937
1 57 -0.130332 -0.690204
2 57 -0.130332 -0.679007
0 58 -0.126599 -0.679007
1 58 -0.126599 -0.671542
2 58 -0.126599 -0.660344
0 59 -0.424576 -0.321933
1 59 -0.42893 -0.309491
2 59 -0.436395 -0.294561
0 60 -0.0295549 -0.779784
1 60 -0.0295549 -0.772319
2 60 -0.0295549 -0.761121
0 61 -0.134064 -0.824573
1 61 -0.134064 -0.817108
2 61 -0.134064 -0.805911
0 62 -0.0407523 -0.656612
1 62 -0.0407523 -0.652879
2 62 -0.0407523 -0.641682
0 63 -0.130332 -0.660344
1 63 -0.130332 -0.652879
2 63 -0.130332 -0.641682
0 64 0.197504 -0.30016
1 64 0.209324 -0.290829
2 64 0.220521 -0.275899
0 65 -0.00716 -0.798446
1 65 -0.00716 -0.790981
2 65 -0.00716 -0.783516
0 66 -0.0818097 -0.727529
1 66 -0.0818097 -0.720064
2 66 -0.0818097 -0.708866
0 67 -0.290829 -0.42893
1 67 -0.290829 -0.417733
2 67 -0.290829 -0.406536
