39
0 0 0.015 -0.69125
1 0 -0.00874996 -0.69625
2 0 -0.01625 -0.69875
0 1 -0.03125 -0.692708
1 1 -0.05375 -0.6975
2 1 -0.0624999 -0.7
0 2 0.02125 -0.85375
1 2 -0.00624994 -0.86
2 2 -0.01625 -0.8625
0 3 0.0140001 -0.6595
1 3 -0.0115 -0.664
2 3 -0.0205 -0.6655
0 4 0.0140001 -0.691
1 4 -0.00999997 -0.697
2 4 -0.0175 -0.6985
0 5 0.0425001 -0.9325
1 5 0.0140001 -0.9415
2 5 0.00200005 -0.9445
0 6 0.02 -0.8545
1 6 -0.00699997 -0.8605
2 6 -0.016 -0.862
0 7 -0.0207999 -0.8146
1 7 -0.0459999 -0.82
2 7 -0.0549999 -0.8218
0 8 -0.0297999 -0.7372
1 8 -0.0531999 -0.7426
2 8 -0.0621999 -0.7444
0 9 -0.0333999 -0.6976
1 9 -0.0567999 -0.703
2 9 -0.0657999 -0.703
0 10 0.0152001 -0.6958
1 10 -0.00819988 -0.7012
2 10 -0.0153999 -0.703
0 11 -0.0297999 -0.6922
1 11 -0.0531999 -0.6976
2 11 -0.0621999 -0.6994
0 12 0.0206001 -0.8542
1 12 -0.00639992 -0.8614
2 12 -0.0171999 -0.8632
0 13 -0.0323199 -0.6976
1 13 -0.0560799 -0.70408
2 13 -0.0647199 -0.70408
0 14 0.0108802 -0.69112
1 14 -0.0107199 -0.6976
2 14 -0.0193598 -0.6976
0 15 -0.0215199 -0.8164
1 15 -0.0474399 -0.82072
2 15 -0.0560799 -0.82288
0 16 -0.0301599 -0.6868
1 16 -0.0539199 -0.69112
2 16 -0.0625599 -0.69328
0 17 -0.0301599 -0.80776
1 17 -0.0539199 -0.81208
2 17 -0.0625599 -0.81424
0 18 0.0264322 -0.828928
1 18 0.00051225 -0.834112
2 18 -0.00726376 -0.836704
0 19 0.0160643 -0.699328
1 19 -0.00726376 -0.704512
2 19 -0.0150398 -0.704512
0 20 -0.0668798 -0.790048
1 20 -0.0927998 -0.795232
2 20 -0.103168 -0.797824
0 21 -0.0357758 -0.657856
1 21 -0.0591038 -0.66304
2 21 -0.0694718 -0.66304
0 22 0.0186562 -0.862624
1 22 -0.00726376 -0.867808
2 22 -0.0176318 -0.8704
0 23 -0.0331838 -0.699328
1 23 -0.0565118 -0.704512
2 23 -0.0642878 -0.704512
0 24 -0.0279998 -0.691552
1 24 -0.0513278 -0.696736
2 24 -0.0591038 -0.699328
0 25 0.0139907 -0.701402
1 25 -0.00778211 -0.704512
2 25 -0.0171134 -0.707622
0 26 -0.045107 -0.76361
1 26 -0.0699902 -0.76983
2 26 -0.0793214 -0.76983
0 27 0.0139907 -0.657856
1 27 -0.0108926 -0.660966
2 27 -0.0202237 -0.664077
0 28 -0.0326653 -0.825818
1 28 -0.0575485 -0.832038
2 28 -0.0668798 -0.832038
0 29 0.0295427 -0.819597
1 29 0.00465946 -0.825818
2 29 -0.00467173 -0.828928
0 30 0.0202115 -0.804045
1 30 -0.00467173 -0.810266
2 30 -0.0140029 -0.813376
0 31 -0.0326653 -0.701402
1 31 -0.0544381 -0.704512
2 31 -0.0637693 -0.707622
0 32 -0.0513278 -0.819597
1 32 -0.076211 -0.825818
2 32 -0.0855422 -0.825818
0 33 0.0189673 -0.861898
1 33 -0.0108925 -0.869363
2 33 -0.0183575 -0.873096
0 34 -0.0631472 -0.764854
1 34 -0.0855421 -0.768586
2 34 -0.0967396 -0.772319
0 35 0.0152349 -0.656612
1 35 -0.0108925 -0.664077
2 35 -0.0183575 -0.664077
0 36 -0.0444848 -0.649147
1 36 -0.0706122 -0.652879
2 36 -0.0780772 -0.652879
0 37 -0.0743447 -0.854433
1 37 -0.100472 -0.858166
2 37 -0.111669 -0.861898
0 38 -0.0295549 -0.705134
1 38 -0.0556823 -0.708866
2 38 -0.0631472 -0.708866
