8
0 0 0.00375004 -0.945
1 0 6.35783e-08 -0.93875
2 0 0.0185 -0.916
0 1 -0.0202237 -0.66304
1 1 -0.0254078 -0.655264
2 1 -0.00467173 -0.631936
0 2 -0.0176318 -0.8704
1 2 -0.0202237 -0.862624
2 2 0.00051225 -0.839296
0 3 -0.0202237 -0.869363
1 3 -0.0202237 -0.863142
2 3 -0.00156136 -0.84137
0 4 -0.0332874 -0.675274
1 4 -0.0370199 -0.667809
2 4 -0.014625 -0.645414
0 5 -0.0183575 -0.664077
1 5 -0.0258224 -0.656612
2 5 -0.00342757 -0.634217
0 6 0.00403741 -0.846968
1 6 0.00403741 -0.839503
2 6 0.0226998 -0.817108
0 7 -0.152727 -0.720064
1 7 -0.156459 -0.712599
2 7 -0.137797 -0.690204
