41
0 0 -0.071875 -0.566667
1 0 -0.071875 -0.566667
2 0 -0.0729167 -0.566667
0 1 -0.1375 -0.641667
1 1 -0.139583 -0.644792
2 1 -0.140625 -0.644792
0 2 -0.0489583 -0.738542
1 2 -0.0510417 -0.740625
2 2 -0.0510417 -0.741667
0 3 -0.0822917 -0.709375
1 3 -0.0822917 -0.711458
2 3 -0.0833333 -0.711458
0 4 -0.055 -0.54625
1 4 -0.0562499 -0.5475
2 4 -0.0574999 -0.5475
0 5 0.0625001 -0.91125
1 5 0.065 -0.915
2 5 0.06625 -0.91625
0 6 -0.0725 -0.56625
1 6 -0.0725 -0.56625
2 6 -0.07375 -0.56625
0 7 0.02875 -0.67125
1 7 0.0275 -0.67375
2 7 0.0250001 -0.67375
0 8 0.062 -0.9115
1 8 0.0635 -0.916
2 8 0.065 -0.916
0 9 0.0185 -0.568
1 9 0.0185 -0.568
2 9 0.0185 -0.568
0 10 -0.073 -0.5665
1 10 -0.073 -0.5665
2 10 -0.0745 -0.5665
0 11 0.0155001 -0.5605
1 11 0.0155001 -0.5605
2 11 0.0140001 -0.5605
0 12 0.0725001 -0.5185
1 12 0.071 -0.5185
2 12 0.0695001 -0.5185
0 13 -0.0775 -0.7135
1 13 -0.0775 -0.715
2 13 -0.0775 -0.7165
0 14 -0.16 -0.721
1 14 -0.1615 -0.7225
2 14 -0.1615 -0.724
0 15 -0.0249999 -0.763
1 15 -0.0264999 -0.766
2 15 -0.0264999 -0.766
0 16 0.0656001 -0.9208
1 16 0.0674001 -0.9244
2 16 0.0692001 -0.9262
0 17 0.0620001 -0.9172
1 17 0.0638001 -0.9208
2 17 0.0656001 -0.9226
0 18 -0.0765999 -0.7138
1 18 -0.0765999 -0.7156
2 18 -0.0765999 -0.7174
0 19 -0.0189999 -0.6292
1 19 -0.0207999 -0.6292
2 19 -0.0225999 -0.631
0 20 0.0188001 -0.568
1 20 0.0188001 -0.568
2 20 0.0188001 -0.568
0 21 -0.0729999 -0.5662
1 21 -0.0729999 -0.5644
2 21 -0.0747999 -0.5662
0 22 -0.16192 -0.92656
1 22 -0.16192 -0.93088
2 22 -0.16192 -0.93304
0 23 0.0584002 -0.91792
1 23 0.0627202 -0.92008
2 23 0.0627202 -0.92224
0 24 -0.0344798 -0.70192
1 24 -0.0366398 -0.70408
2 24 -0.0387999 -0.70408
0 25 -0.0128799 -0.67816
1 25 -0.0150399 -0.68032
2 25 -0.0171998 -0.68032
0 26 0.0238401 -0.67816
1 26 0.0216801 -0.67816
2 26 0.0195201 -0.68032
0 27 -0.1576 -0.64144
1 27 -0.15976 -0.6436
2 27 -0.15976 -0.6436
0 28 0.0601283 -0.911872
1 28 0.0605602 -0.91576
2 28 0.0627202 -0.917056
0 29 0.0290243 -0.634528
1 29 0.0264322 -0.634528
2 29 0.0238403 -0.634528
0 30 -0.0202237 -0.634528
1 30 -0.0228158 -0.63712
2 30 -0.0254078 -0.63712
0 31 -0.152416 -0.618976
1 31 -0.152416 -0.621568
2 31 -0.152416 -0.621568
0 32 -0.152416 -0.644896
1 32 -0.152416 -0.644896
2 32 -0.155008 -0.647488
0 33 -0.076211 -0.558323
1 33 -0.0793214 -0.558323
2 33 -0.0793214 -0.558323
0 34 0.0202115 -0.564544
1 34 0.0171011 -0.564544
2 34 0.0171011 -0.564544
0 35 -0.150861 -0.645414
1 35 -0.153971 -0.645414
2 35 -0.153971 -0.645414
0 36 -0.0140029 -0.567654
1 36 -0.0140029 -0.567654
2 36 -0.0171134 -0.567654
0 37 0.0264323 -0.636083
1 37 0.0264323 -0.636083
2 37 0.0233219 -0.636083
0 38 0.0264323 -0.637949
1 38 0.0226998 -0.637949
2 38 0.0226998 -0.637949
0 39 -0.014625 -0.570765
1 39 -0.014625 -0.570765
2 39 -0.0183575 -0.570765
0 40 0.0301648 -0.809643
1 40 0.0301648 -0.813376
2 40 0.0301648 -0.813376
