39
0 0 -0.00124995 -0.745
1 0 0.00833333 -0.744792
2 0 0.0385417 -0.742708
0 1 -0.00124995 -0.745
1 1 0.00875003 -0.745
2 1 0.03875 -0.74375
0 2 0.1975 -0.33875
1 2 0.2135 -0.3385
2 2 0.2425 -0.335
0 3 0.0215 -0.691
1 3 0.0335 -0.691
2 3 0.062 -0.691
0 4 -0.000999959 -0.745
1 4 0.00875003 -0.745
2 4 0.038 -0.7435
0 5 0.197 -0.3385
1 5 0.2135 -0.3385
2 5 0.242 -0.334
0 6 0.197 -0.3394
1 6 0.2135 -0.3385
2 6 0.242 -0.334
0 7 -0.1594 -0.73
1 7 -0.1468 -0.7282
2 7 -0.1198 -0.7264
0 8 -0.000999896 -0.7462
1 8 0.00875003 -0.745
2 8 0.0386001 -0.7444
0 9 0.0692001 -0.6076
1 9 0.0854001 -0.6094
2 9 0.1106 -0.6076
0 10 0.00800012 -0.6148
1 10 0.0206001 -0.6148
2 10 0.0494001 -0.613
0 11 0.0206001 -0.6904
1 11 0.0332001 -0.6886
2 11 0.0620001 -0.6904
0 12 0.0692001 -0.6886
1 12 0.0854001 -0.6886
2 12 0.1106 -0.6886
0 13 8.01722e-05 -0.74512
1 13 0.00950006 -0.745
2 13 0.0411201 -0.74296
0 14 -0.17056 -0.341632
1 14 -0.154 -0.3412
2 14 -0.13168 -0.33904
0 15 -0.15112 -0.73432
1 15 -0.13816 -0.73216
2 15 -0.11224 -0.73
0 16 0.00872014 -0.62848
1 16 0.0216801 -0.62632
2 16 0.0497601 -0.62632
0 17 -0.00249996 -0.7525
1 17 0.00872014 -0.7516
2 17 0.0389601 -0.7516
0 18 0.19664 -0.33904
1 18 0.21392 -0.33688
2 18 0.242 -0.33472
0 19 0.19664 -0.33472
1 19 0.21392 -0.33688
2 19 0.242 -0.3304
0 20 -0.165376 -0.71488
1 20 -0.152416 -0.712288
2 20 -0.126496 -0.712288
0 21 0.363392 -0.867808
1 21 0.37808 -0.86824
2 21 0.410048 -0.867808
0 22 -0.155008 -0.738208
1 22 -0.142048 -0.738208
2 22 -0.116128 -0.735616
0 23 -0.17056 -0.341632
1 23 -0.152416 -0.341632
2 23 -0.13168 -0.33904
0 24 0.194394 -0.337485
1 24 0.213056 -0.336448
2 24 0.241568 -0.333856
0 25 0.00051225 -0.75376
1 25 0.0108803 -0.751168
2 25 0.0388739 -0.751168
0 26 0.194394 -0.337485
1 26 0.213056 -0.337485
2 26 0.24105 -0.334374
0 27 -0.171389 -0.343083
1 27 -0.152727 -0.339351
2 27 -0.132198 -0.337485
0 28 0.0264323 -0.69207
1 28 0.0388739 -0.69207
2 28 0.0668674 -0.69207
0 29 0.107303 -0.741837
1 29 0.116634 -0.741837
2 29 0.147738 -0.741837
0 30 -0.153971 -0.723174
1 30 -0.141529 -0.720064
2 30 -0.116646 -0.720064
0 31 0.0637571 -0.601869
1 31 0.0824195 -0.601869
2 31 0.107303 -0.601869
0 32 0.0077699 -0.629862
1 32 0.0212482 -0.626752
2 32 0.0482051 -0.629862
0 33 0.194394 -0.339351
1 33 0.213056 -0.337485
2 33 0.239184 -0.335618
0 34 -0.171389 -0.343083
1 34 -0.152727 -0.339351
2 34 -0.130332 -0.339351
0 35 0.0264323 -0.693937
1 35 0.0413623 -0.693937
2 35 0.0674896 -0.693937
0 36 0.0637571 -0.693937
1 36 0.0824195 -0.695181
2 36 0.104814 -0.693937
0 37 -0.0631472 -0.876828
1 37 -0.0519498 -0.873096
2 37 -0.0258224 -0.873096
0 38 -0.0631472 -0.858166
1 38 -0.0544381 -0.856922
2 38 -0.0258224 -0.854433
