62
0 0 0.130208 -0.640625
1 0 0.129167 -0.641667
2 0 0.128125 -0.640625
0 1 0.0916667 -0.634375
1 1 0.090625 -0.634375
2 1 0.0885417 -0.633333
0 2 0.15 -0.651042
1 2 0.148958 -0.652083
2 2 0.147917 -0.651042
0 3 0.0625 -0.677083
1 3 0.06 -0.67875
2 3 0.05875 -0.67625
0 4 0.16375 -0.7925
1 4 0.16125 -0.79375
2 4 0.15875 -0.7925
0 5 0.1075 -0.6525
1 5 0.10625 -0.65375
2 5 0.105 -0.6525
0 6 0.14875 -0.65125
1 6 0.14875 -0.6525
2 6 0.1475 -0.65125
0 7 -0.18125 -0.35125
1 7 -0.185 -0.345
2 7 -0.19125 -0.3375
0 8 0.107 -0.652
1 8 0.107 -0.6535
2 8 0.1055 -0.652
0 9 0.0605 -0.6745
1 9 0.059 -0.676
2 9 0.0575 -0.6745
0 10 0.0605 -0.6775
1 10 0.059 -0.679
2 10 0.0575 -0.6775
0 11 0.11 -0.694
1 11 0.1085 -0.6955
2 11 0.107 -0.694
0 12 0.0980001 -0.718
1 12 0.0965 -0.7195
2 12 0.0950001 -0.718
0 13 0.0995 -0.7405
1 13 0.0980001 -0.742
2 13 0.0965 -0.7405
0 14 0.059 -0.6685
1 14 0.0575 -0.67
2 14 0.056 -0.6685
0 15 0.1625 -0.793
1 15 0.161 -0.7945
2 15 0.158 -0.793
0 16 0.113 -0.7735
1 16 0.1115 -0.775
2 16 0.11 -0.7735
0 17 0.1625 -0.7705
1 17 0.1595 -0.772
2 17 0.158 -0.7705
0 18 0.1142 -0.6976
1 18 0.1142 -0.6994
2 18 0.1124 -0.6976
0 19 0.1034 -0.649
1 19 0.1034 -0.649
2 19 0.1016 -0.649
0 20 0.1286 -0.64
1 20 0.1268 -0.6418
2 20 0.125 -0.64
0 21 0.1124 -0.6382
1 21 0.1106 -0.64
2 21 0.1088 -0.6382
0 22 -0.109 -0.8092
1 22 -0.1162 -0.8092
2 22 -0.1216 -0.811
0 23 0.0602001 -0.6778
1 23 0.0584001 -0.6796
2 23 0.0566001 -0.6778
0 24 0.1052 -0.658
1 24 0.1052 -0.6598
2 24 0.1034 -0.658
0 25 0.107 -0.6526
1 25 0.107 -0.6544
2 25 0.1052 -0.6526
0 26 0.116 -0.7192
1 26 0.116 -0.721
2 26 0.1124 -0.7192
0 27 0.1628 -0.7552
1 27 0.161 -0.757
2 27 0.1592 -0.7552
0 28 0.1628 -0.793
1 28 0.161 -0.7948
2 28 0.1574 -0.793
0 29 0.1142 -0.7732
1 29 0.1124 -0.775
2 29 0.1106 -0.7732
0 30 0.10808 -0.64792
1 30 0.10376 -0.65008
2 30 0.10376 -0.64792
0 31 0.0929601 -0.63712
1 31 0.0929601 -0.63928
2 31 0.0908001 -0.63712
0 32 0.18584 -0.64576
1 32 0.18584 -0.64792
2 32 0.18368 -0.64792
0 33 0.10592 -0.65872
1 33 0.10592 -0.66088
2 33 0.10376 -0.65872
0 34 0.14696 -0.6976
1 34 0.14696 -0.69976
2 34 0.1448 -0.6976
0 35 0.10376 -0.63064
1 35 0.10376 -0.6328
2 35 0.1016 -0.63064
0 36 0.0800002 -0.79696
1 36 0.0778402 -0.79696
2 36 0.0756802 -0.7948
0 37 -0.271 -0.4852
1 37 -0.279424 -0.4816
2 37 -0.2872 -0.47512
0 38 -0.15976 -0.6436
1 38 -0.16624 -0.64144
2 38 -0.17272 -0.63928
0 39 0.16208 -0.79912
1 39 0.15992 -0.80128
2 39 0.15776 -0.79912
0 40 0.0601283 -0.678592
1 40 0.0575363 -0.678592
2 40 0.0575363 -0.678592
0 41 0.106784 -0.660448
1 41 0.106784 -0.660448
2 41 0.104192 -0.660448
0 42 0.150848 -0.657856
1 42 0.150848 -0.660448
2 42 0.148256 -0.657856
0 43 0.171584 -0.76672
1 43 0.168992 -0.769312
2 43 0.1664 -0.76672
0 44 -0.160192 -0.644896
1 44 -0.165376 -0.642304
2 44 -0.173152 -0.639712
0 45 0.197504 -0.79264
1 45 0.197504 -0.795232
2 45 0.194912 -0.79264
0 46 0.0808642 -0.795232
1 46 0.0782722 -0.797824
2 46 0.0756803 -0.795232
0 47 0.161216 -0.75376
1 47 0.161216 -0.756352
2 47 0.158624 -0.75376
0 48 -0.27424 -0.6112
1 48 -0.282016 -0.608608
2 48 -0.292384 -0.606016
0 49 0.0575363 -0.679629
1 49 0.0575363 -0.679629
2 49 0.0544259 -0.679629
0 50 0.107303 -0.660966
1 50 0.107303 -0.660966
2 50 0.104192 -0.660966
0 51 0.157069 -0.772941
1 51 0.157069 -0.776051
2 51 0.153959 -0.772941
0 52 0.150848 -0.68585
1 52 0.150848 -0.68585
2 52 0.147738 -0.68585
0 53 -0.160192 -0.645414
1 53 -0.166413 -0.645414
2 53 -0.172633 -0.642304
0 54 0.0575363 -0.639194
1 54 0.0544259 -0.639194
2 54 0.0544259 -0.639194
0 55 0.107303 -0.632973
1 55 0.107303 -0.636083
2 55 0.104192 -0.632973
0 56 0.181952 -0.788493
1 56 0.178842 -0.788493
2 56 0.178842 -0.788493
0 57 0.150848 -0.657856
1 57 0.147738 -0.660966
2 57 0.147738 -0.657856
0 58 0.0824195 -0.794714
1 58 0.078687 -0.794714
2 58 0.078687 -0.794714
0 59 0.0562922 -0.641682
1 59 0.0525597 -0.641682
2 59 0.0525597 -0.637949
0 60 0.153337 -0.637949
1 60 0.153337 -0.637949
2 60 0.149604 -0.637949
0 61 0.0600246 -0.820841
1 61 0.0562922 -0.820841
2 61 0.0525597 -0.820841
