94
0 0 -0.00416667 -0.7875
1 0 -0.00625 -0.7875
2 0 -0.0208333 -0.7875
0 1 0.00416667 -0.672917
1 1 0.00208333 -0.673958
2 1 -0.0114583 -0.673958
0 2 -0.167708 -0.686458
1 2 -0.172917 -0.690625
2 2 -0.188542 -0.690625
0 3 0.00500005 -0.6725
1 3 0.00250003 -0.67375
2 3 -0.01125 -0.67375
0 4 -0.0374999 -0.6725
1 4 -0.04 -0.67375
2 4 -0.05375 -0.67375
0 5 -0.233333 -0.401042
1 5 -0.24125 -0.3975
2 5 -0.26 -0.39375
0 6 0.0487501 -0.81375
1 6 0.045 -0.81375
2 6 0.0325 -0.81375
0 7 -0.1675 -0.691
1 7 -0.1735 -0.691
2 7 -0.1885 -0.691
0 8 0.026 -0.682
1 8 0.023 -0.6835
2 8 0.00950006 -0.6835
0 9 0.224 -0.388
1 9 0.225 -0.38625
2 9 0.2165 -0.3835
0 10 0.056 -0.787
1 10 0.0530001 -0.787
2 10 0.0395 -0.7855
0 11 0.0425001 -0.6805
1 11 0.0395 -0.6805
2 11 0.0275 -0.6805
0 12 -0.0309999 -0.7135
1 12 -0.034 -0.7135
2 12 -0.0475 -0.7135
0 13 0.0500001 -0.796
1 13 0.0470001 -0.796
2 13 0.0335 -0.796
0 14 0.0485001 -0.82
1 14 0.0455001 -0.82
2 14 0.032 -0.82
0 15 0.0485001 -0.814
1 15 0.0455001 -0.814
2 15 0.032 -0.814
0 16 -0.0175 -0.6715
1 16 -0.0205 -0.673
2 16 -0.034 -0.673
0 17 0.00500005 -0.673
1 17 0.00200005 -0.6745
2 17 -0.0115 -0.6745
0 18 0.00620009 -0.7984
1 18 0.0026001 -0.7984
2 18 -0.0117999 -0.7984
0 19 -0.136 -0.8002
1 19 -0.1432 -0.802
2 19 -0.1576 -0.8038
0 20 0.0476001 -0.8146
1 20 0.0440001 -0.8146
2 20 0.0314001 -0.8146
0 21 0.0440001 -0.6886
1 21 0.0422001 -0.6886
2 21 0.0296001 -0.6886
0 22 0.0476001 -0.82
1 22 0.0458001 -0.82
2 22 0.0314001 -0.82
0 23 -0.0369999 -0.721
1 23 -0.0387999 -0.721
2 23 -0.0531999 -0.721
0 24 0.0422001 -0.6814
1 24 0.0404001 -0.6814
2 24 0.0278001 -0.6814
0 25 0.0530001 -0.793
1 25 0.0494001 -0.793
2 25 0.0350001 -0.793
0 26 0.00620009 -0.6832
1 26 0.00620009 -0.685
2 26 -0.00819988 -0.685
0 27 -0.00279992 -0.748
1 27 -0.00639992 -0.7498
2 27 -0.0189999 -0.7498
0 28 0.000800069 -0.7444
1 28 -0.00279992 -0.7462
2 28 -0.0153999 -0.7462
0 29 0.000800069 -0.6904
1 29 -0.000999896 -0.6904
2 29 -0.0153999 -0.6904
0 30 0.224 -0.388
1 30 0.224 -0.3862
2 30 0.2168 -0.3844
0 31 -0.0243999 -0.8164
1 31 -0.0279999 -0.8164
2 31 -0.0405999 -0.8164
0 32 0.0134001 -0.6814
1 32 0.00980008 -0.6814
2 32 -0.00279992 -0.6814
0 33 0.0800001 -0.8146
1 33 0.0764001 -0.8164
2 33 0.0638001 -0.8164
0 34 -0.2332 -0.487
1 34 -0.2404 -0.4852
2 34 -0.2584 -0.4834
0 35 0.224 -0.388
1 35 0.224 -0.3862
2 35 0.21608 -0.3844
0 36 -0.0387999 -0.83368
1 36 -0.0431199 -0.83584
2 36 -0.0560799 -0.83584
0 37 0.00656013 -0.67384
1 37 0.00440013 -0.676
2 37 -0.00855986 -0.676
0 38 0.00872014 -0.68464
1 38 0.00656013 -0.68464
2 38 -0.00639985 -0.68464
0 39 0.0432802 -0.68032
1 39 0.0411201 -0.68032
2 39 0.0281602 -0.68032
0 40 -0.13816 -0.79912
1 40 -0.14248 -0.80128
2 40 -0.1576 -0.80344
0 41 0.0476002 -0.82072
1 41 0.0454402 -0.82072
2 41 0.0303202 -0.82072
0 42 -0.0128799 -0.8164
1 42 -0.0150399 -0.81856
2 42 -0.0301599 -0.81856
0 43 0.0260002 -0.68248
1 43 0.0216801 -0.68248
2 43 0.00872014 -0.68248
0 44 -0.0236799 -0.8164
1 44 -0.0279999 -0.8164
2 44 -0.0409599 -0.8164
0 45 0.0432802 -0.68896
1 45 0.0411201 -0.68896
2 45 0.0281602 -0.68896
0 46 0.0411201 -0.80776
1 46 0.0389601 -0.80776
2 46 0.0238401 -0.80776
0 47 -0.14248 -0.80344
1 47 -0.14896 -0.80776
2 47 -0.16408 -0.80992
0 48 0.0692001 -0.81208
1 48 0.0648802 -0.81208
2 48 0.0519201 -0.81208
0 49 -0.167968 -0.691552
1 49 -0.173152 -0.691552
2 49 -0.188704 -0.691552
0 50 0.0445763 -0.797824
1 50 0.0419842 -0.797824
2 50 0.0290243 -0.797824
0 51 0.0523523 -0.800416
1 51 0.0497602 -0.800416
2 51 0.0342082 -0.800416
0 52 0.00828826 -0.79264
1 52 0.00569623 -0.79264
2 52 -0.00726376 -0.79264
0 53 -0.0357758 -0.691552
1 53 -0.0383678 -0.691552
2 53 -0.0513278 -0.691552
0 54 0.0445763 -0.681184
1 54 0.0419842 -0.681184
2 54 0.0290243 -0.681184
0 55 -0.0331838 -0.681184
1 55 -0.0357758 -0.681184
2 55 -0.0487357 -0.681184
0 56 0.0419842 -0.808192
1 56 0.0393922 -0.808192
2 56 0.0238403 -0.808192
0 57 0.0679043 -0.810784
1 57 0.0627202 -0.810784
2 57 0.0497602 -0.810784
0 58 -0.0383678 -0.834112
1 58 -0.0435518 -0.836704
2 58 -0.0565118 -0.836704
0 59 -0.0228158 -0.815968
1 59 -0.0254078 -0.815968
2 59 -0.0409598 -0.815968
0 60 0.0445763 -0.68896
1 60 0.0419842 -0.68896
2 60 0.0290243 -0.68896
0 61 0.0471682 -0.81856
1 61 0.0445763 -0.821152
2 61 0.0290243 -0.821152
0 62 -0.2332 -0.487
1 62 -0.2404 -0.4852
2 62 -0.256096 -0.484192
0 63 0.223424 -0.385696
1 63 0.223424 -0.385696
2 63 0.215648 -0.383104
0 64 -0.232768 -0.398656
1 64 -0.240544 -0.398656
2 64 -0.258688 -0.393472
0 65 0.00569623 -0.771904
1 65 0.00310421 -0.771904
2 65 -0.00985578 -0.771904
0 66 0.0575363 -0.794714
1 66 0.0544259 -0.794714
2 66 0.0388739 -0.794714
0 67 0.0482051 -0.679629
1 67 0.0450947 -0.679629
2 67 0.032653 -0.679629
0 68 -0.0357758 -0.679629
1 68 -0.0388861 -0.679629
2 68 -0.0513278 -0.679629
0 69 -0.0233341 -0.813376
1 69 -0.0264446 -0.813376
2 69 -0.0388861 -0.813376
0 70 0.0108803 -0.676518
1 70 0.0077699 -0.676518
2 70 -0.00467173 -0.676518
0 71 0.00154908 -0.69207
1 71 -0.00156136 -0.69207
2 71 -0.0140029 -0.69207
0 72 -0.0388861 -0.832038
1 72 -0.0419965 -0.832038
2 72 -0.0575485 -0.835149
0 73 -0.169523 -0.69207
1 73 -0.175744 -0.69207
2 73 -0.191296 -0.69207
0 74 0.0793091 -0.816486
1 74 0.0730883 -0.813376
2 74 0.0606467 -0.816486
0 75 0.223424 -0.385696
1 75 0.223424 -0.385696
2 75 0.213056 -0.38103
0 76 -0.138419 -0.797824
1 76 -0.14464 -0.800934
2 76 -0.160192 -0.800934
0 77 -0.0171134 -0.676518
1 77 -0.0202237 -0.679629
2 77 -0.0326653 -0.679629
0 78 -0.160192 -0.486784
1 78 -0.166413 -0.486784
2 78 -0.178854 -0.483673
0 79 -0.232768 -0.398656
1 79 -0.240544 -0.398656
2 79 -0.259725 -0.390361
0 80 -0.231731 -0.486784
1 80 -0.241062 -0.486784
2 80 -0.256614 -0.483673
0 81 -0.152727 -0.484918
1 81 -0.156459 -0.481185
2 81 -0.171389 -0.481185
0 82 -0.0370199 -0.712599
1 82 -0.0407523 -0.712599
2 82 -0.0556823 -0.712599
0 83 -0.0332874 -0.697669
1 83 -0.0370199 -0.697669
2 83 -0.0519498 -0.697669
0 84 0.0450947 -0.798446
1 84 0.0413623 -0.798446
2 84 0.0264323 -0.798446
0 85 0.0712221 -0.690204
1 85 0.0674896 -0.690204
2 85 0.0562922 -0.690204
0 86 -0.00716 -0.820841
1 86 -0.0108925 -0.820841
2 86 -0.0258224 -0.820841
0 87 0.222388 -0.387251
1 87 0.222388 -0.384141
2 87 0.213056 -0.384141
0 88 -0.02209 -0.813376
1 88 -0.0258224 -0.813376
2 88 -0.0370199 -0.813376
0 89 -0.231731 -0.399693
1 89 -0.238574 -0.399071
2 89 -0.257236 -0.395338
0 90 0.0450947 -0.682739
1 90 0.0413623 -0.682739
2 90 0.0301648 -0.682739
0 91 -0.0388861 -0.832038
1 91 -0.0419965 -0.832038
2 91 -0.0556823 -0.832038
0 92 0.078687 -0.817108
1 92 0.0749546 -0.817108
2 92 0.0600246 -0.817108
0 93 0.0450947 -0.820841
1 93 0.0413623 -0.820841
2 93 0.0264323 -0.820841
