87
0 0 0.00833333 -0.725
1 0 0.00875003 -0.72375
2 0 -0.00520833 -0.720833
0 1 -0.0322917 -0.451042
1 1 -0.0333333 -0.45
2 1 -0.0489583 -0.447917
0 2 0.0500001 -0.5825
1 2 0.0500001 -0.58125
2 2 0.035 -0.57875
0 3 0.0305 -0.6715
1 3 0.0312501 -0.67
2 3 0.015 -0.66625
0 4 -0.16875 -0.69125
1 4 -0.16625 -0.69125
2 4 -0.18125 -0.69
0 5 0.00833333 -0.725
1 5 0.00875003 -0.72375
2 5 -0.00499999 -0.72125
0 6 0.23375 -0.305
1 6 0.236 -0.2995
2 6 0.2225 -0.29625
0 7 -0.0324999 -0.45125
1 7 -0.0324999 -0.45
2 7 -0.04875 -0.4475
0 8 -0.1465 -0.6895
1 8 -0.145 -0.6895
2 8 -0.16 -0.688
0 9 -0.1495 -0.718
1 9 -0.1465 -0.718
2 9 -0.1615 -0.7165
0 10 0.0725001 -0.6745
1 10 0.074 -0.673
2 10 0.059 -0.67
0 11 0.326 -0.805
1 11 0.335 -0.8005
2 11 0.3275 -0.796
0 12 0.0500001 -0.583
1 12 0.0500001 -0.5815
2 12 0.035 -0.5785
0 13 0.077 -0.5875
1 13 0.077 -0.586
2 13 0.062 -0.583
0 14 0.00800006 -0.7255
1 14 0.00950006 -0.724
2 14 -0.00549997 -0.721
0 15 -0.543808 -0.569728
1 15 -0.5464 -0.57232
2 15 -0.5665 -0.571
0 16 0.0725001 -0.5815
1 16 0.0725001 -0.58
2 16 0.0575 -0.577
0 17 -0.178 -0.6925
1 17 -0.175 -0.6925
2 17 -0.19 -0.6925
0 18 0.0305 -0.6715
1 18 0.032 -0.67
2 18 0.0155001 -0.667
0 19 0.233 -0.304
1 19 0.235 -0.3
2 19 0.221 -0.295
0 20 0.00800012 -0.7264
1 20 0.00980008 -0.7246
2 20 -0.00459989 -0.721
0 21 0.0170001 -0.6724
1 21 0.0170001 -0.6724
2 21 0.0026001 -0.6688
0 22 0.0188001 -0.5932
1 22 0.0188001 -0.5914
2 22 0.00440013 -0.5896
0 23 -0.1486 -0.7192
1 23 -0.1468 -0.7192
2 23 -0.1612 -0.7174
0 24 -0.1468 -0.6886
1 24 -0.145 -0.6904
2 24 -0.1594 -0.6886
0 25 -0.1504 -0.6886
1 25 -0.1504 -0.6904
2 25 -0.1648 -0.6886
0 26 -0.1432 -0.6904
1 26 -0.1414 -0.6904
2 26 -0.1558 -0.6904
0 27 -0.1702 -0.6922
1 27 -0.1684 -0.6922
2 27 -0.1828 -0.6904
0 28 -0.1414 -0.694
1 28 -0.1396 -0.694
2 28 -0.154 -0.694
0 29 -0.172 -0.6976
1 29 -0.1702 -0.6976
2 29 -0.1846 -0.6958
0 30 0.0296001 -0.6706
1 30 0.0314001 -0.6688
2 30 0.0152001 -0.667
0 31 0.0782001 -0.6706
1 31 0.0782001 -0.6688
2 31 0.0638001 -0.6652
0 32 -0.543808 -0.569728
1 32 -0.5455 -0.5725
2 32 -0.5662 -0.5716
0 33 0.0512001 -0.5788
1 33 0.0512001 -0.577
2 33 0.0350001 -0.5752
0 34 0.0728001 -0.5824
1 34 0.0728001 -0.5806
2 34 0.0584001 -0.577
0 35 0.0242001 -0.5806
1 35 0.0242001 -0.5788
2 35 0.00800012 -0.577
0 36 -0.163 -0.3016
1 36 -0.1648 -0.2998
2 36 -0.1828 -0.2962
0 37 -0.1666 -0.7156
1 37 -0.1648 -0.7174
2 37 -0.1792 -0.7156
0 38 0.233 -0.304
1 38 0.2348 -0.2998
2 38 0.2204 -0.2944
0 39 -0.1468 -0.71272
1 39 -0.14464 -0.71272
2 39 -0.15976 -0.71056
0 40 0.0238401 -0.58096
1 40 0.0238401 -0.5788
2 40 0.00872014 -0.57664
0 41 0.0432802 -0.58744
1 41 0.0432802 -0.58528
2 41 0.0281602 -0.58312
0 42 0.00872014 -0.72784
1 42 0.0108802 -0.725248
2 42 -0.00423985 -0.72136
0 43 0.23336 -0.30448
1 43 0.2348 -0.2998
2 43 0.2204 -0.29368
0 44 0.0346401 -0.5788
1 44 0.0346401 -0.57664
2 44 0.0195201 -0.57448
0 45 0.0195201 -0.59176
1 45 0.0195201 -0.5896
2 45 0.00440013 -0.5896
0 46 0.0173601 -0.67384
1 46 0.0173601 -0.67168
2 46 0.00224012 -0.66952
0 47 0.0195201 -0.60688
1 47 0.0195201 -0.60472
2 47 0.00440013 -0.60256
0 48 -0.14896 -0.7192
1 48 -0.1468 -0.7192
2 48 -0.16192 -0.71704
0 49 -0.17056 -0.69112
1 49 -0.1684 -0.69112
2 49 -0.18352 -0.69112
0 50 -0.15328 -0.68896
1 50 -0.15112 -0.68896
2 50 -0.16624 -0.68896
0 51 -0.1468 -0.68896
1 51 -0.14464 -0.68896
2 51 -0.15976 -0.68896
0 52 -0.543808 -0.569728
1 52 -0.5464 -0.57232
2 52 -0.567136 -0.57232
0 53 -0.160192 -0.71488
1 53 -0.1576 -0.71488
2 53 -0.173152 -0.71488
0 54 0.0186562 -0.608608
1 54 0.0186562 -0.606016
2 54 0.00310421 -0.603424
0 55 0.23336 -0.30448
1 55 0.233792 -0.30016
2 55 0.220832 -0.294976
0 56 -0.162784 -0.30016
1 56 -0.162784 -0.30016
2 56 -0.180928 -0.294976
0 57 0.0756803 -0.582688
1 57 0.0756803 -0.580096
2 57 0.0601283 -0.577504
0 58 0.0238403 -0.600832
1 58 0.0238403 -0.59824
2 58 0.00828826 -0.595648
0 59 -0.149824 -0.717472
1 59 -0.147232 -0.717472
2 59 -0.162784 -0.717472
0 60 0.0186562 -0.593056
1 60 0.0186562 -0.590464
2 60 0.00310421 -0.587872
0 61 -0.554176 -0.738208
1 61 -0.55504 -0.74296
2 61 -0.574912 -0.745984
0 62 0.119744 -0.725248
1 62 0.119744 -0.720064
2 62 0.106784 -0.720064
0 63 0.0238403 -0.580096
1 63 0.0238403 -0.580096
2 63 0.00828826 -0.577504
0 64 -0.175744 -0.717472
1 64 -0.173152 -0.717472
2 64 -0.186112 -0.717472
0 65 0.0202115 -0.589427
1 65 0.0202115 -0.586317
2 65 0.00465946 -0.583206
0 66 -0.150861 -0.716954
1 66 -0.14775 -0.716954
2 66 -0.163302 -0.716954
0 67 -0.178854 -0.695181
1 67 -0.172633 -0.695181
2 67 -0.188185 -0.69207
0 68 0.0171011 -0.60809
1 68 0.0171011 -0.60809
2 68 0.00154908 -0.604979
0 69 0.0699778 -0.676518
1 69 0.0730883 -0.673408
2 69 0.0575363 -0.670297
0 70 0.0233219 -0.598758
1 70 0.0233219 -0.598758
2 70 0.0077699 -0.595648
0 71 0.0357635 -0.673408
1 71 0.0357635 -0.673408
2 71 0.0202115 -0.670297
0 72 0.231719 -0.30327
1 72 0.233792 -0.30016
2 72 0.219277 -0.293939
0 73 0.0171011 -0.673408
1 73 0.0171011 -0.673408
2 73 0.00154908 -0.670297
0 74 -0.163302 -0.30016
1 74 -0.162784 -0.30016
2 74 -0.181965 -0.293939
0 75 -0.544637 -0.570765
1 75 -0.5464 -0.57232
2 75 -0.567654 -0.570765
0 76 0.0761987 -0.583206
1 76 0.0761987 -0.580096
2 76 0.0606467 -0.576985
0 77 0.086152 -0.679007
1 77 0.0898844 -0.675274
2 77 0.0712221 -0.671542
0 78 0.0376298 -0.675274
1 78 0.0376298 -0.671542
2 78 0.0226998 -0.671542
0 79 0.0115024 -0.731261
1 79 0.0115024 -0.731261
2 79 -0.00342757 -0.727529
0 80 0.0712221 -0.589427
1 80 0.0749546 -0.589427
2 80 0.0562922 -0.585695
0 81 0.231719 -0.30327
1 81 0.231719 -0.30016
2 81 0.216789 -0.294561
0 82 -0.163924 -0.302026
1 82 -0.163924 -0.302026
2 82 -0.182587 -0.294561
0 83 0.0413623 -0.570765
1 83 0.0413623 -0.570765
2 83 0.0264323 -0.567032
0 84 -0.152727 -0.716331
1 84 -0.148994 -0.720064
2 84 -0.163924 -0.716331
0 85 -0.175122 -0.705134
1 85 -0.171389 -0.705134
2 85 -0.186319 -0.705134
0 86 0.0413623 -0.59316
1 86 0.0413623 -0.589427
2 86 0.0264323 -0.585695
