84
0 0 -0.111458 -0.729167
1 0 -0.110417 -0.728125
2 0 -0.116667 -0.726042
0 1 0.02 -0.4325
1 1 0.02 -0.43125
2 1 0.0177083 -0.428125
0 2 -0.04875 -0.59875
1 2 -0.04875 -0.5975
2 2 -0.05375 -0.59625
0 3 -0.07875 -0.57125
1 3 -0.08 -0.57125
2 3 -0.08375 -0.56875
0 4 -0.0725 -0.57
1 4 -0.07375 -0.5675
2 4 -0.0775 -0.56625
0 5 -0.0512499 -0.60125
1 5 -0.0512499 -0.60125
2 5 -0.0562499 -0.59875
0 6 -0.29125 -0.70625
1 6 -0.2875 -0.70625
2 6 -0.29375 -0.7025
0 7 0.0185 -0.4315
1 7 0.0197917 -0.43125
2 7 0.01625 -0.4275
0 8 -0.1105 -0.73
1 8 -0.1105 -0.7285
2 8 -0.11625 -0.72625
0 9 -0.052 -0.6025
1 9 -0.052 -0.601
2 9 -0.0565 -0.5995
0 10 -0.1015 -0.595
1 10 -0.1015 -0.595
2 10 -0.106 -0.5905
0 11 -0.2935 -0.712
1 11 -0.2935 -0.712
2 11 -0.2995 -0.709
0 12 -0.1105 -0.73
1 12 -0.1105 -0.7285
2 12 -0.1165 -0.727
0 13 -0.2935 -0.7315
1 13 -0.2935 -0.7315
2 13 -0.2995 -0.7285
0 14 -0.0475 -0.5785
1 14 -0.0475 -0.577
2 14 -0.052 -0.5755
0 15 -0.091 -0.667
1 15 -0.091 -0.6655
2 15 -0.097 -0.6625
0 16 -0.1054 -0.5878
1 16 -0.1054 -0.5878
2 16 -0.1108 -0.5842
0 17 -0.3232 -0.7426
1 17 -0.325 -0.7426
2 17 -0.3304 -0.739
0 18 -0.316 -0.7408
1 18 -0.316 -0.7426
2 18 -0.3214 -0.739
0 19 -0.1108 -0.73
1 19 -0.1108 -0.73
2 19 -0.1162 -0.7264
0 20 -0.0711999 -0.5716
1 20 -0.0729999 -0.5698
2 20 -0.0765999 -0.568
0 21 -0.0837999 -0.5788
1 21 -0.0837999 -0.5788
2 21 -0.0891999 -0.5752
0 22 -0.2818 -0.7138
1 22 -0.2818 -0.7138
2 22 -0.2872 -0.7102
0 23 -0.3142 -0.7102
1 23 -0.316 -0.712
2 23 -0.3214 -0.7066
0 24 -0.2872 -0.7066
1 24 -0.289 -0.7066
2 24 -0.2944 -0.703
0 25 0.0188001 -0.433
1 25 0.0188001 -0.4312
2 25 0.0152001 -0.4276
0 26 -0.0909999 -0.667
1 26 -0.0909999 -0.6652
2 26 -0.0963999 -0.6634
0 27 -0.0474399 -0.5788
1 27 -0.0474399 -0.5788
2 27 -0.0517598 -0.57664
0 28 -0.29152 -0.71488
1 28 -0.29152 -0.71488
2 28 -0.298 -0.71056
0 29 -0.29584 -0.7084
1 29 -0.29584 -0.7084
2 29 -0.30232 -0.70408
0 30 -0.10576 -0.66952
1 30 -0.10576 -0.66952
2 30 -0.11008 -0.66736
0 31 -0.2872 -0.7084
1 31 -0.28936 -0.7084
2 31 -0.29368 -0.70408
0 32 0.1574 -0.2512
1 32 0.15992 -0.24616
2 32 0.16208 -0.24184
0 33 -0.1108 -0.73
1 33 -0.11008 -0.73
2 33 -0.1144 -0.72784
0 34 -0.0711999 -0.57016
1 34 -0.0711999 -0.57016
2 34 -0.0755199 -0.568
0 35 -0.0884799 -0.57232
1 35 -0.0884799 -0.57016
2 35 -0.0927999 -0.568
0 36 -0.32176 -0.7408
1 36 -0.32392 -0.74296
2 36 -0.3304 -0.73864
0 37 -0.0841599 -0.5788
1 37 -0.0841599 -0.5788
2 37 -0.0884799 -0.57664
0 38 -0.10576 -0.58744
1 38 -0.10576 -0.58528
2 38 -0.11008 -0.58312
0 39 -0.0999999 -0.667
1 39 -0.0971199 -0.6652
2 39 -0.1036 -0.66088
0 40 -0.1468 -0.6436
1 40 -0.1468 -0.6436
2 40 -0.15112 -0.64144
0 41 -0.100576 -0.595648
1 41 -0.100576 -0.593056
2 41 -0.10576 -0.590464
0 42 -0.323488 -0.7408
1 42 -0.323488 -0.743392
2 42 -0.328672 -0.738208
0 43 -0.289792 -0.7408
1 43 -0.292384 -0.7408
2 43 -0.297568 -0.738208
0 44 -0.294976 -0.707104
1 44 -0.297049 -0.707622
2 44 -0.302752 -0.704512
0 45 -0.108352 -0.730432
1 45 -0.11008 -0.73
2 45 -0.113536 -0.72784
0 46 -0.315712 -0.712288
1 46 -0.315712 -0.712288
2 46 -0.323488 -0.707104
0 47 -0.318304 -0.733024
1 47 -0.320896 -0.733024
2 47 -0.32608 -0.730432
0 48 -0.108352 -0.738208
1 48 -0.107315 -0.735616
2 48 -0.113536 -0.735616
0 49 0.15776 -0.25048
1 49 0.161216 -0.245728
2 49 0.161216 -0.240544
0 50 -0.333856 -0.258688
1 50 -0.33904 -0.253504
2 50 -0.341632 -0.24832
0 51 -0.0461438 -0.57232
1 51 -0.0461438 -0.57232
2 51 -0.0513278 -0.569728
0 52 -0.0642878 -0.574912
1 52 -0.0642878 -0.57232
2 52 -0.0694718 -0.569728
0 53 -0.0694718 -0.57232
1 53 -0.0694718 -0.569728
2 53 -0.0746558 -0.567136
0 54 -0.101094 -0.592537
1 54 -0.101094 -0.592537
2 54 -0.107315 -0.589427
0 55 -0.297049 -0.707622
1 55 -0.297049 -0.707622
2 55 -0.30327 -0.704512
0 56 -0.293939 -0.720064
1 56 -0.293939 -0.720064
2 56 -0.30016 -0.716954
0 57 -0.284608 -0.726285
1 57 -0.284608 -0.726285
2 57 -0.290829 -0.723174
0 58 -0.312601 -0.738726
1 58 -0.312601 -0.738726
2 58 -0.318822 -0.735616
0 59 -0.290829 -0.741837
1 59 -0.290829 -0.741837
2 59 -0.297049 -0.738726
0 60 -0.107315 -0.729395
1 60 -0.107315 -0.729395
2 60 -0.113536 -0.726285
0 61 -0.306381 -0.710733
1 61 -0.306381 -0.710733
2 61 -0.312601 -0.707622
0 62 -0.0824317 -0.561433
1 62 -0.0824317 -0.561433
2 62 -0.0886525 -0.558323
0 63 -0.30327 -0.738726
1 63 -0.30327 -0.738726
2 63 -0.309491 -0.735616
0 64 -0.0264446 -0.667187
1 64 -0.0264446 -0.667187
2 64 -0.0326653 -0.664077
0 65 -0.0482173 -0.573875
1 65 -0.0482173 -0.570765
2 65 -0.0513278 -0.567654
0 66 -0.321933 -0.741837
1 66 -0.318822 -0.741837
2 66 -0.325043 -0.738726
0 67 0.153959 -0.250393
1 67 0.157069 -0.246039
2 67 0.16018 -0.241062
0 68 -0.0892746 -0.574497
1 68 -0.0892746 -0.570765
2 68 -0.0930071 -0.570765
0 69 -0.0855421 -0.667809
1 69 -0.0855421 -0.667809
2 69 -0.0892746 -0.664077
0 70 -0.0519498 -0.581962
1 70 -0.0519498 -0.581962
2 70 -0.0556823 -0.57823
0 71 -0.305759 -0.742459
1 71 -0.305759 -0.742459
2 71 -0.309491 -0.738726
0 72 -0.290829 -0.742459
1 72 -0.290829 -0.742459
2 72 -0.298294 -0.738726
0 73 -0.0519498 -0.671542
1 73 -0.0482173 -0.667809
2 73 -0.0556823 -0.667809
0 74 -0.283364 -0.723796
1 74 -0.283364 -0.723796
2 74 -0.290829 -0.720064
0 75 -0.290829 -0.708866
1 75 -0.290829 -0.708866
2 75 -0.298294 -0.705134
0 76 -0.320688 -0.712599
1 76 -0.320688 -0.712599
2 76 -0.324421 -0.708866
0 77 -0.283364 -0.716331
1 77 -0.283364 -0.716331
2 77 -0.290829 -0.712599
0 78 -0.328153 -0.716331
1 78 -0.328153 -0.716331
2 78 -0.335618 -0.712599
0 79 -0.290829 -0.720064
1 79 -0.290829 -0.720064
2 79 -0.298294 -0.716331
0 80 0.153959 -0.250393
1 80 0.157069 -0.246039
2 80 0.160802 -0.242306
0 81 -0.334374 -0.256614
1 81 -0.339351 -0.253504
2 81 -0.343083 -0.249771
0 82 -0.0818097 -0.5633
1 82 -0.0818097 -0.5633
2 82 -0.0892746 -0.559567
0 83 -0.0519498 -0.5633
1 83 -0.0519498 -0.5633
2 83 -0.0556823 -0.559567
