60
0 0 -0.085 -0.67125
1 0 -0.0510417 -0.675
2 0 -0.035 -0.675
0 1 -0.16 -0.433
1 1 -0.124 -0.436
2 1 -0.11625 -0.43625
0 2 -0.1045 -0.739
1 2 -0.07125 -0.7425
2 2 -0.05375 -0.74375
0 3 -0.0675 -0.57125
1 3 -0.0309999 -0.574
2 3 -0.0199999 -0.57375
0 4 -0.04 -0.67375
1 4 6.35783e-08 -0.675
2 4 0.0125001 -0.67625
0 5 -0.0865 -0.6715
1 5 -0.0512499 -0.675
2 5 -0.0355 -0.6745
0 6 -0.16 -0.433
1 6 -0.1234 -0.4348
2 6 -0.1165 -0.436
0 7 -0.0669999 -0.571
1 7 -0.0309999 -0.574
2 7 -0.019 -0.574
0 8 -0.3325 -0.73
1 8 -0.2965 -0.736
2 8 -0.286 -0.7405
0 9 -0.1045 -0.739
1 9 -0.07125 -0.7425
2 9 -0.0505 -0.7435
0 10 -0.1045 -0.739
1 10 -0.07125 -0.7425
2 10 -0.0535 -0.7435
0 11 -0.043 -0.5755
1 11 -0.00399996 -0.577
2 11 0.00650005 -0.577
0 12 -0.0415 -0.6655
1 12 -0.00249996 -0.6685
2 12 0.0110001 -0.6685
0 13 0.0314001 -0.4276
1 13 0.0674001 -0.4294
2 13 0.077 -0.427
0 14 0.2078 -0.2188
1 14 0.24848 -0.21376
2 14 0.2582 -0.208
0 15 -0.0783999 -0.5824
1 15 -0.0405999 -0.5842
2 15 -0.0297999 -0.5842
0 16 -0.2944 -0.7192
1 16 -0.2584 -0.7246
2 16 -0.2476 -0.73
0 17 -0.1054 -0.739
1 17 -0.0699999 -0.7435
2 17 -0.0531999 -0.7444
0 18 -0.0865 -0.6715
1 18 -0.052 -0.6745
2 18 -0.0351999 -0.6742
0 19 -0.1036 -0.7408
1 19 -0.0693999 -0.7444
2 19 -0.0539199 -0.74512
0 20 -0.30232 -0.7192
1 20 -0.2656 -0.72568
2 20 -0.2548 -0.73
0 21 -0.0431199 -0.58096
1 21 -0.00423985 -0.58528
2 21 0.00656013 -0.58312
0 22 -0.0560799 -0.57664
1 22 -0.0193598 -0.5788
2 22 -0.00855986 -0.5788
0 23 -0.32608 -0.75808
1 23 -0.2872 -0.7624
2 23 -0.27856 -0.76888
0 24 0.20744 -0.21808
1 24 0.24848 -0.21376
2 24 0.25712 -0.20728
0 25 -0.15976 -0.43192
1 25 -0.12304 -0.43408
2 25 -0.11656 -0.43624
0 26 0.0303202 -0.4276
1 26 0.0670401 -0.4276
2 26 0.0756802 -0.4276
0 27 -0.0323199 -0.65656
1 27 0.00440013 -0.66088
2 27 0.0173601 -0.65872
0 28 -0.0979838 -0.673408
1 28 -0.0616958 -0.676
2 28 -0.0487357 -0.678592
0 29 -0.294976 -0.720064
1 29 -0.258688 -0.725248
2 29 -0.24832 -0.730432
0 30 -0.302752 -0.720064
1 30 -0.263872 -0.725248
2 30 -0.256096 -0.730432
0 31 -0.297568 -0.72784
1 31 -0.26128 -0.733024
2 31 -0.250912 -0.738208
0 32 -0.30016 -0.735616
1 32 -0.263872 -0.7408
2 32 -0.253504 -0.745984
0 33 -0.294976 -0.748576
1 33 -0.258688 -0.75376
2 33 -0.24832 -0.758944
0 34 -0.0824318 -0.574912
1 34 -0.0461438 -0.577504
2 34 -0.0331838 -0.577504
0 35 -0.0902078 -0.668224
1 35 -0.0539198 -0.673408
2 35 -0.0409598 -0.673408
0 36 -0.0409598 -0.574912
1 36 -0.00207977 -0.577504
2 36 0.00828826 -0.577504
0 37 0.20744 -0.21808
1 37 0.249344 -0.214624
2 37 0.25712 -0.206848
0 38 -0.0331838 -0.668224
1 38 0.00569623 -0.670816
2 38 0.0186562 -0.670816
0 39 -0.0798398 -0.564544
1 39 -0.0409598 -0.567136
2 39 -0.0305918 -0.567136
0 40 0.207872 -0.219808
1 40 0.247271 -0.213069
2 40 0.256602 -0.206848
0 41 -0.101094 -0.604979
1 41 -0.0637693 -0.60809
2 41 -0.0513278 -0.60809
0 42 -0.30327 -0.720064
1 42 -0.265945 -0.726285
2 42 -0.256614 -0.729395
0 43 -0.315712 -0.726285
1 43 -0.278387 -0.729395
2 43 -0.269056 -0.735616
0 44 -0.0793214 -0.583206
1 44 -0.0419965 -0.586317
2 44 -0.0295549 -0.586317
0 45 -0.0419965 -0.673408
1 45 -0.00467173 -0.676518
2 45 0.0077699 -0.676518
0 46 -0.0793214 -0.564544
1 46 -0.0419965 -0.567654
2 46 -0.0295549 -0.567654
0 47 -0.0824317 -0.573875
1 47 -0.0482173 -0.576985
2 47 -0.0357758 -0.576985
0 48 -0.104205 -0.748058
1 48 -0.0711999 -0.7516
2 48 -0.0513278 -0.754278
0 49 0.0139907 -0.726285
1 49 0.0513155 -0.729395
2 49 0.0668674 -0.729395
0 50 0.205591 -0.219911
1 50 0.246649 -0.216179
2 50 0.254114 -0.208714
0 51 -0.100472 -0.675274
1 51 -0.0594147 -0.679007
2 51 -0.0482173 -0.682739
0 52 -0.356147 -0.231731
1 52 -0.324421 -0.238574
2 52 -0.324421 -0.238574
0 53 -0.0444848 -0.675274
1 53 -0.00342757 -0.679007
2 53 0.0077699 -0.679007
0 54 -0.0818097 -0.675274
1 54 -0.0444848 -0.675274
2 54 -0.0295549 -0.675274
0 55 -0.316956 -0.723796
1 55 -0.279631 -0.727529
2 55 -0.268434 -0.734994
0 56 -0.0967396 -0.596892
1 56 -0.0594147 -0.600625
2 56 -0.0482173 -0.600625
0 57 -0.328153 -0.738726
1 57 -0.290829 -0.742459
2 57 -0.283364 -0.749924
0 58 -0.0818097 -0.574497
1 58 -0.0482173 -0.57823
2 58 -0.0370199 -0.57823
0 59 -0.0780772 -0.5633
1 59 -0.0407523 -0.567032
2 59 -0.0295549 -0.567032
