35
0 0 -0.0166667 -0.719792
1 0 -0.0333333 -0.720833
2 0 -0.05 -0.720833
0 1 -0.01625 -0.72
1 1 -0.0333333 -0.720833
2 1 -0.05 -0.722917
0 2 -0.01625 -0.72
1 2 -0.0333333 -0.720833
2 2 -0.0499999 -0.72125
0 3 0.215 -0.295
1 3 0.20625 -0.295
2 3 0.191 -0.2935
0 4 -0.01625 -0.72
1 4 -0.0324999 -0.72125
2 4 -0.0505 -0.721
0 5 -0.0171999 -0.721
1 5 -0.0324999 -0.7225
2 5 -0.0495999 -0.7228
0 6 0.0512001 -0.6652
1 6 0.0422001 -0.6652
2 6 0.0206001 -0.6652
0 7 0.21608 -0.29368
1 7 0.203725 -0.293939
2 7 0.1916 -0.2926
0 8 -0.0171998 -0.72136
1 8 -0.0333999 -0.7228
2 8 -0.0495998 -0.72352
0 9 0.0476002 -0.66952
1 9 0.0368001 -0.66952
2 9 0.0152002 -0.66952
0 10 0.0476002 -0.57664
1 10 0.0389601 -0.57664
2 10 0.0173601 -0.57664
0 11 -0.19 -0.29152
1 11 -0.19864 -0.2872
2 11 -0.22024 -0.28504
0 12 0.21608 -0.29368
1 12 0.206 -0.2944
2 12 0.19016 -0.29152
0 13 -0.188704 -0.292384
1 13 -0.19864 -0.2872
2 13 -0.219808 -0.284608
0 14 -0.0171998 -0.72136
1 14 -0.0279999 -0.72136
2 14 -0.0487357 -0.722656
0 15 0.0497602 -0.577504
1 15 0.0393922 -0.577504
2 15 0.0186562 -0.577504
0 16 0.0497602 -0.582688
1 16 0.0393922 -0.58528
2 16 0.0186562 -0.58528
0 17 -0.17056 -0.686368
1 17 -0.186112 -0.686368
2 17 -0.206848 -0.686368
0 18 0.0171011 -0.583206
1 18 0.00465946 -0.583206
2 18 -0.0140029 -0.583206
0 19 0.0450947 -0.670297
1 19 0.0357635 -0.670297
2 19 0.0139907 -0.670297
0 20 -0.175744 -0.713843
1 20 -0.188185 -0.713843
2 20 -0.209958 -0.713843
0 21 0.0482051 -0.576985
1 21 0.0388739 -0.576985
2 21 0.0171011 -0.576985
0 22 -0.00467173 -0.595648
1 22 -0.0171134 -0.595648
2 22 -0.0357758 -0.595648
0 23 -0.188185 -0.290829
1 23 -0.197517 -0.284608
2 23 -0.219289 -0.284608
0 24 0.21608 -0.29368
1 24 0.201859 -0.290829
2 24 0.188173 -0.290829
0 25 0.0139907 -0.564544
1 25 0.00465946 -0.564544
2 25 -0.0171134 -0.564544
0 26 -0.175122 -0.686472
1 26 -0.186319 -0.686472
2 26 -0.208714 -0.686472
0 27 0.0450947 -0.671542
1 27 0.0338973 -0.671542
2 27 0.0115024 -0.671542
0 28 0.213056 -0.293939
1 28 0.201859 -0.290829
2 28 0.186929 -0.290829
0 29 0.0450947 -0.567032
1 29 0.0338973 -0.567032
2 29 0.0152349 -0.567032
0 30 -0.190052 -0.290829
1 30 -0.197517 -0.287096
2 30 -0.219911 -0.287096
0 31 -0.00342757 -0.596892
1 31 -0.0183575 -0.596892
2 31 -0.0370199 -0.596892
0 32 0.0152349 -0.567032
1 32 0.0077699 -0.567032
2 32 -0.014625 -0.567032
0 33 -0.178854 -0.705134
1 33 -0.190052 -0.705134
2 33 -0.212446 -0.705134
0 34 -0.0171998 -0.72784
1 34 -0.0930071 -0.843236
2 34 -0.111669 -0.843236
