64
0 0 -0.003125 -0.671875
1 0 0.00833333 -0.673958
2 0 0.00416667 -0.672917
0 1 -0.170833 -0.684375
1 1 -0.161458 -0.6875
2 1 -0.167708 -0.686458
0 2 -0.229 -0.4885
1 2 -0.225 -0.49
2 2 -0.23375 -0.48625
0 3 0.0695001 -0.814
1 3 0.08375 -0.81625
2 3 0.0800001 -0.81625
0 4 0.03375 -0.68
1 4 0.04625 -0.68
2 4 0.0425001 -0.68
0 5 0.0612501 -0.67375
1 5 0.0739583 -0.672917
2 5 0.0700001 -0.67375
0 6 0.2135 -0.3955
1 6 0.224 -0.391
2 6 0.22375 -0.38875
0 7 0.0335 -0.6805
1 7 0.0455001 -0.6805
2 7 0.0425001 -0.6805
0 8 -0.013 -0.7465
1 8 0.000500043 -0.7495
2 8 -0.00249996 -0.748
0 9 0.038 -0.8125
1 9 0.0515001 -0.814
2 9 0.0485001 -0.814
0 10 -0.1405 -0.7975
1 10 -0.13 -0.8005
2 10 -0.136 -0.8005
0 11 0.0695001 -0.814
1 11 0.08375 -0.81625
2 11 0.0800001 -0.8155
0 12 0.0395 -0.7945
1 12 0.0545001 -0.796
2 12 0.0500001 -0.796
0 13 0.2135 -0.3955
1 13 0.224 -0.391
2 13 0.224 -0.388
0 14 -0.0405999 -0.7084
1 14 -0.0279999 -0.712
2 14 -0.0315999 -0.7102
0 15 -0.00819988 -0.6886
1 15 0.00440013 -0.6904
2 15 0.000800069 -0.6904
0 16 -0.0117999 -0.748
1 16 0.000800069 -0.7498
2 16 -0.00279992 -0.748
0 17 0.2135 -0.3955
1 17 0.224 -0.3898
2 17 0.224 -0.388
0 18 -0.0333999 -0.8128
1 18 -0.0193598 -0.8164
2 18 -0.0243999 -0.8164
0 19 -0.2044 -0.9226
1 19 -0.1936 -0.9298
2 19 -0.2008 -0.9316
0 20 -0.0215199 -0.81424
1 20 -0.00855986 -0.8164
2 20 -0.0128799 -0.8164
0 21 8.01722e-05 -0.68248
1 21 0.00980008 -0.6832
2 21 0.00872014 -0.68464
0 22 0.0324802 -0.8056
1 22 0.0454402 -0.80776
2 22 0.0411201 -0.80776
0 23 -0.14248 -0.7948
1 23 -0.13168 -0.79912
2 23 -0.13816 -0.79912
0 24 -0.0305918 -0.813376
1 24 -0.0193598 -0.8164
2 24 -0.0236799 -0.8164
0 25 -0.0452799 -0.7192
1 25 -0.0323199 -0.72136
2 25 -0.0366398 -0.72136
0 26 -0.0171998 -0.66952
1 26 -0.00639985 -0.67168
2 26 -0.00855986 -0.67168
0 27 0.0389601 -0.81856
1 27 0.0519201 -0.82072
2 27 0.0476002 -0.82072
0 28 -0.00423985 -0.76888
1 28 0.00872014 -0.77104
2 28 0.00440013 -0.77104
0 29 0.2132 -0.3952
1 29 0.22256 -0.38872
2 29 0.22256 -0.38656
0 30 0.0627202 -0.62416
1 30 0.0735202 -0.62416
2 30 0.0713601 -0.622
0 31 -0.0435518 -0.68896
1 31 -0.0305918 -0.691552
2 31 -0.0357758 -0.691552
0 32 0.213056 -0.393472
1 32 0.22256 -0.38872
2 32 0.223424 -0.385696
0 33 -0.0305918 -0.813376
1 33 -0.0193598 -0.8164
2 33 -0.0228158 -0.815968
0 34 0.0368003 -0.81856
1 34 0.0497602 -0.821152
2 34 0.0471682 -0.81856
0 35 -0.17056 -0.68896
1 35 -0.162784 -0.691552
2 35 -0.167968 -0.691552
0 36 -0.00207977 -0.790048
1 36 0.0108802 -0.79264
2 36 0.00828826 -0.79264
0 37 0.0575363 -0.808192
1 37 0.0704962 -0.810784
2 37 0.0679043 -0.810784
0 38 -0.142048 -0.795232
1 38 -0.13168 -0.797824
2 38 -0.136864 -0.797824
0 39 0.0342082 -0.68896
1 39 0.0471682 -0.68896
2 39 0.0445763 -0.68896
0 40 0.0549442 -0.803008
1 40 0.0679043 -0.8056
2 40 0.0653123 -0.8056
0 41 0.00051225 -0.764128
1 41 0.0160643 -0.76672
2 41 0.0108802 -0.76672
0 42 0.0627202 -0.62416
1 42 0.0735202 -0.62416
2 42 0.0704962 -0.626752
0 43 -0.00467173 -0.769312
1 43 0.00828826 -0.771904
2 43 0.00569623 -0.771904
0 44 0.0139907 -0.679629
1 44 0.0264323 -0.682739
2 44 0.0233219 -0.682739
0 45 0.0357635 -0.816486
1 45 0.0482051 -0.819597
2 45 0.0450947 -0.819597
0 46 0.0544259 -0.804045
1 46 0.0668674 -0.807155
2 46 0.0637571 -0.807155
0 47 -0.0482173 -0.828928
1 47 -0.0357758 -0.832038
2 47 -0.0388861 -0.832038
0 48 0.00154908 -0.676518
1 48 0.0139907 -0.676518
2 48 0.0108803 -0.676518
0 49 -0.224992 -0.406432
1 49 -0.22551 -0.402803
2 49 -0.231731 -0.399693
0 50 0.213056 -0.396064
1 50 0.222388 -0.390361
2 50 0.222388 -0.387251
0 51 -0.163302 -0.489894
1 51 -0.157081 -0.489894
2 51 -0.160192 -0.486784
0 52 0.0482051 -0.791603
1 52 0.0606467 -0.794714
2 52 0.0575363 -0.794714
0 53 0.0562922 -0.805911
1 53 0.0674896 -0.809643
2 53 0.0637571 -0.809643
0 54 -0.145262 -0.805911
1 54 -0.134064 -0.809643
2 54 -0.141529 -0.809643
0 55 -0.0444848 -0.679007
1 55 -0.0332874 -0.679007
2 55 -0.0370199 -0.679007
0 56 0.0338973 -0.817108
1 56 0.0488272 -0.820841
2 56 0.0450947 -0.820841
0 57 -0.0482173 -0.828306
1 57 -0.0357758 -0.832038
2 57 -0.0407523 -0.832038
0 58 0.0338973 -0.794714
1 58 0.0488272 -0.798446
2 58 0.0450947 -0.798446
0 59 -0.223644 -0.406536
1 59 -0.223644 -0.406536
2 59 -0.231109 -0.402803
0 60 0.00403741 -0.679007
1 60 0.0152349 -0.679007
2 60 0.0115024 -0.679007
0 61 0.0674896 -0.813376
1 61 0.0824195 -0.817108
2 61 0.078687 -0.817108
0 62 0.213056 -0.393472
1 62 0.222388 -0.390361
2 62 0.220521 -0.387873
0 63 -0.0108925 -0.738726
1 63 0.00403741 -0.742459
2 63 0.000304921 -0.742459
