113
0 0 -0.0645833 -0.730208
1 0 -0.0604167 -0.7375
2 0 -0.053125 -0.740625
0 1 -0.214583 -0.730208
1 1 -0.211458 -0.7375
2 1 -0.203125 -0.739583
0 2 -0.0520833 -0.603125
1 2 -0.0479167 -0.610417
2 2 -0.0395833 -0.613542
0 3 -0.0552083 -0.583333
1 3 -0.0510417 -0.590625
2 3 -0.0427083 -0.59375
0 4 -0.028125 -0.583333
1 4 -0.0229167 -0.590625
2 4 -0.0145833 -0.59375
0 5 -0.235417 -0.730208
1 5 -0.23125 -0.7375
2 5 -0.223958 -0.739583
0 6 -0.11125 -0.46875
1 6 -0.10625 -0.473958
2 6 -0.0979167 -0.477083
0 7 -0.055 -0.58375
1 7 -0.0512499 -0.59125
2 7 -0.0425 -0.59375
0 8 -0.0324999 -0.58625
1 8 -0.02875 -0.59375
2 8 -0.0199999 -0.59625
0 9 0.00250003 -0.67125
1 9 0.00750001 -0.67875
2 9 0.015 -0.6825
0 10 -0.0645833 -0.730208
1 10 -0.06125 -0.7375
2 10 -0.0525 -0.74125
0 11 0.123958 -0.329167
1 11 0.129167 -0.334375
2 11 0.14 -0.3375
0 12 -0.5605 -0.6205
1 12 -0.556 -0.6265
2 12 -0.55 -0.625
0 13 -0.23875 -0.33625
1 13 -0.23375 -0.3425
2 13 -0.225 -0.34375
0 14 -0.235 -0.705
1 14 -0.23125 -0.7125
2 14 -0.22375 -0.71375
0 15 -0.2175 -0.7075
1 15 -0.21375 -0.71375
2 15 -0.20625 -0.71625
0 16 -0.24125 -0.70625
1 16 -0.23625 -0.71375
2 16 -0.23 -0.71625
0 17 -0.2375 -0.71
1 17 -0.23375 -0.71625
2 17 -0.22625 -0.71875
0 18 -0.5545 -0.6145
1 18 -0.55 -0.620833
2 18 -0.545 -0.62
0 19 -0.235 -0.7045
1 19 -0.232 -0.712
2 19 -0.2245 -0.7135
0 20 -0.2155 -0.73
1 20 -0.211 -0.7375
2 20 -0.2035 -0.739
0 21 -0.0654999 -0.73
1 21 -0.0609999 -0.7375
2 21 -0.0535 -0.7405
0 22 -0.217 -0.724
1 22 -0.2125 -0.73
2 22 -0.205 -0.733
0 23 -0.5554 -0.6148
1 23 -0.55125 -0.62125
2 23 -0.5455 -0.6205
0 24 -0.241 -0.7075
1 24 -0.2365 -0.7135
2 24 -0.229 -0.7165
0 25 -0.2095 -0.7075
1 25 -0.205 -0.715
2 25 -0.1975 -0.7165
0 26 -0.043 -0.6745
1 26 -0.0385 -0.6835
2 26 -0.0309999 -0.6865
0 27 -0.211 -0.7045
1 27 -0.2065 -0.712
2 27 -0.199 -0.7135
0 28 -0.22 -0.703
1 28 -0.2155 -0.709
2 28 -0.208 -0.712
0 29 -0.0264999 -0.589
1 29 -0.0219999 -0.5965
2 29 -0.013 -0.5995
0 30 -0.2365 -0.73
1 30 -0.232 -0.7375
2 30 -0.2245 -0.739
0 31 -0.0264999 -0.5845
1 31 -0.0219999 -0.592
2 31 -0.0145 -0.595
0 32 -0.097 -0.652
1 32 -0.091 -0.6595
2 32 -0.0835 -0.6625
0 33 0.00200005 -0.6715
1 33 0.00650005 -0.679
2 33 0.0155001 -0.6835
0 34 0.1235 -0.328
1 34 0.128 -0.334
2 34 0.14 -0.3385
0 35 0.2045 -0.7915
1 35 0.212 -0.8005
2 35 0.221 -0.8065
0 36 -0.0567999 -0.6778
1 36 -0.0531999 -0.685
2 36 -0.0441999 -0.6886
0 37 -0.2368 -0.712
1 37 -0.2314 -0.7192
2 37 -0.2242 -0.721
0 38 -0.0639999 -0.73
1 38 -0.0609999 -0.7375
2 38 -0.0531999 -0.7408
0 39 -0.2152 -0.73
1 39 -0.2116 -0.7372
2 39 -0.2044 -0.739
0 40 -0.2386 -0.3358
1 40 -0.2332 -0.3412
2 40 -0.2242 -0.343
0 41 -0.2242 -0.7048
1 41 -0.2188 -0.712
2 41 -0.2116 -0.7138
0 42 -0.5554 -0.6148
1 42 -0.55125 -0.62125
2 42 -0.5464 -0.6202
0 43 -0.2206 -0.703
1 43 -0.2152 -0.7102
2 43 -0.208 -0.712
0 44 -0.2152 -0.703
1 44 -0.2098 -0.7102
2 44 -0.2026 -0.712
0 45 -0.0567999 -0.6004
1 45 -0.0531999 -0.6076
2 45 -0.0441999 -0.6112
0 46 0.5225 -0.655
1 46 0.5408 -0.6652
2 46 0.5606 -0.6724
0 47 -0.5635 -0.757
1 47 -0.5605 -0.7645
2 47 -0.5572 -0.7642
0 48 0.1232 -0.3286
1 48 0.1286 -0.334
2 48 0.1394 -0.3376
0 49 -0.000999896 -0.6778
1 49 0.00440013 -0.685
2 49 0.0116001 -0.6886
0 50 -0.00459989 -0.5878
1 50 -0.000999896 -0.595
2 50 0.00800012 -0.5986
0 51 0.0152001 -0.667
1 51 0.0188001 -0.6742
2 51 0.0278001 -0.6778
0 52 -0.0495999 -0.6742
1 52 -0.0459999 -0.6814
2 52 -0.0369999 -0.685
0 53 -0.0963999 -0.6526
1 53 -0.0927999 -0.6598
2 53 -0.0837999 -0.6634
0 54 -0.1108 -0.4636
1 54 -0.1072 -0.4708
2 54 -0.0981999 -0.4744
0 55 0.12104 -0.32824
1 55 0.12752 -0.33472
2 55 0.13832 -0.33688
0 56 -0.21592 -0.73
1 56 -0.2116 -0.73648
2 56 -0.20512 -0.73864
0 57 -0.23968 -0.73
1 57 -0.23536 -0.73648
2 57 -0.22888 -0.73864
0 58 -0.0647199 -0.73216
1 58 -0.0603999 -0.739
2 58 -0.0517598 -0.74296
0 59 -0.22672 -0.72568
1 59 -0.2224 -0.73216
2 59 -0.21592 -0.73432
0 60 -0.21376 -0.72568
1 60 -0.20944 -0.73216
2 60 -0.20296 -0.73432
0 61 -0.22024 -0.70408
1 61 -0.21592 -0.71056
2 61 -0.20728 -0.71272
0 62 -0.0560799 -0.6004
1 62 -0.0517598 -0.60688
2 62 -0.0431199 -0.60904
0 63 -0.2116 -0.7192
1 63 -0.20728 -0.72568
2 63 -0.19864 -0.72784
0 64 -0.23752 -0.33472
1 64 -0.2332 -0.3412
2 64 -0.22456 -0.34336
0 65 -0.55936 -0.761536
1 65 -0.5572 -0.76888
2 65 -0.55288 -0.76888
0 66 -0.20944 -0.7084
1 66 -0.20512 -0.71488
2 66 -0.19864 -0.71704
0 67 -0.0560799 -0.61336
1 67 -0.0517598 -0.61984
2 67 -0.0431199 -0.62416
0 68 -0.0409599 -0.58528
1 68 -0.0366398 -0.59176
2 68 -0.0279999 -0.59608
0 69 -0.0495998 -0.67384
1 69 -0.0452799 -0.68032
2 69 -0.0366398 -0.68464
0 70 -0.0616958 -0.738208
1 70 -0.0603999 -0.7462
2 70 -0.0517598 -0.74944
0 71 0.00440013 -0.67384
1 71 0.00872014 -0.68032
2 71 0.0173601 -0.68464
0 72 -0.224992 -0.72784
1 72 -0.2224 -0.735616
2 72 -0.214624 -0.738208
0 73 -0.217216 -0.730432
1 73 -0.212032 -0.735616
2 73 -0.206848 -0.738208
0 74 -0.0331838 -0.595648
1 74 -0.0279998 -0.600832
2 74 -0.0202237 -0.606016
0 75 -0.0565118 -0.59824
1 75 -0.0513278 -0.606016
2 75 -0.0435518 -0.608608
0 76 0.5228 -0.65656
1 76 0.544832 -0.668224
2 76 0.562976 -0.673408
0 77 -0.00207977 -0.587872
1 77 0.00310421 -0.593056
2 77 0.0108802 -0.59824
0 78 -0.23752 -0.33472
1 78 -0.2332 -0.3412
2 78 -0.2224 -0.341632
0 79 -0.0565118 -0.678592
1 79 -0.0513278 -0.683776
2 79 -0.0435518 -0.68896
0 80 0.12104 -0.32824
1 80 0.12752 -0.333856
2 80 0.137888 -0.336448
0 81 0.0160643 -0.678592
1 81 0.0186562 -0.68896
2 81 0.0264322 -0.691552
0 82 -0.212032 -0.725248
1 82 -0.206848 -0.730432
2 82 -0.201664 -0.733024
0 83 -0.0616958 -0.738208
1 83 -0.0603999 -0.74512
2 83 -0.0513278 -0.748576
0 84 -0.00207977 -0.678592
1 84 0.00310421 -0.686368
2 84 0.0108802 -0.68896
0 85 -0.0647199 -0.73216
1 85 -0.0603999 -0.73864
2 85 -0.0513278 -0.743392
0 86 -0.0544381 -0.586317
1 86 -0.0513278 -0.592537
2 86 -0.0419965 -0.595648
0 87 -0.0616958 -0.738208
1 87 -0.0575485 -0.744947
2 87 -0.0513278 -0.748058
0 88 0.122336 -0.328672
1 88 0.125965 -0.334374
2 88 0.138407 -0.337485
0 89 -0.237952 -0.334374
1 89 -0.231731 -0.340595
2 89 -0.2224 -0.340595
0 90 0.0108803 -0.679629
1 90 0.0171011 -0.68585
2 90 0.0233219 -0.69207
0 91 0.0419843 -0.723174
1 91 0.0450947 -0.729395
2 91 0.0544259 -0.735616
0 92 -0.237952 -0.716954
1 92 -0.234841 -0.723174
2 92 -0.22551 -0.726285
0 93 -0.0544381 -0.604979
1 93 -0.0482173 -0.61431
2 93 -0.0419965 -0.617421
0 94 -0.561433 -0.760499
1 94 -0.558323 -0.76983
2 94 -0.552102 -0.76983
0 95 -0.0575485 -0.617421
1 95 -0.0544381 -0.623641
2 95 -0.045107 -0.626752
0 96 -0.0388861 -0.676518
1 96 -0.0357758 -0.68585
2 96 -0.0264446 -0.68896
0 97 -0.00156136 -0.679629
1 97 0.00154908 -0.68585
2 97 0.0108803 -0.68896
0 98 -0.0326653 -0.595648
1 98 -0.0295549 -0.601869
2 98 -0.0202237 -0.604979
0 99 0.00154908 -0.595648
1 99 0.00465946 -0.601869
2 99 0.0139907 -0.604979
0 100 -0.0419965 -0.586317
1 100 -0.0388861 -0.592537
2 100 -0.0295549 -0.595648
0 101 -0.0631472 -0.738726
1 101 -0.0594147 -0.746191
2 101 -0.0482173 -0.749924
0 102 -0.02209 -0.589427
1 102 -0.0183575 -0.59316
2 102 -0.0108925 -0.596892
0 103 -0.238574 -0.335618
1 103 -0.231109 -0.343083
2 103 -0.223644 -0.343083
0 104 0.119744 -0.328153
1 104 0.125965 -0.334374
2 104 0.138407 -0.339351
0 105 0.000304921 -0.596892
1 105 0.00403741 -0.604357
2 105 0.0115024 -0.608089
0 106 -0.242306 -0.720064
1 106 -0.234841 -0.723174
2 106 -0.227376 -0.727529
0 107 -0.0519498 -0.608089
1 107 -0.0482173 -0.615554
2 107 -0.0407523 -0.619287
0 108 -0.5633 -0.761121
1 108 -0.556768 -0.769312
2 108 -0.552102 -0.768586
0 109 -0.0370199 -0.679007
1 109 -0.0332874 -0.686472
2 109 -0.0258224 -0.690204
0 110 -0.0332874 -0.596892
1 110 -0.0295549 -0.604357
2 110 -0.0183575 -0.608089
0 111 -0.00342757 -0.679007
1 111 0.000304921 -0.686472
2 111 0.0115024 -0.690204
0 112 -0.216179 -0.731261
1 112 -0.212446 -0.738726
2 112 -0.204982 -0.738726
