43
0 0 0.08125 -0.630208
1 0 0.0364583 -0.627083
2 0 0.028125 -0.627083
0 1 0.0395833 -0.578125
1 1 -0.003125 -0.575
2 1 -0.009375 -0.572917
0 2 0.0800001 -0.63
1 2 0.0362501 -0.6275
2 2 0.0275 -0.6275
0 3 -0.0262499 -0.71625
1 3 -0.0675 -0.715
2 3 -0.0775 -0.7125
0 4 0.08125 -0.62625
1 4 0.0375001 -0.6225
2 4 0.02875 -0.6225
0 5 -0.00624994 -0.555
1 5 -0.0499999 -0.55125
2 5 -0.0562499 -0.54875
0 6 0.116 -0.922
1 6 0.0755 -0.919
2 6 0.065 -0.9205
0 7 0.0815 -0.634
1 7 0.0365 -0.631
2 7 0.029 -0.631
0 8 0.113 -0.919
1 8 0.0725001 -0.916
2 8 0.062 -0.9175
0 9 0.0665 -0.574
1 9 0.026 -0.5695
2 9 0.0185 -0.568
0 10 0.116 -0.9226
1 10 0.0764001 -0.919
2 10 0.0656001 -0.9208
0 11 0.1124 -0.919
1 11 0.0710002 -0.9154
2 11 0.0620001 -0.9172
0 12 0.1124 -0.9136
1 12 0.0728001 -0.91
2 12 0.0620001 -0.9118
0 13 0.0674001 -0.5734
1 13 0.0260001 -0.5698
2 13 0.0188001 -0.568
0 14 0.0800001 -0.6256
1 14 0.0368001 -0.622
2 14 0.0278001 -0.622
0 15 0.0818001 -0.6346
1 15 0.0368001 -0.631
2 15 0.0296001 -0.6328
0 16 0.0296001 -0.7696
1 16 -0.0135999 -0.7678
2 16 -0.0243999 -0.7678
0 17 0.11672 -0.92224
1 17 0.0756802 -0.92008
2 17 0.0670401 -0.92224
0 18 -0.10576 -0.64792
1 18 -0.14896 -0.64576
2 18 -0.1576 -0.64144
0 19 0.0800002 -0.676
1 19 0.0346401 -0.67384
2 19 0.0260002 -0.67384
0 20 0.0173601 -0.70624
1 20 -0.0258399 -0.70408
2 20 -0.0344798 -0.70192
0 21 0.0821602 -0.63496
1 21 0.0368001 -0.6328
2 21 0.0281602 -0.6328
0 22 0.0800002 -0.62416
1 22 0.0368001 -0.622
2 22 0.0281602 -0.622
0 23 0.109376 -0.914464
1 23 0.0704962 -0.911872
2 23 0.0601283 -0.911872
0 24 0.0342082 -0.574912
1 24 -0.00726376 -0.57232
2 24 -0.0124477 -0.569728
0 25 0.0186562 -0.704512
1 25 -0.0254078 -0.704512
2 25 -0.0357758 -0.70192
0 26 0.0808642 -0.63712
1 26 0.0368003 -0.634528
2 26 0.0290243 -0.634528
0 27 0.0316163 -0.769312
1 27 -0.0124477 -0.769312
2 27 -0.0228158 -0.76672
0 28 0.0419842 -0.758944
1 28 0.00051225 -0.756352
2 28 -0.00985578 -0.756352
0 29 0.0782722 -0.756352
1 29 0.0342082 -0.75376
2 29 0.0238403 -0.75376
0 30 -0.0295549 -0.738726
1 30 -0.0731005 -0.735616
2 30 -0.0824317 -0.732506
0 31 0.032653 -0.639194
1 31 -0.0108926 -0.636083
2 31 -0.0202237 -0.636083
0 32 0.0917507 -0.772941
1 32 0.0482051 -0.76983
2 32 0.0388739 -0.76983
0 33 0.032653 -0.76983
1 33 -0.0140029 -0.76672
2 33 -0.0233341 -0.76672
0 34 0.0357635 -0.573875
1 34 -0.00778211 -0.570765
2 34 -0.0140029 -0.567654
0 35 -0.0917629 -0.648525
1 35 -0.138419 -0.648525
2 35 -0.14464 -0.642304
0 36 0.0793091 -0.639194
1 36 0.0357635 -0.636083
2 36 0.0264323 -0.636083
0 37 0.0376298 -0.749924
1 37 -0.00342757 -0.746191
2 37 -0.014625 -0.746191
0 38 -0.00342757 -0.705134
1 38 -0.0482173 -0.705134
2 38 -0.0556823 -0.701402
0 39 0.078687 -0.641682
1 39 0.0338973 -0.637949
2 39 0.0264323 -0.637949
0 40 0.0189673 -0.705134
1 40 -0.02209 -0.705134
2 40 -0.0332874 -0.701402
0 41 0.086152 -0.813376
1 41 0.0413623 -0.809643
2 41 0.0301648 -0.809643
0 42 0.0301648 -0.772319
1 42 -0.0108925 -0.768586
2 42 -0.02209 -0.768586
