33
0 0 0.252083 -0.798958
1 0 0.252083 -0.807292
2 0 0.247917 -0.808333
0 1 0.229167 -0.671875
1 1 0.229167 -0.679167
2 1 0.225 -0.68125
0 2 0.269792 -0.667708
1 2 0.269792 -0.673958
2 2 0.266667 -0.676042
0 3 0.311458 -0.901042
1 3 0.3125 -0.910417
2 3 0.307292 -0.913542
0 4 0.23 -0.69125
1 4 0.23 -0.69875
2 4 0.2275 -0.70125
0 5 0.27625 -0.68875
1 5 0.27625 -0.6975
2 5 0.27375 -0.69875
0 6 0.29 -0.84
1 6 0.29 -0.84875
2 6 0.28625 -0.85125
0 7 0.27 -0.6675
1 7 0.27 -0.675
2 7 0.26625 -0.67625
0 8 0.31625 -0.6775
1 8 0.31625 -0.685
2 8 0.3125 -0.6875
0 9 0.2075 -0.6655
1 9 0.206 -0.673
2 9 0.203 -0.6745
0 10 0.233 -0.76
1 10 0.233 -0.769
2 10 0.2285 -0.7705
0 11 0.221 -0.76
1 11 0.221 -0.7675
2 11 0.2165 -0.7705
0 12 0.278 -0.694
1 12 0.278 -0.7015
2 12 0.275 -0.703
0 13 0.2168 -0.6598
1 13 0.2168 -0.667
2 13 0.2132 -0.6688
0 14 0.21176 -0.77752
1 14 0.21176 -0.78832
2 14 0.20744 -0.79048
0 15 0.2744 -0.73864
1 15 0.2744 -0.74728
2 15 0.27008 -0.74944
0 16 -0.0582399 -0.87472
1 16 -0.0668798 -0.88552
2 16 -0.0776799 -0.88984
0 17 0.21824 -0.66088
1 17 0.21824 -0.66736
2 17 0.21392 -0.66952
0 18 0.28952 -0.80992
1 18 0.28952 -0.81856
2 18 0.2852 -0.82072
0 19 0.288224 -0.847072
1 19 0.288224 -0.85744
2 19 0.285632 -0.85744
0 20 0.228608 -0.670816
1 20 0.228608 -0.678592
2 20 0.226016 -0.681184
0 21 0.16329 -0.720064
1 21 0.16329 -0.726285
2 21 0.16018 -0.729395
0 22 0.272154 -0.670297
1 22 0.272154 -0.676518
2 22 0.269043 -0.679629
0 23 0.206836 -0.667187
1 23 0.206836 -0.676518
2 23 0.203725 -0.676518
0 24 0.275264 -0.698291
1 24 0.275264 -0.704512
2 24 0.272154 -0.707622
0 25 0.24105 -0.810266
1 25 0.24105 -0.816486
2 25 0.23794 -0.819597
0 26 0.164534 -0.712599
1 26 0.164534 -0.716331
2 26 0.160802 -0.720064
0 27 0.239184 -0.809643
1 27 0.239184 -0.817108
2 27 0.235451 -0.820841
0 28 0.164534 -0.712599
1 28 0.164534 -0.727529
2 28 0.160802 -0.727529
0 29 0.224254 -0.675274
1 29 0.224254 -0.682739
2 29 0.220521 -0.682739
0 30 0.201859 -0.839503
1 30 0.201859 -0.850701
2 30 0.198126 -0.850701
0 31 0.310101 -0.835771
1 31 0.310101 -0.843236
2 31 0.306368 -0.846968
0 32 0.186929 -0.667809
1 32 0.186929 -0.675274
2 32 0.183197 -0.679007
