10
0 0 0.23375 -0.665
1 0 0.25875 -0.66375
2 0 0.27 -0.6675
0 1 0.2705 -0.892
1 1 0.299 -0.8935
2 1 0.3095 -0.8995
0 2 -0.0841599 -0.86176
1 2 -0.0690399 -0.86392
2 2 -0.0647199 -0.87256
0 3 0.18368 -0.65872
1 3 0.20744 -0.65872
2 3 0.21824 -0.66088
0 4 -0.5896 -0.2656
1 4 -0.59176 -0.2548
2 4 -0.60904 -0.244
0 5 -0.0850238 -0.862624
1 5 -0.0694718 -0.865216
2 5 -0.0668798 -0.872992
0 6 -0.58744 -0.27424
1 6 -0.590464 -0.266464
2 6 -0.608608 -0.256096
0 7 0.203725 -0.804045
1 7 0.228608 -0.804045
2 7 0.24105 -0.810266
0 8 -0.586317 -0.45568
1 8 -0.589427 -0.451325
2 8 -0.608089 -0.44386
0 9 0.130942 -0.708866
1 9 0.153337 -0.705134
2 9 0.164534 -0.712599
