78
0 0 0.040625 -0.579167
1 0 0.0375 -0.580208
2 0 0.0375 -0.578125
0 1 0.1375 -0.452083
1 1 0.135417 -0.453125
2 1 0.135417 -0.45
0 2 -0.145 -0.7175
1 2 -0.14875 -0.71875
2 2 -0.14625 -0.71875
0 3 0.2325 -0.305
1 3 0.233 -0.304
2 3 0.235 -0.3
0 4 0.0110001 -0.724
1 4 0.00833333 -0.725
2 4 0.00875003 -0.72375
0 5 0.0525 -0.58125
1 5 0.0500001 -0.5825
2 5 0.0500001 -0.58125
0 6 0.04625 -0.58
1 6 0.0437501 -0.58
2 6 0.0437501 -0.57875
0 7 -0.53625 -0.57125
1 7 -0.541 -0.568
2 7 -0.54375 -0.57125
0 8 0.1375 -0.452083
1 8 0.135 -0.4525
2 8 0.135 -0.45
0 9 -0.55125 -0.73375
1 9 -0.5575 -0.73375
2 9 -0.55875 -0.73875
0 10 0.0530001 -0.577
1 10 0.0500001 -0.5785
2 10 0.0500001 -0.577
0 11 0.0470001 -0.58
1 11 0.0440001 -0.58
2 11 0.0440001 -0.5785
0 12 0.0755 -0.5815
1 12 0.0725001 -0.5815
2 12 0.0725001 -0.58
0 13 0.0530001 -0.583
1 13 0.0500001 -0.583
2 13 0.0500001 -0.5815
0 14 0.0215 -0.5935
1 14 0.0185 -0.595
2 14 0.0185 -0.5935
0 15 0.0110001 -0.724
1 15 0.00800006 -0.7255
2 15 0.00950006 -0.724
0 16 -0.145 -0.718
1 16 -0.1495 -0.718
2 16 -0.1465 -0.718
0 17 0.077 -0.6745
1 17 0.0725001 -0.6745
2 17 0.074 -0.673
0 18 -0.1435 -0.688
1 18 -0.1465 -0.6895
2 18 -0.145 -0.6895
0 19 -0.1495 -0.688
1 19 -0.1525 -0.6895
2 19 -0.151 -0.6895
0 20 0.2315 -0.3055
1 20 0.233 -0.304
2 20 0.236 -0.2995
0 21 0.0116001 -0.7246
1 21 0.00800012 -0.7264
2 21 0.00980008 -0.7246
0 22 -0.145 -0.7102
1 22 -0.1486 -0.712
2 22 -0.1468 -0.712
0 23 -0.1432 -0.6886
1 23 -0.1468 -0.6886
2 23 -0.145 -0.6904
0 24 -0.1378 -0.694
1 24 -0.1414 -0.694
2 24 -0.1396 -0.694
0 25 0.0224001 -0.5932
1 25 0.0188001 -0.5932
2 25 0.0188001 -0.5914
0 26 0.0224001 -0.6058
1 26 0.0188001 -0.6058
2 26 0.0188001 -0.604
0 27 0.0386001 -0.5788
1 27 0.0350001 -0.5806
2 27 0.0350001 -0.5788
0 28 -0.163 -0.3034
1 28 -0.163 -0.3016
2 28 -0.1648 -0.2998
0 29 0.2315 -0.3055
1 29 0.233 -0.304
2 29 0.2348 -0.2998
0 30 0.0764001 -0.6742
1 30 0.0728001 -0.6742
2 30 0.0728001 -0.6724
0 31 0.0764001 -0.5806
1 31 0.0728001 -0.5824
2 31 0.0728001 -0.5806
0 32 -0.1468 -0.71704
1 32 -0.14896 -0.7192
2 32 -0.1468 -0.7192
0 33 -0.1468 -0.69976
1 33 -0.15112 -0.70192
2 33 -0.14896 -0.70192
0 34 -0.5464 -0.738208
1 34 -0.554176 -0.738208
2 34 -0.55504 -0.74296
0 35 0.0260002 -0.5788
1 35 0.0238401 -0.58096
2 35 0.0238401 -0.5788
0 36 0.0130402 -0.72352
1 36 0.00800012 -0.7264
2 36 0.0130402 -0.72352
0 37 0.0756802 -0.67384
1 37 0.0713601 -0.676
2 37 0.0735202 -0.67384
0 38 0.0216801 -0.60472
1 38 0.0195201 -0.60688
2 38 0.0195201 -0.60472
0 39 -0.162784 -0.302752
1 39 -0.16408 -0.30232
2 39 -0.16408 -0.30016
0 40 0.2312 -0.30448
1 40 0.23336 -0.30448
2 40 0.23552 -0.30016
0 41 -0.65008 -0.57016
1 41 -0.6562 -0.5662
2 41 -0.66088 -0.57016
0 42 0.0281602 -0.66736
1 42 0.0238401 -0.66952
2 42 0.0260002 -0.66736
0 43 0.0264322 -0.600832
1 43 0.0238403 -0.600832
2 43 0.0238403 -0.59824
0 44 -0.139456 -0.70192
1 44 -0.142048 -0.70192
2 44 -0.139456 -0.70192
0 45 -0.139456 -0.694144
1 45 -0.14464 -0.691552
2 45 -0.142048 -0.691552
0 46 -0.147232 -0.717472
1 46 -0.149824 -0.717472
2 46 -0.147232 -0.717472
0 47 0.0808642 -0.587872
1 47 0.0782722 -0.587872
2 47 0.0782722 -0.587872
0 48 0.0264322 -0.580096
1 48 0.0238403 -0.580096
2 48 0.0238403 -0.580096
0 49 0.0134722 -0.725248
1 49 0.0108802 -0.725248
2 49 0.0108802 -0.725248
0 50 0.0212482 -0.608608
1 50 0.0186562 -0.608608
2 50 0.0186562 -0.606016
0 51 0.119744 -0.720064
1 51 0.119744 -0.725248
2 51 0.119744 -0.720064
0 52 0.0782722 -0.580096
1 52 0.0756803 -0.582688
2 52 0.0756803 -0.580096
0 53 0.2312 -0.305344
1 53 0.23336 -0.30448
2 53 0.233792 -0.30016
0 54 -0.538624 -0.57232
1 54 -0.543808 -0.569728
2 54 -0.5464 -0.57232
0 55 0.0281602 -0.66736
1 55 0.0238401 -0.66952
2 55 0.0264322 -0.665632
0 56 0.0793091 -0.580096
1 56 0.0761987 -0.583206
2 56 0.0761987 -0.580096
0 57 -0.14775 -0.716954
1 57 -0.150861 -0.716954
2 57 -0.14775 -0.716954
0 58 0.0761987 -0.673408
1 58 0.0699778 -0.676518
2 58 0.0730883 -0.673408
0 59 -0.169523 -0.701402
1 59 -0.172633 -0.704512
2 59 -0.169523 -0.704512
0 60 0.228608 -0.30327
1 60 0.231719 -0.30327
2 60 0.231719 -0.30016
0 61 -0.538624 -0.57232
1 61 -0.542771 -0.570765
2 61 -0.545881 -0.573875
0 62 -0.172633 -0.69207
1 62 -0.178854 -0.695181
2 62 -0.172633 -0.695181
0 63 -0.54837 -0.738726
1 63 -0.555213 -0.738726
2 63 -0.555213 -0.741837
0 64 0.0233219 -0.589427
1 64 0.0202115 -0.589427
2 64 0.0202115 -0.586317
0 65 0.0202115 -0.60809
1 65 0.0171011 -0.60809
2 65 0.0171011 -0.60809
0 66 -0.148994 -0.716331
1 66 -0.152727 -0.716331
2 66 -0.148994 -0.720064
0 67 0.0152349 -0.731261
1 67 0.0115024 -0.731261
2 67 0.0115024 -0.731261
0 68 0.078687 -0.589427
1 68 0.0712221 -0.589427
2 68 0.0749546 -0.589427
0 69 0.0413623 -0.671542
1 69 0.0376298 -0.675274
2 69 0.0376298 -0.671542
0 70 -0.163302 -0.30327
1 70 -0.163924 -0.302026
2 70 -0.163924 -0.302026
0 71 0.0450947 -0.570765
1 71 0.0413623 -0.570765
2 71 0.0413623 -0.570765
0 72 0.0824195 -0.581962
1 72 0.078687 -0.581962
2 72 0.078687 -0.581962
0 73 -0.171389 -0.705134
1 73 -0.175122 -0.705134
2 73 -0.171389 -0.705134
0 74 0.0376298 -0.57823
1 74 0.0338973 -0.581962
2 74 0.0338973 -0.57823
0 75 -0.54837 -0.738726
1 75 -0.555835 -0.738726
2 75 -0.555835 -0.742459
0 76 0.227986 -0.305759
1 76 0.231719 -0.305759
2 76 0.231719 -0.302026
0 77 -0.014625 -0.462523
1 77 -0.0183575 -0.45879
2 77 -0.0183575 -0.45879
