75
0 0 0.19 -0.4525
1 0 0.17875 -0.4525
2 0 0.171875 -0.458333
0 1 0.41875 -0.367708
1 1 0.414583 -0.359375
2 1 0.417708 -0.359375
0 2 0.0487501 -0.65
1 2 0.035 -0.655
2 2 0.0237501 -0.66
0 3 0.19 -0.4525
1 3 0.17875 -0.4525
2 3 0.17125 -0.4575
0 4 0.0112501 -0.875
1 4 -0.00399996 -0.883
2 4 -0.0175 -0.89
0 5 0.0245 -0.6505
1 5 0.0110001 -0.655
2 5 -0.000999959 -0.661
0 6 0.0110001 -0.8755
1 6 -0.00399996 -0.883
2 6 -0.0175 -0.8905
0 7 0.0845 -0.6505
1 7 0.071 -0.655
2 7 0.0605 -0.661
0 8 0.1898 -0.451
1 8 0.17875 -0.4525
2 8 0.1715 -0.457
0 9 0.0545001 -0.646
1 9 0.041 -0.6505
2 9 0.0305 -0.6565
0 10 0.0905 -0.766
1 10 0.0785 -0.772
2 10 0.065 -0.778
0 11 -0.0762499 -0.52625
1 11 -0.0925 -0.5305
2 11 -0.1045 -0.5335
0 12 0.0566001 -0.6472
1 12 0.0422001 -0.6508
2 12 0.0314001 -0.6562
0 13 0.0908001 -0.766
1 13 0.0764001 -0.7714
2 13 0.0638001 -0.7768
0 14 0.0494001 -0.6508
1 14 0.0350001 -0.6544
2 14 0.0242001 -0.6598
0 15 0.1898 -0.451
1 15 0.1772 -0.4528
2 15 0.17 -0.4582
0 16 0.0116001 -0.8758
1 16 -0.00399996 -0.883
2 16 -0.0171999 -0.8902
0 17 -0.0798399 -0.46432
1 17 -0.0949599 -0.46648
2 17 -0.1072 -0.469
0 18 0.41 -0.9175
1 18 0.4076 -0.9262
2 18 0.404 -0.9424
0 19 0.0116001 -0.892
1 19 -0.000999896 -0.901
2 19 -0.0171999 -0.9082
0 20 0.0238401 -0.67816
1 20 0.00872014 -0.68464
2 20 -0.00207984 -0.68896
0 21 0.0886402 -0.75592
1 21 0.0713601 -0.7624
2 21 0.0605602 -0.76888
0 22 0.41048 -0.42112
1 22 0.40616 -0.4168
2 22 0.40832 -0.4168
0 23 0.0908001 -0.76456
1 23 0.0756802 -0.77104
2 23 0.0627202 -0.77752
0 24 0.41696 -0.42112
1 24 0.41264 -0.41464
2 24 0.4148 -0.4168
0 25 0.0389601 -0.65008
1 25 0.0238401 -0.6544
2 25 0.0130402 -0.66088
0 26 0.0195201 -0.76888
1 26 0.00656013 -0.77536
2 26 -0.00639985 -0.78184
0 27 0.0152002 -0.892
1 27 8.01722e-05 -0.90064
2 27 -0.0171998 -0.90712
0 28 -0.0755199 -0.52912
1 28 -0.0927999 -0.53128
2 28 -0.1036 -0.53344
0 29 0.0972801 -0.74296
1 29 0.0821602 -0.74944
2 29 0.0713601 -0.75592
0 30 -0.0798399 -0.46432
1 30 -0.0949599 -0.46648
2 30 -0.10576 -0.46864
0 31 -0.0582399 -0.66952
1 31 -0.0733599 -0.67384
2 31 -0.0863199 -0.67816
0 32 0.19016 -0.45136
1 32 0.176768 -0.453088
2 32 0.17072 -0.45784
0 33 0.0108802 -0.87688
1 33 -0.00207977 -0.885952
2 33 -0.0171998 -0.892
0 34 -0.0387999 -0.74728
1 34 -0.0539199 -0.75376
2 34 -0.0668798 -0.75808
0 35 0.0964162 -0.743392
1 35 0.0834563 -0.751168
2 35 0.0704962 -0.756352
0 36 -0.0746558 -0.530848
1 36 -0.0902078 -0.53344
2 36 -0.103168 -0.536032
0 37 0.0186562 -0.66304
1 37 0.00310421 -0.668224
2 37 -0.00726376 -0.673408
0 38 0.0186562 -0.668224
1 38 0.00310421 -0.673408
2 38 -0.00726376 -0.678592
0 39 0.0116001 -0.8758
1 39 -0.00156136 -0.884915
2 39 -0.0176318 -0.891136
0 40 0.189728 -0.450496
1 40 0.176768 -0.453088
2 40 0.168992 -0.458272
0 41 0.0186562 -0.686368
1 41 0.00569623 -0.691552
2 41 -0.00726376 -0.696736
0 42 0.423008 -0.4168
1 42 0.417824 -0.411616
2 42 0.420416 -0.411616
0 43 0.0908001 -0.76456
1 43 0.0756803 -0.771904
2 43 0.0627202 -0.777088
0 44 0.0368003 -0.65008
1 44 0.0238403 -0.655264
2 44 0.0108802 -0.660448
0 45 -0.0798399 -0.46432
1 45 -0.0953918 -0.466048
2 45 -0.10576 -0.46864
0 46 0.0212482 -0.769312
1 46 0.00569623 -0.774496
2 46 -0.00726376 -0.782272
0 47 0.437005 -0.729395
1 47 0.433895 -0.732506
2 47 0.433895 -0.741837
0 48 0.0295427 -0.760499
1 48 0.0171011 -0.76672
2 48 0.00465946 -0.772941
0 49 0.795323 -0.436395
1 49 0.80144 -0.424576
2 49 0.816474 -0.430797
0 50 0.0886403 -0.76361
1 50 0.0730883 -0.76983
2 50 0.0606467 -0.776051
0 51 0.107303 -0.657856
1 51 0.0948611 -0.660966
2 51 0.0824195 -0.670297
0 52 0.0202115 -0.76983
1 52 0.00465946 -0.776051
2 52 -0.00778211 -0.782272
0 53 0.0171011 -0.68585
1 53 0.00465946 -0.69207
2 53 -0.00778211 -0.698291
0 54 0.0171011 -0.667187
1 54 0.00465946 -0.673408
2 54 -0.00778211 -0.679629
0 55 0.384128 -0.412134
1 55 0.377908 -0.405913
2 55 0.381018 -0.405913
0 56 0.0202115 -0.651635
1 56 0.0077699 -0.657856
2 56 -0.00467173 -0.660966
0 57 0.0357635 -0.648525
1 57 0.0233219 -0.654746
2 57 0.0108803 -0.657856
0 58 0.0108803 -0.878694
1 58 -0.00156136 -0.884915
2 58 -0.0171134 -0.894246
0 59 -0.060659 -0.670297
1 59 -0.0731005 -0.676518
2 59 -0.0886525 -0.679629
0 60 0.188173 -0.449459
1 60 0.175732 -0.452569
2 60 0.169511 -0.45568
0 61 0.0979715 -0.744947
1 61 0.0824195 -0.751168
2 61 0.0699778 -0.757389
0 62 -0.0798398 -0.463456
1 62 -0.0953918 -0.466048
2 62 -0.107315 -0.468121
0 63 0.0338973 -0.761121
1 63 0.0189673 -0.768586
2 63 0.00403741 -0.772319
0 64 0.116012 -0.761121
1 64 0.101082 -0.764854
2 64 0.0898844 -0.772319
0 65 0.0898844 -0.764854
1 65 0.0712221 -0.772319
2 65 0.0600246 -0.779784
0 66 0.0189673 -0.686472
1 66 0.00403741 -0.693937
2 66 -0.00716 -0.697669
0 67 0.0226998 -0.679007
1 67 0.0077699 -0.682739
2 67 -0.00342757 -0.690204
0 68 0.0189673 -0.664077
1 68 0.00403741 -0.675274
2 68 -0.00716 -0.679007
0 69 0.0189673 -0.664077
1 69 0.00403741 -0.667809
2 69 -0.00716 -0.671542
0 70 0.0376298 -0.649147
1 70 0.0226998 -0.652879
2 70 0.0115024 -0.660344
0 71 -0.0594147 -0.675274
1 71 -0.0743447 -0.679007
2 71 -0.0892746 -0.682739
0 72 0.437005 -0.731261
1 72 0.433273 -0.731261
2 72 0.433273 -0.742459
0 73 0.0450947 -0.637949
1 73 0.0301648 -0.641682
2 73 0.0189673 -0.649147
0 74 0.186929 -0.451325
1 74 0.175732 -0.451325
2 74 0.168267 -0.45879
