32
0 0 0.0489583 -0.813542
1 0 0.0322917 -0.8125
2 0 0.0104167 -0.814583
0 1 -0.00999997 -0.8175
1 1 -0.0264999 -0.8155
2 1 -0.05375 -0.82
0 2 -0.178 -0.52
1 2 -0.20125 -0.51875
2 2 -0.23125 -0.52
0 3 -0.178 -0.52
1 3 -0.20125 -0.51875
2 3 -0.232 -0.52
0 4 -0.1756 -0.4456
1 4 -0.19864 -0.44272
2 4 -0.2278 -0.442
0 5 -0.178 -0.52
1 5 -0.199 -0.52
2 5 -0.2296 -0.5212
0 6 -0.0107199 -0.8164
1 6 -0.0279999 -0.81424
2 6 -0.0549999 -0.82
0 7 0.0476001 -0.8182
1 7 0.0314001 -0.8182
2 7 0.00980008 -0.82
0 8 0.19664 -0.4384
1 8 0.17936 -0.43192
2 8 0.1556 -0.4276
0 9 0.0278001 -0.6904
1 9 0.00980008 -0.6886
2 9 -0.0153999 -0.6904
0 10 0.0454402 -0.81856
1 10 0.0303202 -0.8164
2 10 0.00872014 -0.82072
0 11 0.194912 -0.437536
1 11 0.17936 -0.43192
2 11 0.15128 -0.42544
0 12 -0.1792 -0.52264
1 12 -0.199072 -0.52048
2 12 -0.23104 -0.52264
0 13 0.0281602 -0.69112
1 13 0.0108802 -0.68896
2 13 -0.0150399 -0.69112
0 14 0.19664 -0.4384
1 14 0.17936 -0.432352
2 14 0.1556 -0.4276
0 15 0.5336 -0.88984
1 15 0.54872 -0.89416
2 15 0.562976 -0.898912
0 16 -0.178336 -0.523072
1 16 -0.199072 -0.52048
2 16 -0.230176 -0.523072
0 17 -0.175744 -0.445312
1 17 -0.199072 -0.44272
2 17 -0.230176 -0.44272
0 18 0.0450947 -0.816486
1 18 0.0295427 -0.816486
2 18 0.0077699 -0.819597
0 19 -0.0295549 -0.701402
1 19 -0.0482173 -0.701402
2 19 -0.0731005 -0.704512
0 20 -0.0331838 -0.828928
1 20 -0.0513278 -0.828928
2 20 -0.076211 -0.832038
0 21 -0.178336 -0.523072
1 21 -0.200627 -0.524109
2 21 -0.228621 -0.524109
0 22 -0.175744 -0.445312
1 22 -0.19864 -0.44272
2 22 -0.22551 -0.440128
0 23 0.0450947 -0.798446
1 23 0.0264323 -0.794714
2 23 0.00403741 -0.798446
0 24 0.00403741 -0.701402
1 24 -0.014625 -0.697669
2 24 -0.0407523 -0.701402
0 25 0.0450947 -0.809643
1 25 0.0264323 -0.805911
2 25 0.00403741 -0.809643
0 26 -0.0202237 -0.813376
1 26 -0.0357758 -0.813376
2 26 -0.0594147 -0.813376
0 27 -0.00716 -0.820841
1 27 -0.0258224 -0.820841
2 27 -0.0482173 -0.820841
0 28 -0.0332874 -0.820841
1 28 -0.0482173 -0.824573
2 28 -0.0743447 -0.828306
0 29 -0.0295549 -0.686472
1 29 -0.0482173 -0.686472
2 29 -0.0743447 -0.690204
0 30 0.194394 -0.436395
1 30 0.178842 -0.430797
2 30 0.153337 -0.425198
0 31 0.0749546 -0.817108
1 31 0.0600246 -0.813376
2 31 0.0376298 -0.813376
