104
0 0 -0.0364583 -0.601042
1 0 -0.03125 -0.603125
2 0 -0.0322917 -0.604167
0 1 -0.333333 -0.2375
1 1 -0.33375 -0.2325
2 1 -0.336458 -0.229167
0 2 -0.043 -0.7495
1 2 -0.0415 -0.7495
2 2 -0.04125 -0.75125
0 3 -0.01125 -0.57625
1 3 -0.00749995 -0.5775
2 3 -0.00749995 -0.57875
0 4 0.0275 -0.65625
1 4 0.0312501 -0.65875
2 4 0.0312501 -0.66125
0 5 0.015 -0.585
1 5 0.02 -0.585
2 5 0.02 -0.5875
0 6 -0.24875 -0.76375
1 6 -0.2475 -0.765
2 6 -0.25125 -0.76625
0 7 -0.33375 -0.23875
1 7 -0.33375 -0.2325
2 7 -0.33625 -0.23
0 8 -0.27625 -0.77125
1 8 -0.275 -0.7725
2 8 -0.28 -0.77375
0 9 -0.1125 -0.43875
1 9 -0.1075 -0.43875
2 9 -0.1075 -0.43875
0 10 -0.271 -0.766
1 10 -0.271 -0.7675
2 10 -0.274 -0.769
0 11 -0.0385 -0.601
1 11 -0.034 -0.601
2 11 -0.034 -0.6025
0 12 -0.0437499 -0.74875
1 12 -0.0415 -0.7495
2 12 -0.0415 -0.7525
0 13 0.0140001 -0.58
1 13 0.0185 -0.58
2 13 0.0185 -0.583
0 14 -0.0175 -0.58
1 14 -0.013 -0.58
2 14 -0.013 -0.5815
0 15 -0.01125 -0.57625
1 15 -0.00749995 -0.5775
2 15 -0.00549997 -0.58
0 16 -0.2425 -0.736
1 16 -0.2425 -0.736
2 16 -0.244 -0.7375
0 17 -0.2425 -0.775
1 17 -0.2425 -0.7765
2 17 -0.2455 -0.778
0 18 -0.1126 -0.4384
1 18 -0.1075 -0.43875
2 18 -0.1075 -0.439
0 19 -0.0264999 -0.679
1 19 -0.0219999 -0.679
2 19 -0.0219999 -0.682
0 20 -0.0835 -0.6565
1 20 -0.0805 -0.658
2 20 -0.0805 -0.6595
0 21 0.0836001 -0.4258
1 21 0.0890001 -0.427
2 21 0.0905 -0.4285
0 22 0.02 -0.679
1 22 0.0245 -0.679
2 22 0.023 -0.682
0 23 0.0110001 -0.6115
1 23 0.0155001 -0.613
2 23 0.0155001 -0.6145
0 24 -0.334 -0.238
1 24 -0.334 -0.232
2 24 -0.337 -0.2305
0 25 -0.2458 -0.7426
1 25 -0.244 -0.7426
2 25 -0.2476 -0.7444
0 26 -0.2566 -0.739
1 26 -0.2566 -0.739
2 26 -0.2584 -0.7408
0 27 -0.0387999 -0.604
1 27 -0.0351999 -0.6058
2 27 -0.0351999 -0.6058
0 28 -0.0261999 -0.5806
1 28 -0.0225999 -0.5806
2 28 -0.0225999 -0.5824
0 29 -0.244 -0.775
1 29 -0.244 -0.7768
2 29 -0.2458 -0.7786
0 30 0.2705 -0.199
1 30 0.2798 -0.1972
2 30 0.287 -0.1954
0 31 -0.0441999 -0.5968
1 31 -0.0387999 -0.5986
2 31 -0.0387999 -0.5986
0 32 -0.334 -0.238
1 32 -0.334 -0.232
2 32 -0.3358 -0.2296
0 33 -0.2728 -0.7768
1 33 -0.2728 -0.7786
2 33 -0.2764 -0.7786
0 34 -0.0261999 -0.6778
1 34 -0.0225999 -0.6796
2 34 -0.0225999 -0.6814
0 35 -0.043 -0.7495
1 35 -0.0405999 -0.7498
2 35 -0.0405999 -0.7534
0 36 -0.2728 -0.7408
1 36 -0.2728 -0.7408
2 36 -0.2746 -0.7426
0 37 -0.0405999 -0.6814
1 37 -0.0369999 -0.6832
2 37 -0.0369999 -0.685
0 38 -0.0351999 -0.6778
1 38 -0.0297999 -0.6796
2 38 -0.0315999 -0.6814
0 39 -0.0819999 -0.6526
1 39 -0.0783999 -0.6526
2 39 -0.0783999 -0.6544
0 40 -0.0855999 -0.658
1 40 -0.0801999 -0.658
2 40 -0.0819999 -0.6598
0 41 -0.11224 -0.4384
1 41 -0.1075 -0.43875
2 41 -0.1072 -0.4384
0 42 -0.24184 -0.73648
1 42 -0.24184 -0.73648
2 42 -0.24616 -0.73864
0 43 -0.25264 -0.73648
1 43 -0.25048 -0.73648
2 43 -0.2548 -0.73864
0 44 -0.0409599 -0.68248
1 44 -0.0366398 -0.68248
2 44 -0.0366398 -0.68464
0 45 -0.27856 -0.76888
1 45 -0.27856 -0.77104
2 45 -0.28072 -0.7732
0 46 -0.244 -0.77536
1 46 -0.244 -0.77536
2 46 -0.24616 -0.77752
0 47 -0.27424 -0.77536
1 47 -0.27424 -0.77752
2 47 -0.2764 -0.77968
0 48 -0.0351999 -0.6778
1 48 -0.0301599 -0.67816
2 48 -0.0301599 -0.68032
0 49 -0.0387999 -0.58096
1 49 -0.0344798 -0.58312
2 49 -0.0344798 -0.58312
0 50 -0.0431199 -0.59608
1 50 -0.0387999 -0.59824
2 50 -0.0387999 -0.59824
0 51 -0.0215199 -0.58744
1 51 -0.0171998 -0.58744
2 51 -0.0171998 -0.5896
0 52 0.0346401 -0.67168
1 52 0.0389601 -0.67384
2 52 0.0389601 -0.676
0 53 -0.0431199 -0.74944
1 53 -0.0409599 -0.7516
2 53 -0.0409599 -0.75376
0 54 -0.00855986 -0.5788
1 54 -0.00423985 -0.5788
2 54 -0.00423985 -0.58096
0 55 -0.0236799 -0.57016
1 55 -0.0193598 -0.57016
2 55 -0.0193598 -0.57232
0 56 0.27008 -0.199072
1 56 0.2798 -0.1972
2 56 0.28736 -0.19432
0 57 -0.269056 -0.774496
1 57 -0.269056 -0.774496
2 57 -0.271648 -0.777088
0 58 -0.250912 -0.751168
1 58 -0.250912 -0.75376
2 58 -0.253504 -0.75376
0 59 -0.243136 -0.735616
1 59 -0.243136 -0.738208
2 59 -0.245728 -0.738208
0 60 0.0108802 -0.58528
1 60 0.0186562 -0.587872
2 60 0.0160643 -0.587872
0 61 -0.0409599 -0.68248
1 61 -0.0357758 -0.683776
2 61 -0.0357758 -0.683776
0 62 -0.0383678 -0.603424
1 62 -0.0357758 -0.603424
2 62 -0.0357758 -0.606016
0 63 -0.243136 -0.76672
1 63 -0.243136 -0.76672
2 63 -0.245728 -0.769312
0 64 -0.245728 -0.745984
1 64 -0.245728 -0.745984
2 64 -0.24832 -0.748576
0 65 -0.245728 -0.774496
1 65 -0.245728 -0.774496
2 65 -0.24832 -0.777088
0 66 -0.282016 -0.777088
1 66 -0.282016 -0.777088
2 66 -0.284608 -0.77968
0 67 -0.27424 -0.777088
1 67 -0.27424 -0.777088
2 67 -0.276832 -0.77968
0 68 0.0411201 -0.67816
1 68 0.0445763 -0.676
2 68 0.0445763 -0.678592
0 69 0.27008 -0.199072
1 69 0.280448 -0.19648
2 69 0.285632 -0.193888
0 70 -0.0228158 -0.569728
1 70 -0.0176318 -0.569728
2 70 -0.0176318 -0.57232
0 71 -0.0435518 -0.6112
1 71 -0.0383678 -0.613792
2 71 -0.0383678 -0.613792
0 72 -0.0435518 -0.595648
1 72 -0.0383678 -0.595648
2 72 -0.0383678 -0.59824
0 73 -0.0435518 -0.751168
1 73 -0.0409599 -0.7516
2 73 -0.0409598 -0.75376
0 74 -0.0228158 -0.587872
1 74 -0.0176318 -0.587872
2 74 -0.0176318 -0.590464
0 75 -0.0279998 -0.577504
1 75 -0.0228158 -0.580096
2 75 -0.0228158 -0.580096
0 76 0.0160643 -0.580096
1 76 0.0212482 -0.580096
2 76 0.0212482 -0.582688
0 77 -0.333856 -0.237952
1 77 -0.333856 -0.232768
2 77 -0.336448 -0.230176
0 78 -0.0419965 -0.757389
1 78 -0.0387999 -0.76024
2 78 -0.0409598 -0.761536
0 79 -0.244173 -0.735616
1 79 -0.244173 -0.738726
2 79 -0.247283 -0.738726
0 80 -0.241062 -0.76672
1 80 -0.241062 -0.76672
2 80 -0.244173 -0.76983
0 81 -0.259725 -0.76983
1 81 -0.259725 -0.76983
2 81 -0.262835 -0.76983
0 82 -0.287718 -0.744947
1 82 -0.287718 -0.748058
2 82 -0.290829 -0.748058
0 83 -0.262835 -0.741837
1 83 -0.262835 -0.741837
2 83 -0.265945 -0.744947
0 84 0.0108803 -0.586317
1 84 0.0139907 -0.586317
2 84 0.0139907 -0.589427
0 85 -0.256614 -0.738726
1 85 -0.256614 -0.741837
2 85 -0.259725 -0.741837
0 86 -0.278387 -0.754278
1 86 -0.278387 -0.754278
2 86 -0.281497 -0.754278
0 87 -0.247283 -0.772941
1 87 -0.244173 -0.776051
2 87 -0.247283 -0.776051
0 88 -0.275277 -0.776051
1 88 -0.275277 -0.776051
2 88 -0.278387 -0.779162
0 89 -0.281497 -0.776051
1 89 -0.281497 -0.776051
2 89 -0.284608 -0.779162
0 90 -0.287718 -0.772941
1 90 -0.287718 -0.772941
2 90 -0.290829 -0.776051
0 91 -0.0295549 -0.676518
1 91 -0.0264446 -0.676518
2 91 -0.0264446 -0.679629
0 92 -0.0419965 -0.751168
1 92 -0.0388861 -0.751168
2 92 -0.0419965 -0.754278
0 93 -0.0264446 -0.580096
1 93 -0.0233341 -0.580096
2 93 -0.0233341 -0.580096
0 94 -0.0233341 -0.570765
1 94 -0.0171134 -0.570765
2 94 -0.0171134 -0.570765
0 95 0.269044 -0.197517
1 95 0.278375 -0.197517
2 95 0.283973 -0.193784
0 96 -0.264701 -0.742459
1 96 -0.264701 -0.742459
2 96 -0.268434 -0.742459
0 97 -0.02209 -0.682739
1 97 -0.014625 -0.682739
2 97 -0.0183575 -0.686472
0 98 -0.253504 -0.764854
1 98 -0.253504 -0.764854
2 98 -0.257236 -0.764854
0 99 0.0115024 -0.596892
1 99 0.0152349 -0.589427
2 99 0.0152349 -0.59316
0 100 -0.0183575 -0.59316
1 100 -0.014625 -0.59316
2 100 -0.014625 -0.59316
0 101 -0.0407523 -0.682739
1 101 -0.0332874 -0.686472
2 101 -0.0370199 -0.686472
0 102 0.078687 -0.738726
1 102 0.0824195 -0.738726
2 102 0.0824195 -0.742459
0 103 -0.02209 -0.570765
1 103 -0.0183575 -0.570765
2 103 -0.0183575 -0.570765
