50
0 0 -0.05625 -0.591667
1 0 -0.0708333 -0.591667
2 0 -0.1 -0.586458
0 1 0.028125 -0.695833
1 1 0.0125 -0.696875
2 1 -0.015625 -0.694792
0 2 -0.0322917 -0.754167
1 2 -0.0479167 -0.75625
2 2 -0.0770833 -0.753125
0 3 -0.0687499 -0.7325
1 3 -0.085 -0.735
2 3 -0.11375 -0.73125
0 4 -0.0225 -0.78
1 4 -0.0387499 -0.7825
2 4 -0.0687499 -0.78
0 5 -0.065 -0.60625
1 5 -0.0812499 -0.60625
2 5 -0.10875 -0.60125
0 6 -0.0725 -0.72875
1 6 -0.0874999 -0.73125
2 6 -0.1175 -0.7275
0 7 0.00125001 -0.765
1 7 -0.015 -0.7675
2 7 -0.0437499 -0.765
0 8 -0.00549997 -0.7495
1 8 -0.0205 -0.7525
2 8 -0.049 -0.7495
0 9 0.0487501 -0.90875
1 9 0.0335 -0.913
2 9 0.00350005 -0.9115
0 10 -0.01125 -0.61375
1 10 -0.0279999 -0.613
2 10 -0.055 -0.6085
0 11 -0.0684999 -0.733
1 11 -0.085 -0.736
2 11 -0.1135 -0.7315
0 12 -0.0654999 -0.607
1 12 -0.0805 -0.607
2 12 -0.109 -0.601
0 13 -0.0684999 -0.748
1 13 -0.0835 -0.751
2 13 -0.1135 -0.7465
0 14 0.0335 -0.7825
1 14 0.0185 -0.784
2 14 -0.00999997 -0.781
0 15 0.0530001 -0.91
1 15 0.0386001 -0.9154
2 15 0.00980008 -0.9136
0 16 -0.0531999 -0.7552
1 16 -0.0693999 -0.7588
2 16 -0.0981999 -0.7552
0 17 0.0260001 -0.6976
1 17 0.0108802 -0.69976
2 17 -0.0171999 -0.6958
0 18 -0.0675999 -0.748
1 18 -0.0837999 -0.7498
2 18 -0.1126 -0.7462
0 19 -0.0927999 -0.9064
1 19 -0.109 -0.9118
2 19 -0.1414 -0.91
0 20 0.0303202 -0.6868
1 20 0.0152002 -0.6868
2 20 -0.0128799 -0.68464
0 21 -0.0945999 -0.91
1 21 -0.11008 -0.91576
2 21 -0.14248 -0.9136
0 22 0.0281602 -0.6436
1 22 0.0130402 -0.6436
2 22 -0.0150399 -0.64144
0 23 0.0303202 -0.6544
1 23 0.0173601 -0.6544
2 23 -0.0128799 -0.65224
0 24 0.0260002 -0.6976
1 24 0.0108802 -0.69976
2 24 -0.0171998 -0.6976
0 25 0.0368001 -0.76024
1 25 0.0216801 -0.7624
2 25 -0.00639985 -0.76024
0 26 0.0860483 -0.90928
1 26 0.0730882 -0.914464
2 26 0.0445763 -0.911872
0 27 -0.13168 -0.673408
1 27 -0.149824 -0.673408
2 27 -0.178336 -0.670816
0 28 0.0316163 -0.758944
1 28 0.0160643 -0.761536
2 28 -0.0124477 -0.758944
0 29 0.0316163 -0.655264
1 29 0.0160643 -0.655264
2 29 -0.0124477 -0.652672
0 30 -0.00726376 -0.764128
1 30 -0.0202237 -0.76672
2 30 -0.0513278 -0.764128
0 31 0.0627202 -0.554176
1 31 0.0497602 -0.551584
2 31 0.0238403 -0.548992
0 32 -0.14248 -0.9136
1 32 -0.160192 -0.919648
2 32 -0.191296 -0.917056
0 33 -0.0150398 -0.764128
1 33 -0.0305918 -0.76672
2 33 -0.0591038 -0.764128
0 34 0.0139907 -0.617421
1 34 -0.00156136 -0.617421
2 34 -0.0295549 -0.61431
0 35 0.0295427 -0.822707
1 35 0.0139907 -0.825818
2 35 -0.0140029 -0.822707
0 36 -0.0171134 -0.657856
1 36 -0.0326653 -0.657856
2 36 -0.060659 -0.654746
0 37 -0.0171134 -0.6112
1 37 -0.0326653 -0.60809
2 37 -0.060659 -0.604979
0 38 0.0357635 -0.785382
1 38 0.0233219 -0.788493
2 38 -0.00778211 -0.785382
0 39 0.0295427 -0.68585
1 39 0.0139907 -0.68585
2 39 -0.0140029 -0.682739
0 40 -0.0668798 -0.813376
1 40 -0.0824317 -0.816486
2 40 -0.113536 -0.813376
0 41 -0.0519498 -0.723796
1 41 -0.0668797 -0.723796
2 41 -0.0967396 -0.720064
0 42 -0.0668797 -0.813376
1 42 -0.0818097 -0.817108
2 42 -0.111669 -0.813376
0 43 -0.130332 -0.671542
1 43 -0.148994 -0.671542
2 43 -0.178854 -0.667809
0 44 -0.137797 -0.649147
1 44 -0.156459 -0.652879
2 44 -0.186319 -0.645414
0 45 -0.0295549 -0.764854
1 45 -0.0444848 -0.768586
2 45 -0.0743447 -0.764854
0 46 0.00403741 -0.764854
1 46 -0.0108925 -0.764854
2 46 -0.0407523 -0.764854
0 47 -0.0370199 -0.776051
1 47 -0.0519498 -0.779784
2 47 -0.0818097 -0.776051
0 48 0.0525597 -0.794714
1 48 0.0376298 -0.798446
2 48 0.0077699 -0.794714
0 49 -0.0631472 -0.828306
1 49 -0.0780772 -0.832038
2 49 -0.107937 -0.828306
