45
0 0 0.1375 -0.786458
1 0 0.157292 -0.790625
2 0 0.163542 -0.792708
0 1 0.1375 -0.78625
1 1 0.15625 -0.79
2 1 0.16375 -0.7925
0 2 -0.1915 -0.358
1 2 -0.1825 -0.3565
2 2 -0.1825 -0.352
0 3 0.0785 -0.6265
1 3 0.0950001 -0.6295
2 3 0.101 -0.6295
0 4 -0.1225 -0.799
1 4 -0.1105 -0.805
2 4 -0.109 -0.808
0 5 0.0815 -0.7135
1 5 0.0995 -0.7165
2 5 0.107 -0.718
0 6 0.0890001 -0.751
1 6 0.1085 -0.7555
2 6 0.116 -0.757
0 7 0.134 -0.7588
1 7 0.1538 -0.7624
2 7 0.161 -0.7642
0 8 0.0890001 -0.7372
1 8 0.1088 -0.7408
2 8 0.116 -0.7426
0 9 0.0692001 -0.6328
1 9 0.0872002 -0.6346
2 9 0.0926001 -0.6364
0 10 0.0350001 -0.6346
1 10 0.0530001 -0.6364
2 10 0.0584001 -0.6382
0 11 0.0872002 -0.7678
1 11 0.107 -0.7714
2 11 0.1142 -0.7732
0 12 -0.2764 -0.487
1 12 -0.2692 -0.487
2 12 -0.271 -0.4852
0 13 -0.181 -0.3538
1 13 -0.172 -0.352
2 13 -0.172 -0.3484
0 14 0.0368001 -0.67168
1 14 0.0540801 -0.676
2 14 0.0605602 -0.67816
0 15 0.0843202 -0.63928
1 15 0.1016 -0.64144
2 15 0.10808 -0.6436
0 16 -0.28072 -0.60904
1 16 -0.27208 -0.6112
2 16 -0.27424 -0.6112
0 17 0.13616 -0.79264
1 17 0.1556 -0.79696
2 17 0.16208 -0.79912
0 18 0.0929601 -0.73216
1 18 0.11024 -0.73648
2 18 0.11672 -0.73864
0 19 -0.17056 -0.64144
1 19 -0.15976 -0.64144
2 19 -0.15976 -0.6436
0 20 -0.2764 -0.59824
1 20 -0.26776 -0.6004
2 20 -0.26992 -0.6004
0 21 0.15992 -0.6436
1 21 0.17936 -0.64576
2 21 0.18584 -0.64576
0 22 0.0886402 -0.76672
1 22 0.10808 -0.77104
2 22 0.11456 -0.7732
0 23 -0.17056 -0.642304
1 23 -0.160192 -0.642304
2 23 -0.160192 -0.644896
0 24 0.0342082 -0.634528
1 24 0.0523523 -0.639712
2 24 0.0575363 -0.639712
0 25 0.104192 -0.63712
1 25 0.122336 -0.639712
2 25 0.12752 -0.639712
0 26 0.0808642 -0.655264
1 26 0.0990083 -0.657856
2 26 0.106784 -0.660448
0 27 0.135296 -0.79264
1 27 0.156032 -0.797824
2 27 0.161216 -0.800416
0 28 -0.282016 -0.608608
1 28 -0.271648 -0.6112
2 28 -0.27424 -0.6112
0 29 0.0886403 -0.760499
1 29 0.110413 -0.76361
2 29 0.116634 -0.76672
0 30 0.135296 -0.791603
1 30 0.153959 -0.797824
2 30 0.16018 -0.797824
0 31 -0.172633 -0.642304
1 31 -0.160192 -0.645414
2 31 -0.160192 -0.645414
0 32 0.032653 -0.636083
1 32 0.0513155 -0.639194
2 32 0.0575363 -0.639194
0 33 0.032653 -0.813376
1 33 0.0513155 -0.819597
2 33 0.0575363 -0.822707
0 34 0.142139 -0.761121
1 34 0.160802 -0.764854
2 34 0.168267 -0.768586
0 35 0.123477 -0.656612
1 35 0.142139 -0.660344
2 35 0.149604 -0.660344
0 36 0.130942 -0.768586
1 36 0.149604 -0.772319
2 36 0.157069 -0.772319
0 37 0.153337 -0.779784
1 37 0.171999 -0.787249
2 37 0.179464 -0.787249
0 38 0.0600246 -0.787249
1 38 0.0749546 -0.790981
2 38 0.0824195 -0.794714
0 39 0.157069 -0.645414
1 39 0.175732 -0.649147
2 39 0.183197 -0.649147
0 40 -0.122867 -0.794714
1 40 -0.107937 -0.798446
2 40 -0.107937 -0.802178
0 41 -0.130332 -0.802178
1 41 -0.119134 -0.809643
2 41 -0.115402 -0.813376
0 42 0.0338973 -0.813376
1 42 0.0525597 -0.817108
2 42 0.0600246 -0.820841
0 43 -0.171389 -0.361746
1 43 -0.160192 -0.358013
2 43 -0.160192 -0.354281
0 44 -0.272166 -0.693937
1 44 -0.264701 -0.697669
2 44 -0.264701 -0.697669
