41
0 0 0.075 -0.683333
1 0 0.0385417 -0.685417
2 0 0.015625 -0.691667
0 1 0.075 -0.6825
1 1 0.0375001 -0.685
2 1 0.015 -0.69125
0 2 0.0825001 -0.8425
1 2 0.045 -0.84625
2 2 0.02125 -0.85375
0 3 0.0300001 -0.68375
1 3 -0.00833333 -0.685417
2 3 -0.0312499 -0.6925
0 4 0.05125 -0.65625
1 4 0.0125001 -0.655
2 4 -0.00999997 -0.66
0 5 0.0815 -0.844
1 5 0.0440001 -0.847
2 5 0.02 -0.8545
0 6 0.0275 -0.8125
1 6 -0.0115 -0.8155
2 6 -0.0355 -0.823
0 7 0.0425001 -0.805
1 7 0.00500005 -0.808
2 7 -0.019 -0.8155
0 8 0.0152001 -0.757
1 8 -0.0225999 -0.7588
2 8 -0.0459999 -0.766
0 9 0.000800069 -0.7858
1 9 -0.0387999 -0.7876
2 9 -0.0639999 -0.7948
0 10 0.0818001 -0.8434
1 10 0.0440001 -0.847
2 10 0.0206001 -0.8542
0 11 0.0278001 -0.8164
1 11 -0.0117999 -0.82
2 11 -0.0351999 -0.8272
0 12 0.1178 -0.6634
1 12 0.0818001 -0.6634
2 12 0.0584001 -0.6688
0 13 0.0782001 -0.8092
1 13 0.0404001 -0.8128
2 13 0.0170001 -0.82
0 14 0.0170001 -0.7858
1 14 -0.0225999 -0.7876
2 14 -0.0459999 -0.7948
0 15 0.0314001 -0.7282
1 15 -0.00639992 -0.73
2 15 -0.0297999 -0.7372
0 16 0.0735202 -0.65224
1 16 0.0368001 -0.65224
2 16 0.0130402 -0.65656
0 17 8.01722e-05 -0.78184
1 17 -0.0409599 -0.784
2 17 -0.0647199 -0.79048
0 18 0.0152002 -0.75592
1 18 -0.0215199 -0.75808
2 18 -0.0452799 -0.76456
0 19 0.0281602 -0.75592
1 19 -0.0107199 -0.75808
2 19 -0.0344798 -0.76456
0 20 0.0821602 -0.84448
1 20 0.0432802 -0.8488
2 20 0.0195201 -0.85528
0 21 0.0735202 -0.80344
1 21 0.0368001 -0.80776
2 21 0.0130402 -0.81424
0 22 0.0821602 -0.85096
1 22 0.0454402 -0.85528
2 22 0.0195201 -0.86176
0 23 0.0324802 -0.72784
1 23 -0.00423985 -0.73
2 23 -0.0279999 -0.73648
0 24 0.0342082 -0.72784
1 24 -0.00467173 -0.730432
2 24 -0.0279998 -0.738208
0 25 0.0264322 -0.652672
1 25 -0.00985578 -0.652672
2 25 -0.0357758 -0.657856
0 26 0.11456 -0.595648
1 26 0.0756803 -0.595648
2 26 0.0549442 -0.600832
0 27 0.0756803 -0.720064
1 27 0.0393922 -0.722656
2 27 0.0160643 -0.730432
0 28 0.0290243 -0.815968
1 28 -0.00985578 -0.81856
2 28 -0.0331838 -0.826336
0 29 0.0393922 -0.8056
1 29 0.00051225 -0.808192
2 29 -0.0228158 -0.815968
0 30 0.0419842 -0.797824
1 30 0.00310421 -0.800416
2 30 -0.0202237 -0.808192
0 31 0.0549442 -0.797824
1 31 0.0160643 -0.800416
2 31 -0.00726376 -0.808192
0 32 0.0793091 -0.850701
1 32 0.0419843 -0.853811
2 32 0.0171011 -0.863142
0 33 0.0855298 -0.819597
1 33 0.0450947 -0.822707
2 33 0.0233219 -0.828928
0 34 -0.0202237 -0.651635
1 34 -0.0575485 -0.651635
2 34 -0.0824317 -0.654746
0 35 0.0730883 -0.720064
1 35 0.0357635 -0.723174
2 35 0.0139907 -0.729395
0 36 0.078687 -0.850701
1 36 0.0413623 -0.854433
2 36 0.0189673 -0.861898
0 37 -0.0108925 -0.843236
1 37 -0.0482173 -0.846968
2 37 -0.0743447 -0.854433
0 38 0.0301648 -0.817108
1 38 -0.0108925 -0.820841
2 38 -0.0332874 -0.828306
0 39 0.0189673 -0.645414
1 39 -0.0183575 -0.645414
2 39 -0.0444848 -0.649147
0 40 -0.0519498 -0.708866
1 40 -0.0892746 -0.708866
2 40 -0.115402 -0.716331
