40
0 0 0.120833 -0.6875
1 0 0.0989583 -0.684375
2 0 0.0739583 -0.685417
0 1 0.607292 -0.859375
1 1 0.6 -0.866667
2 1 0.598958 -0.875
0 2 0.0845 -0.6865
1 2 0.062 -0.682
2 2 0.0365 -0.6835
0 3 0.134 -0.6865
1 3 0.113 -0.682
2 3 0.0875 -0.6835
0 4 0.60125 -0.845
1 4 0.593 -0.85
2 4 0.5915 -0.8575
0 5 0.51875 -0.8225
1 5 0.506 -0.8245
2 5 0.4985 -0.832
0 6 -0.0531999 -0.5464
1 6 -0.0765999 -0.541
2 6 -0.103 -0.5395
0 7 0.1394 -0.8074
1 7 0.1178 -0.8038
2 7 0.0926001 -0.8056
0 8 0.5876 -0.2854
1 8 0.584 -0.271
2 8 0.5786 -0.2548
0 9 0.1034 -0.6886
1 9 0.0836001 -0.685
2 9 0.0566001 -0.6868
0 10 -0.055 -0.4765
1 10 -0.0765999 -0.4726
2 10 -0.1036 -0.4708
0 11 -0.0531999 -0.5464
1 11 -0.0765999 -0.541
2 11 -0.1036 -0.541
0 12 0.13832 -0.79696
1 12 0.1124 -0.7948
2 12 0.0886402 -0.79696
0 13 0.134 -0.6868
1 13 0.11456 -0.68248
2 13 0.0886402 -0.68464
0 14 0.1448 -0.78616
1 14 0.1232 -0.78184
2 14 0.0972801 -0.784
0 15 0.10592 -0.68896
1 15 0.0843202 -0.68464
2 15 0.0584002 -0.6868
0 16 -0.0535 -0.5455
1 16 -0.0765999 -0.541
2 16 -0.10144 -0.53992
0 17 0.148256 -0.784864
1 17 0.124928 -0.782272
2 17 0.0990083 -0.784864
0 18 0.0653123 -0.696736
1 18 0.0419842 -0.694144
2 18 0.0160643 -0.694144
0 19 0.137888 -0.790048
1 19 0.117152 -0.787456
2 19 0.0912323 -0.790048
0 20 0.14048 -0.808192
1 20 0.117152 -0.803008
2 20 0.0912323 -0.8056
0 21 0.0704962 -0.71488
1 21 0.0471682 -0.709696
2 21 0.0212482 -0.712288
0 22 0.0653123 -0.722656
1 22 0.0419842 -0.717472
2 22 0.0160643 -0.720064
0 23 0.0637571 -0.704512
1 23 0.0419843 -0.701402
2 23 0.0139907 -0.704512
0 24 0.0637571 -0.723174
1 24 0.0419843 -0.716954
2 24 0.0139907 -0.720064
0 25 0.0653123 -0.815968
1 25 0.0419843 -0.807155
2 25 0.0139907 -0.810266
0 26 0.0668674 -0.68585
1 26 0.0450947 -0.682739
2 26 0.0171011 -0.682739
0 27 0.583194 -0.30016
1 27 0.580084 -0.287718
2 27 0.573863 -0.272166
0 28 0.586304 -0.359776
1 28 0.580084 -0.349926
2 28 0.573863 -0.334374
0 29 -0.0513278 -0.5464
1 29 -0.076211 -0.542771
2 29 -0.104205 -0.542771
0 30 0.0637571 -0.723796
1 30 0.0413623 -0.720064
2 30 0.0152349 -0.723796
0 31 0.0674896 -0.716331
1 31 0.0450947 -0.708866
2 31 0.0189673 -0.712599
0 32 0.0637571 -0.705134
1 32 0.0413623 -0.701402
2 32 0.0152349 -0.705134
0 33 0.0973494 -0.697669
1 33 0.0712221 -0.693937
2 33 0.0488272 -0.693937
0 34 0.0898844 -0.809643
1 34 0.0674896 -0.805911
2 34 0.0376298 -0.809643
0 35 0.0637571 -0.813376
1 35 0.0413623 -0.805911
2 35 0.0152349 -0.809643
0 36 0.130942 -0.693937
1 36 0.108547 -0.690204
2 36 0.0824195 -0.693937
0 37 0.078687 -0.802178
1 37 0.0562922 -0.798446
2 37 0.0301648 -0.802178
0 38 -0.0519498 -0.54837
1 38 -0.0743447 -0.544637
2 38 -0.104205 -0.544637
0 39 0.168267 -0.805911
1 39 0.142139 -0.798446
2 39 0.119744 -0.802178
