74
0 0 0.0104167 -0.583333
1 0 -0.00520833 -0.584375
2 0 -0.0125 -0.585417
0 1 -0.0574999 -0.72375
1 1 -0.0749999 -0.72625
2 1 -0.08125 -0.728125
0 2 0.01375 -0.6625
1 2 -0.00124995 -0.6625
2 2 -0.00999997 -0.665
0 3 0.00625006 -0.57875
1 3 -0.00874996 -0.58
2 3 -0.01625 -0.58125
0 4 0.0225 -0.575
1 4 0.00625006 -0.57625
2 4 -0.00124995 -0.5775
0 5 0.00650005 -0.5785
1 5 -0.00849997 -0.58
2 5 -0.0175 -0.5815
0 6 -0.217 -0.7195
1 6 -0.235 -0.7225
2 6 -0.244 -0.724
0 7 -0.2095 -0.694
1 7 -0.226 -0.697
2 7 -0.238 -0.6955
0 8 -0.2215 -0.6895
1 8 -0.2395 -0.6925
2 8 -0.247 -0.694
0 9 -0.016 -0.5755
1 9 -0.0309999 -0.5755
2 9 -0.0385 -0.577
0 10 0.00950006 -0.5845
1 10 -0.00549997 -0.5845
2 10 -0.013 -0.586
0 11 -0.0445 -0.595
1 11 -0.0594999 -0.598
2 11 -0.0669999 -0.5965
0 12 -0.058 -0.724
1 12 -0.0729999 -0.7264
2 12 -0.082 -0.7285
0 13 0.1835 -0.292
1 13 0.17 -0.292
2 13 0.1655 -0.292
0 14 -0.64875 -0.55875
1 14 -0.67816 -0.56152
2 14 -0.697 -0.562
0 15 -0.0984999 -0.5875
1 15 -0.1135 -0.589
2 15 -0.1225 -0.589
0 16 -0.058 -0.724
1 16 -0.0729999 -0.7264
2 16 -0.0783999 -0.7282
0 17 -0.2206 -0.6904
1 17 -0.2386 -0.6922
2 17 -0.2476 -0.694
0 18 -0.2152 -0.6886
1 18 -0.2332 -0.6922
2 18 -0.2422 -0.694
0 19 -0.0261999 -0.5842
1 19 -0.0423999 -0.5842
2 19 -0.0495999 -0.586
0 20 -0.217 -0.7192
1 20 -0.235 -0.7228
2 20 -0.244 -0.7246
0 21 0.00800012 -0.5788
1 21 -0.00819988 -0.5788
2 21 -0.0153999 -0.5806
0 22 -0.64875 -0.55875
1 22 -0.67816 -0.56152
2 22 -0.6976 -0.5626
0 23 -0.0585999 -0.7246
1 23 -0.0729999 -0.7264
2 23 -0.0819999 -0.7282
0 24 -0.0369999 -0.6688
1 24 -0.0531999 -0.6688
2 24 -0.0603999 -0.6706
0 25 -0.0891999 -0.6436
1 25 -0.1054 -0.6436
2 25 -0.1126 -0.6454
0 26 -0.23104 -0.28504
1 26 -0.24832 -0.28504
2 26 -0.25696 -0.28504
0 27 0.00656013 -0.67168
1 27 -0.0107199 -0.67384
2 27 -0.0171998 -0.67384
0 28 -0.0495998 -0.66952
1 28 -0.0647199 -0.67168
2 28 -0.0733599 -0.67384
0 29 0.181952 -0.292384
1 29 0.16856 -0.29152
2 29 0.16424 -0.29152
0 30 -0.21376 -0.68896
1 30 -0.2332 -0.69328
2 30 -0.24184 -0.69328
0 31 -0.65008 -0.55936
1 31 -0.67816 -0.56152
2 31 -0.6976 -0.56368
0 32 -0.0431199 -0.57664
1 32 -0.0582399 -0.5788
2 32 -0.0647199 -0.5788
0 33 0.00872014 -0.5788
1 33 -0.00639985 -0.5788
2 33 -0.0150399 -0.58096
0 34 -0.20944 -0.69544
1 34 -0.22672 -0.6976
2 34 -0.23536 -0.69976
0 35 -0.21592 -0.71272
1 35 -0.2332 -0.71488
2 35 -0.244 -0.71704
0 36 -0.21808 -0.7192
1 36 -0.23536 -0.72136
2 36 -0.244 -0.72352
0 37 -0.0585999 -0.7246
1 37 -0.0733599 -0.72784
2 37 -0.0819998 -0.73
0 38 -0.0560799 -0.73216
1 38 -0.0733599 -0.73432
2 38 -0.0819998 -0.73648
0 39 -0.212032 -0.707104
1 39 -0.230176 -0.709696
2 39 -0.237952 -0.712288
0 40 -0.0487357 -0.670816
1 40 -0.0642878 -0.670816
2 40 -0.0720638 -0.673408
0 41 -0.0482173 -0.673408
1 41 -0.0642878 -0.676
2 41 -0.0720638 -0.678592
0 42 -0.0254078 -0.567136
1 42 -0.0409598 -0.567136
2 42 -0.0487357 -0.569728
0 43 -0.0560799 -0.73216
1 43 -0.0720638 -0.733024
2 43 -0.0798398 -0.735616
0 44 0.0108802 -0.577504
1 44 -0.00467173 -0.580096
2 44 -0.0124477 -0.580096
0 45 -0.0560799 -0.72352
1 45 -0.0720638 -0.72784
2 45 -0.0798398 -0.72784
0 46 0.00569623 -0.673408
1 46 -0.00985578 -0.673408
2 46 -0.0176318 -0.676
0 47 -0.0435518 -0.59824
1 47 -0.0591038 -0.59824
2 47 -0.0668798 -0.59824
0 48 0.296 -0.810784
1 48 0.285632 -0.815968
2 48 0.28304 -0.823744
0 49 -0.230176 -0.284608
1 49 -0.24832 -0.284608
2 49 -0.256096 -0.284608
0 50 -0.0305918 -0.574912
1 50 -0.0461438 -0.577504
2 50 -0.0539198 -0.577504
0 51 0.181952 -0.292384
1 51 0.168992 -0.292384
2 51 0.163808 -0.292384
0 52 0.0549442 -0.722656
1 52 0.0393922 -0.725248
2 52 0.0316163 -0.72784
0 53 -0.0264446 -0.586317
1 53 -0.0419965 -0.586317
2 53 -0.0482173 -0.586317
0 54 0.00465946 -0.673408
1 54 -0.0108926 -0.673408
2 54 -0.0202237 -0.676518
0 55 -0.0539198 -0.725248
1 55 -0.0699902 -0.726285
2 55 -0.0793214 -0.729395
0 56 -0.20944 -0.70192
1 56 -0.228621 -0.704512
2 56 -0.237952 -0.707622
0 57 -0.219289 -0.716954
1 57 -0.237952 -0.720064
2 57 -0.247283 -0.723174
0 58 0.0108803 -0.576985
1 58 -0.00467173 -0.580096
2 58 -0.0140029 -0.580096
0 59 -0.0264446 -0.567654
1 59 -0.0419965 -0.567654
2 59 -0.0482173 -0.567654
0 60 0.181952 -0.290829
1 60 0.168992 -0.292384
2 60 0.16329 -0.290829
0 61 -0.045107 -0.595648
1 61 -0.060659 -0.598758
2 61 -0.0668798 -0.598758
0 62 0.0233219 -0.673408
1 62 0.0077699 -0.676518
2 62 -0.00156136 -0.676518
0 63 -0.231731 -0.284608
1 63 -0.250393 -0.284608
2 63 -0.256614 -0.284608
0 64 -0.0332874 -0.671542
1 64 -0.0482173 -0.671542
2 64 -0.0556823 -0.675274
0 65 -0.219911 -0.720064
1 65 -0.238574 -0.720064
2 65 -0.246039 -0.723796
0 66 -0.0258224 -0.567032
1 66 -0.0407523 -0.567032
2 66 -0.0482173 -0.570765
0 67 -0.0332874 -0.57823
1 67 -0.0482173 -0.57823
2 67 -0.0556823 -0.57823
0 68 -0.0258224 -0.589427
1 68 -0.0407523 -0.589427
2 68 -0.0482173 -0.589427
0 69 -0.0818097 -0.455058
1 69 -0.100472 -0.455058
2 69 -0.107937 -0.455058
0 70 0.0226998 -0.675274
1 70 0.0077699 -0.675274
2 70 -0.00342757 -0.679007
0 71 -0.231109 -0.287096
1 71 -0.249771 -0.287096
2 71 -0.257236 -0.283364
0 72 0.179464 -0.290829
1 72 0.168267 -0.290829
2 72 0.164534 -0.290829
0 73 -0.0444848 -0.596892
1 73 -0.0594147 -0.600625
2 73 -0.0668797 -0.600625
