35
0 0 0.0875 -0.684375
1 0 0.06375 -0.68375
2 0 0.0375 -0.685417
0 1 0.0875 -0.68375
1 1 0.06375 -0.68375
2 1 0.0375001 -0.685
0 2 -0.103125 -0.539583
1 2 -0.1285 -0.538
2 2 -0.1585 -0.5365
0 3 -0.1036 -0.4708
1 3 -0.1324 -0.469
2 3 -0.16 -0.466
0 4 0.0962001 -0.784
1 4 0.0728001 -0.784
2 4 0.0458001 -0.7876
0 5 0.4985 -0.832
1 5 0.4904 -0.8254
2 5 0.4814 -0.829
0 6 -0.1036 -0.4708
1 6 -0.1324 -0.469
2 6 -0.1594 -0.4654
0 7 0.0929601 -0.80776
1 7 0.0692001 -0.80776
2 7 0.0411201 -0.80992
0 8 0.0152002 -0.69328
1 8 -0.00855986 -0.69328
2 8 -0.0344798 -0.69544
0 9 0.0972801 -0.784
1 9 0.0735202 -0.784
2 9 0.0454402 -0.78832
0 10 0.0886402 -0.79696
1 10 0.0627202 -0.79696
2 10 0.0368001 -0.79912
0 11 0.5084 -0.829
1 11 0.5012 -0.8236
2 11 0.49256 -0.8272
0 12 0.0290243 -0.803008
1 12 0.00310421 -0.803008
2 12 -0.0228158 -0.808192
0 13 0.0912323 -0.790048
1 13 0.0653123 -0.790048
2 13 0.0393922 -0.79264
0 14 0.0160643 -0.694144
1 14 -0.00726376 -0.694144
2 14 -0.0331838 -0.696736
0 15 0.0186562 -0.683776
1 15 -0.00467173 -0.683776
2 15 -0.0305918 -0.686368
0 16 0.0160643 -0.70192
1 16 -0.00985578 -0.704512
2 16 -0.0357758 -0.704512
0 17 0.0912323 -0.8056
1 17 0.0679043 -0.808192
2 17 0.0393922 -0.810784
0 18 -0.103168 -0.543808
1 18 -0.129088 -0.538624
2 18 -0.1576 -0.538624
0 19 0.0575363 -0.681184
1 19 0.0342082 -0.681184
2 19 0.00828826 -0.683776
0 20 -0.104205 -0.542771
1 20 -0.129088 -0.542771
2 20 -0.157081 -0.539661
0 21 0.564532 -0.337485
1 21 0.558311 -0.312601
2 21 0.5552 -0.293939
0 22 0.0139907 -0.720064
1 22 -0.0108926 -0.720064
2 22 -0.0357758 -0.723174
0 23 0.0886403 -0.797824
1 23 0.0637571 -0.797824
2 23 0.0388739 -0.800934
0 24 0.0886403 -0.807155
1 24 0.0668674 -0.807155
2 24 0.0388739 -0.810266
0 25 0.0139907 -0.704512
1 25 -0.0108926 -0.704512
2 25 -0.0357758 -0.704512
0 26 0.0171011 -0.682739
1 26 -0.00778211 -0.682739
2 26 -0.0326653 -0.68585
0 27 0.0898844 -0.805911
1 27 0.0637571 -0.805911
2 27 0.0376298 -0.809643
0 28 0.0152349 -0.723796
1 28 -0.0108925 -0.723796
2 28 -0.0370199 -0.723796
0 29 0.0376298 -0.809643
1 29 0.0152349 -0.809643
2 29 -0.0108925 -0.813376
0 30 0.0301648 -0.802178
1 30 0.00403741 -0.802178
2 30 -0.02209 -0.805911
0 31 0.0152349 -0.705134
1 31 -0.0108925 -0.705134
2 31 -0.0370199 -0.705134
0 32 0.0898844 -0.798446
1 32 0.0637571 -0.798446
2 32 0.0376298 -0.802178
0 33 -0.104205 -0.544637
1 33 -0.126599 -0.540905
2 33 -0.156459 -0.540905
0 34 0.0898844 -0.787249
1 34 0.0637571 -0.787249
2 34 0.0376298 -0.790981
