68
0 0 0.04375 -0.6625
1 0 0.0416667 -0.661458
2 0 0.040625 -0.654167
0 1 0.0625001 -0.915
1 1 0.06 -0.915
2 1 0.0575 -0.90875
0 2 -0.0574999 -0.7425
1 2 -0.06 -0.74125
2 2 -0.0624999 -0.73375
0 3 -0.00374997 -0.66375
1 3 -0.00499999 -0.6625
2 3 -0.00624994 -0.655
0 4 -0.0187499 -0.7375
1 4 -0.0199999 -0.735
2 4 -0.0225 -0.72875
0 5 -0.0525 -0.76125
1 5 -0.0562499 -0.75875
2 5 -0.05875 -0.7525
0 6 -0.055 -0.6225
1 6 -0.0574999 -0.62
2 6 -0.06 -0.6125
0 7 0.08125 -0.595
1 7 0.0800001 -0.59125
2 7 0.0787501 -0.58375
0 8 0.04625 -0.70375
1 8 0.045 -0.70125
2 8 0.0425001 -0.69375
0 9 0.08375 -0.59375
1 9 0.0825001 -0.59125
2 9 0.08125 -0.58375
0 10 0.0112501 -0.6175
1 10 0.01 -0.61375
2 10 0.00750001 -0.6075
0 11 -0.079 -0.919
1 11 -0.0805 -0.919
2 11 -0.085 -0.913
0 12 0.0625001 -0.91875
1 12 0.059 -0.919
2 12 0.0575 -0.913
0 13 0.0625001 -0.915
1 13 0.06 -0.915
2 13 0.0575 -0.9085
0 14 -0.0565 -0.7645
1 14 -0.0594999 -0.763
2 14 -0.0624999 -0.757
0 15 0.0245 -0.619
1 15 0.0215 -0.6175
2 15 0.02 -0.61
0 16 -0.0535 -0.7465
1 16 -0.0565 -0.745
2 16 -0.058 -0.7375
0 17 -0.058 -0.7435
1 17 -0.0594999 -0.7405
2 17 -0.0624999 -0.7345
0 18 -0.019 -0.7375
1 18 -0.0205 -0.736
2 18 -0.0219999 -0.73
0 19 0.0455001 -0.703
1 19 0.0440001 -0.7015
2 19 0.0425001 -0.694
0 20 0.00950006 -0.781
1 20 0.00650005 -0.7795
2 20 0.00500005 -0.772
0 21 -0.00849997 -0.7945
1 21 -0.00999997 -0.793
2 21 -0.013 -0.7855
0 22 0.0860001 -0.6355
1 22 0.0845 -0.634
2 22 0.0830001 -0.6265
0 23 0.0170001 -0.7804
1 23 0.0134001 -0.7786
2 23 0.0116001 -0.7714
0 24 -0.0783999 -0.919
1 24 -0.0801999 -0.919
2 24 -0.0837999 -0.9136
0 25 0.0620001 -0.919
1 25 0.0584001 -0.919
2 25 0.0566001 -0.9136
0 26 -0.0567999 -0.7426
1 26 -0.0603999 -0.7426
2 26 -0.0621999 -0.7354
0 27 0.0440001 -0.6688
1 27 0.0422001 -0.667
2 27 0.0404001 -0.6598
0 28 -0.0333999 -0.739
1 28 -0.0351999 -0.7372
2 28 -0.0369999 -0.73
0 29 -0.000999896 -0.7786
1 29 -0.00279992 -0.7768
2 29 -0.00459989 -0.7696
0 30 -0.00819988 -0.7948
1 30 -0.00999991 -0.793
2 30 -0.0117999 -0.7858
0 31 -0.1144 -0.6886
1 31 -0.118 -0.6868
2 31 -0.1216 -0.6796
0 32 8.01722e-05 -0.62632
1 32 -0.00207984 -0.622
2 32 -0.00423985 -0.61552
0 33 0.0432802 -0.66952
1 33 0.0432802 -0.66736
2 33 0.0411201 -0.66088
0 34 -0.12304 -0.92224
1 34 -0.12736 -0.92224
2 34 -0.13168 -0.91576
0 35 0.0411201 -0.66304
1 35 0.0389601 -0.66088
2 35 0.0368001 -0.6544
0 36 -0.0193598 -0.73648
1 36 -0.0193598 -0.73432
2 36 -0.0215199 -0.72784
0 37 -0.0387999 -0.76888
1 37 -0.0409599 -0.76888
2 37 -0.0431199 -0.7624
0 38 0.0411201 -0.65872
1 38 0.0411201 -0.65656
2 38 0.0389601 -0.65008
0 39 0.0454402 -0.70192
1 39 0.0432802 -0.69976
2 39 0.0411201 -0.69328
0 40 -0.00423985 -0.73648
1 40 -0.00639985 -0.73432
2 40 -0.00855986 -0.72784
0 41 0.0476002 -0.78832
1 41 0.0454402 -0.78616
2 41 0.0454402 -0.77968
0 42 -0.00639985 -0.79912
1 42 -0.00855986 -0.79696
2 42 -0.0107199 -0.79048
0 43 -0.0539199 -0.61552
1 43 -0.0560799 -0.61336
2 43 -0.0582399 -0.60472
0 44 0.0389601 -0.78616
1 44 0.0368001 -0.784
2 44 0.0346401 -0.77752
0 45 -0.0171998 -0.76888
1 45 -0.0193598 -0.76672
2 45 -0.0215199 -0.76024
0 46 0.00872014 -0.74296
1 46 0.00656013 -0.7408
2 46 0.00440013 -0.73432
0 47 -0.0258399 -0.622
1 47 -0.0279999 -0.61984
2 47 -0.0301599 -0.6112
0 48 -0.0565118 -0.743392
1 48 -0.0591038 -0.743392
2 48 -0.0616958 -0.738208
0 49 0.0990083 -0.917056
1 49 0.0964162 -0.917056
2 49 0.0938243 -0.911872
0 50 -0.0565118 -0.761536
1 50 -0.0591038 -0.761536
2 50 -0.0616958 -0.756352
0 51 0.0497602 -0.790048
1 51 0.0497602 -0.787456
2 51 0.0471682 -0.77968
0 52 -0.0513278 -0.621568
1 52 -0.0539198 -0.618976
2 52 -0.0565118 -0.6112
0 53 0.0368003 -0.71488
1 53 0.0368003 -0.712288
2 53 0.0342082 -0.704512
0 54 -0.0176318 -0.735616
1 54 -0.0202237 -0.733024
2 54 -0.0202237 -0.72784
0 55 0.0419842 -0.657856
1 55 0.0419842 -0.655264
2 55 0.0393922 -0.647488
0 56 -0.00467173 -0.670816
1 56 -0.00467173 -0.668224
2 56 -0.00726376 -0.66304
0 57 0.0782722 -0.569728
1 57 0.0756803 -0.567136
2 57 0.0756803 -0.55936
0 58 0.0808642 -0.63712
1 58 0.0808642 -0.634528
2 58 0.0782722 -0.626752
0 59 -0.0254078 -0.621568
1 59 -0.0279998 -0.618976
2 59 -0.0305918 -0.6112
0 60 -0.113536 -0.670297
1 60 -0.116646 -0.667187
2 60 -0.119757 -0.660966
0 61 -0.113536 -0.68585
1 61 -0.116646 -0.68585
2 61 -0.119757 -0.676518
0 62 -0.00467173 -0.673408
1 62 -0.00467173 -0.670297
2 62 -0.00778211 -0.664077
0 63 0.0376298 -0.817108
1 63 0.0376298 -0.817108
2 63 0.0338973 -0.809643
0 64 0.0413623 -0.835771
1 64 0.0376298 -0.835771
2 64 0.0376298 -0.828306
0 65 -0.122867 -0.664077
1 65 -0.126599 -0.664077
2 65 -0.130332 -0.656612
0 66 -0.00716 -0.798446
1 66 -0.00716 -0.798446
2 66 -0.0108925 -0.790981
0 67 -0.0370199 -0.611822
1 67 -0.0370199 -0.611822
2 67 -0.0407523 -0.604357
