12
0 0 0.19375 -0.907292
1 0 0.134375 -0.907292
2 0 0.109375 -0.911458
0 1 0.15 -0.66625
1 1 0.0950001 -0.66625
2 1 0.075 -0.66625
0 2 0.19375 -0.9075
1 2 0.13375 -0.9075
2 2 0.10875 -0.91125
0 3 0.1505 -0.67
1 3 0.0965 -0.6685
2 3 0.0755 -0.67
0 4 0.15128 -0.66736
1 4 0.0972801 -0.66736
2 4 0.0756802 -0.66736
0 5 0.1016 -0.676
1 5 0.0476002 -0.67384
2 5 0.0260002 -0.67384
0 6 0.0388739 -0.710733
1 6 -0.0171134 -0.707622
2 6 -0.0388861 -0.707622
0 7 0.185063 -0.838259
1 7 0.129075 -0.835149
2 7 0.107303 -0.84137
0 8 0.107303 -0.729395
1 8 0.0544259 -0.729395
2 8 0.032653 -0.729395
0 9 0.183197 -0.839503
1 9 0.127209 -0.835771
2 9 0.104814 -0.839503
0 10 0.153337 -0.667809
1 10 0.0973494 -0.667809
2 10 0.078687 -0.667809
0 11 0.0413623 -0.671542
1 11 -0.0108925 -0.667809
2 11 -0.0332874 -0.667809
