79
0 0 -0.025 -0.577083
1 0 -0.0239583 -0.578125
2 0 -0.0166667 -0.580208
0 1 0.00625006 -0.57625
1 1 0.00750001 -0.5775
2 1 0.01375 -0.58
0 2 -0.2825 -0.7625
1 2 -0.2825 -0.7675
2 2 -0.27875 -0.77125
0 3 0.00625006 -0.60375
1 3 0.00875003 -0.605
2 3 0.015 -0.6075
0 4 0.077 -0.427
1 4 0.0787501 -0.425
2 4 0.0850001 -0.42625
0 5 -0.05375 -0.74375
1 5 -0.0499999 -0.745
2 5 -0.0437499 -0.74875
0 6 -0.1165 -0.436
1 6 -0.11625 -0.43625
2 6 -0.1125 -0.43875
0 7 0.00650005 -0.577
1 7 0.00800006 -0.577
2 7 0.0140001 -0.58
0 8 -0.247 -0.7285
1 8 -0.2455 -0.7315
2 8 -0.2425 -0.736
0 9 -0.2635 -0.736
1 9 -0.2635 -0.7405
2 9 -0.259 -0.7435
0 10 -0.25 -0.7345
1 10 -0.2485 -0.7375
2 10 -0.2455 -0.742
0 11 -0.253 -0.7345
1 11 -0.253 -0.739
2 11 -0.2485 -0.742
0 12 -0.0535 -0.7435
1 12 -0.0495999 -0.7462
2 12 -0.043 -0.7495
0 13 -0.0249999 -0.577
1 13 -0.0234999 -0.577
2 13 -0.0175 -0.58
0 14 0.00650005 -0.583
1 14 0.00950006 -0.583
2 14 0.0155001 -0.586
0 15 -0.0355 -0.6745
1 15 -0.034 -0.6745
2 15 -0.0264999 -0.679
0 16 0.023 -0.5725
1 16 0.0245 -0.5725
2 16 0.0305 -0.5755
0 17 -0.2782 -0.7678
1 17 -0.2764 -0.7732
2 17 -0.2728 -0.7768
0 18 0.2582 -0.208
1 18 0.26 -0.2008
2 18 0.2708 -0.199
0 19 0.077 -0.427
1 19 0.0785 -0.424
2 19 0.0836001 -0.4258
0 20 -0.0909999 -0.649
1 20 -0.0873999 -0.649
2 20 -0.0819999 -0.6526
0 21 -0.2602 -0.7318
1 21 -0.2602 -0.7354
2 21 -0.2566 -0.739
0 22 -0.2764 -0.7336
1 22 -0.2764 -0.7372
2 22 -0.2728 -0.7408
0 23 -0.0513999 -0.5932
1 23 -0.0495999 -0.595
2 23 -0.0441999 -0.5968
0 24 -0.0351999 -0.6742
1 24 -0.0333999 -0.676
2 24 -0.0261999 -0.6778
0 25 -0.0441999 -0.6742
1 25 -0.0405999 -0.676
2 25 -0.0351999 -0.6778
0 26 -0.0513999 -0.6058
1 26 -0.0495999 -0.6058
2 26 -0.0423999 -0.6094
0 27 -0.28 -0.7408
1 27 -0.28 -0.7444
2 27 -0.2764 -0.748
0 28 -0.0531999 -0.7444
1 28 -0.0495999 -0.7462
2 28 -0.0441999 -0.7498
0 29 -0.2494 -0.7678
1 29 -0.2476 -0.7714
2 29 -0.244 -0.775
0 30 -0.1165 -0.436
1 30 -0.1162 -0.4366
2 30 -0.1126 -0.4384
0 31 -0.0495998 -0.67816
1 31 -0.0461438 -0.678592
2 31 -0.0409599 -0.68248
0 32 -0.244 -0.73216
1 32 -0.24184 -0.73432
2 32 -0.23752 -0.73864
0 33 -0.0344798 -0.57664
1 33 -0.0323199 -0.57664
2 33 -0.0279999 -0.5788
0 34 -0.0474399 -0.59824
1 34 -0.0452799 -0.59824
2 34 -0.0387999 -0.60256
0 35 -0.24832 -0.73
1 35 -0.24616 -0.73216
2 35 -0.24184 -0.73648
0 36 -0.27856 -0.76888
1 36 -0.2764 -0.7732
2 36 -0.27424 -0.77536
0 37 -0.0301599 -0.58528
1 37 -0.0279999 -0.58528
2 37 -0.0215199 -0.58744
0 38 0.00656013 -0.58312
1 38 0.00872014 -0.58312
2 38 0.0152002 -0.58528
0 39 -0.0539199 -0.74512
1 39 -0.0495998 -0.74728
2 39 -0.0431199 -0.74944
0 40 -0.0927999 -0.6544
1 40 -0.0906399 -0.6544
2 40 -0.0863199 -0.65656
0 41 -0.32392 -0.23968
1 41 -0.33256 -0.23752
2 41 -0.33256 -0.23752
0 42 -0.0517598 -0.59392
1 42 -0.0495998 -0.59392
2 42 -0.0431199 -0.59608
0 43 0.25712 -0.20728
1 43 0.26 -0.2008
2 43 0.27008 -0.19864
0 44 -0.0431199 -0.67384
1 44 -0.0383678 -0.673408
2 44 -0.0323199 -0.67816
0 45 0.0152002 -0.66952
1 45 0.0173601 -0.66952
2 45 0.0238401 -0.67384
0 46 -0.00855986 -0.5788
1 46 -0.00639985 -0.5788
2 46 8.01722e-05 -0.58096
0 47 -0.0513278 -0.754278
1 47 -0.0482173 -0.754278
2 47 -0.0431199 -0.75808
0 48 -0.11656 -0.43624
1 48 -0.1162 -0.4366
2 48 -0.11224 -0.4384
0 49 0.256602 -0.206848
1 49 0.259712 -0.201664
2 49 0.27008 -0.199072
0 50 -0.0409598 -0.673408
1 50 -0.0383678 -0.673408
2 50 -0.0331838 -0.676
0 51 -0.26128 -0.733024
1 51 -0.26128 -0.735616
2 51 -0.256096 -0.7408
0 52 -0.0513278 -0.608608
1 52 -0.0487357 -0.608608
2 52 -0.0435518 -0.6112
0 53 -0.0305918 -0.58528
1 53 -0.0279998 -0.58528
2 53 -0.0228158 -0.587872
0 54 -0.256096 -0.730432
1 54 -0.256096 -0.733024
2 54 -0.250912 -0.738208
0 55 -0.0513278 -0.593056
1 55 -0.0487357 -0.593056
2 55 -0.0435518 -0.595648
0 56 -0.0539199 -0.74512
1 56 -0.0487357 -0.748576
2 56 -0.0435518 -0.751168
0 57 -0.262835 -0.76361
1 57 -0.262835 -0.76672
2 57 -0.259725 -0.76983
0 58 -0.250393 -0.76672
1 58 -0.250393 -0.76983
2 58 -0.247283 -0.772941
0 59 0.0077699 -0.676518
1 59 0.0108803 -0.676518
2 59 0.0171011 -0.679629
0 60 -0.0357758 -0.576985
1 60 -0.0326653 -0.576985
2 60 -0.0264446 -0.580096
0 61 0.256602 -0.206848
1 61 0.257846 -0.201249
2 61 0.269043 -0.197517
0 62 -0.0482173 -0.598758
1 62 -0.045107 -0.598758
2 62 -0.0388861 -0.601869
0 63 -0.0513278 -0.743392
1 63 -0.0487357 -0.748576
2 63 -0.0419965 -0.751168
0 64 -0.0482173 -0.682739
1 64 -0.0444848 -0.682739
2 64 -0.0407523 -0.682739
0 65 -0.0258224 -0.585695
1 65 -0.0258224 -0.589427
2 65 -0.0183575 -0.59316
0 66 0.000304921 -0.585695
1 66 0.00403741 -0.585695
2 66 0.0077699 -0.589427
0 67 -0.249771 -0.731261
1 67 -0.249771 -0.734994
2 67 -0.246039 -0.738726
0 68 -0.257236 -0.731261
1 68 -0.257236 -0.734994
2 68 -0.253504 -0.738726
0 69 -0.242306 -0.738726
1 69 -0.242306 -0.742459
2 69 -0.238574 -0.746191
0 70 -0.253504 -0.742459
1 70 -0.253504 -0.746191
2 70 -0.249771 -0.749924
0 71 -0.242306 -0.746191
1 71 -0.242306 -0.749924
2 71 -0.238574 -0.753656
0 72 -0.268434 -0.734994
1 72 -0.268434 -0.738726
2 72 -0.264701 -0.742459
0 73 -0.0513278 -0.754278
1 73 -0.0482173 -0.753656
2 73 -0.0407523 -0.757389
0 74 -0.0370199 -0.57823
1 74 -0.0332874 -0.57823
2 74 -0.0295549 -0.57823
0 75 -0.324421 -0.238574
1 75 -0.331886 -0.238574
2 75 -0.331886 -0.238574
0 76 0.0077699 -0.57823
1 76 0.0115024 -0.57823
2 76 0.0152349 -0.581962
0 77 -0.0295549 -0.567032
1 77 -0.0295549 -0.567032
2 77 -0.02209 -0.570765
0 78 0.254114 -0.208714
1 78 0.257846 -0.201249
2 78 0.269044 -0.197517
