54
0 0 0.0177083 -0.761458
1 0 0.00833333 -0.754167
2 0 0.0135417 -0.753125
0 1 0.01875 -0.691667
1 1 0.0104167 -0.685417
2 1 0.0145833 -0.683333
0 2 0.0187501 -0.69125
1 2 0.0112501 -0.685
2 2 0.015 -0.6825
0 3 0.06375 -0.69
1 3 0.0550001 -0.68375
2 3 0.06 -0.68125
0 4 0.09 -0.91125
1 4 0.0800001 -0.90625
2 4 0.0887501 -0.90625
0 5 0.02 -0.766
1 5 0.0110001 -0.7585
2 5 0.0155001 -0.757
0 6 0.09 -0.91125
1 6 0.0800001 -0.90625
2 6 0.0875 -0.9055
0 7 0.00500005 -0.655
1 7 -0.00399996 -0.646
2 7 -0.000999959 -0.643
0 8 0.0245 -0.7375
1 8 0.0155001 -0.73
2 8 0.02 -0.7285
0 9 0.11 -0.847
1 9 0.101 -0.841
2 9 0.107 -0.8395
0 10 0.0170001 -0.6652
1 10 0.00800012 -0.658
2 10 0.0116001 -0.6544
0 11 0.0206001 -0.7354
1 11 0.0116001 -0.7282
2 11 0.0170001 -0.7264
0 12 0.1214 -0.9118
1 12 0.1124 -0.9064
2 12 0.1196 -0.9064
0 13 0.0692001 -0.8452
1 13 0.0584001 -0.8398
2 13 0.0656001 -0.838
0 14 0.0188001 -0.82
1 14 0.00980008 -0.8128
2 14 0.0152001 -0.811
0 15 0.00620009 -0.7894
1 15 -0.00279992 -0.7822
2 15 0.0026001 -0.7822
0 16 0.0224001 -0.802
1 16 0.0134001 -0.7948
2 16 0.0188001 -0.793
0 17 0.0206001 -0.766
1 17 0.0116001 -0.7588
2 17 0.0152001 -0.757
0 18 0.1016 -0.60688
1 18 0.0929601 -0.6004
2 18 0.0972801 -0.59608
0 19 0.00656013 -0.76024
1 19 -0.00207984 -0.75376
2 19 0.00224012 -0.7516
0 20 0.0627202 -0.73432
1 20 0.0540801 -0.72784
2 20 0.0584002 -0.72568
0 21 0.0173601 -0.76024
1 21 0.00872014 -0.75376
2 21 0.0130402 -0.7516
0 22 0.0130402 -0.67168
1 22 0.00440013 -0.66304
2 22 0.00656013 -0.66088
0 23 0.0692001 -0.84664
1 23 0.0584002 -0.84016
2 23 0.0670401 -0.838
0 24 0.0195201 -0.82072
1 24 0.0108802 -0.81208
2 24 0.0152002 -0.81208
0 25 0.0800002 -0.81424
1 25 0.0713601 -0.80776
2 25 0.0800002 -0.8056
0 26 0.0713601 -0.81208
1 26 0.0584002 -0.80344
2 26 0.0670401 -0.80344
0 27 0.0324802 -0.80344
1 27 0.0216801 -0.79696
2 27 0.0281602 -0.7948
0 28 -0.36064 -0.90928
1 28 -0.385696 -0.898912
2 28 -0.393472 -0.90928
0 29 0.0679043 -0.852256
1 29 0.0601283 -0.847072
2 29 0.0653123 -0.84448
0 30 0.0575363 -0.7408
1 30 0.0497602 -0.733024
2 30 0.0549442 -0.733024
0 31 0.0212482 -0.686368
1 31 0.0108802 -0.678592
2 31 0.0160643 -0.676
0 32 0.0186562 -0.761536
1 32 0.00828826 -0.75376
2 32 0.0134722 -0.75376
0 33 -0.453088 -0.629344
1 33 -0.476416 -0.613792
2 33 -0.49456 -0.6112
0 34 0.122336 -0.911872
1 34 0.111968 -0.906688
2 34 0.119744 -0.906688
0 35 0.0606467 -0.667187
1 35 0.0544259 -0.657856
2 35 0.0575363 -0.654746
0 36 0.0668674 -0.850701
1 36 0.0575363 -0.84448
2 36 0.0637571 -0.84448
0 37 -0.0202237 -0.847072
1 37 -0.0295549 -0.838259
2 37 -0.0233341 -0.838259
0 38 0.0233219 -0.804045
1 38 0.0139907 -0.794714
2 38 0.0202115 -0.794714
0 39 -0.0544381 -0.704512
1 39 -0.0637693 -0.698291
2 39 -0.060659 -0.695181
0 40 0.0575363 -0.741837
1 40 0.0482051 -0.735616
2 40 0.0544259 -0.732506
0 41 0.0979715 -0.6112
1 41 0.0917507 -0.601869
2 41 0.0948611 -0.598758
0 42 -0.0637693 -0.723174
1 42 -0.0731005 -0.716954
2 42 -0.0699902 -0.713843
0 43 0.0699778 -0.797824
1 43 0.0606467 -0.791603
2 43 0.0668674 -0.791603
0 44 0.0917507 -0.84137
1 44 0.0824195 -0.835149
2 44 0.0886403 -0.832038
0 45 0.0115024 -0.660344
1 45 0.00403741 -0.652879
2 45 0.0077699 -0.649147
0 46 0.078687 -0.813376
1 46 0.0674896 -0.809643
2 46 0.0749546 -0.805911
0 47 0.0674896 -0.850701
1 47 0.0562922 -0.846968
2 47 0.0637571 -0.843236
0 48 -0.0183575 -0.843236
1 48 -0.0258224 -0.835771
2 48 -0.02209 -0.835771
0 49 -0.0519498 -0.716331
1 49 -0.0631472 -0.708866
2 49 -0.0594147 -0.708866
0 50 0.0226998 -0.820841
1 50 0.0115024 -0.813376
2 50 0.0189673 -0.813376
0 51 -0.455058 -0.634217
1 51 -0.477453 -0.615554
2 51 -0.496115 -0.615554
0 52 0.0152349 -0.757389
1 52 0.0077699 -0.749924
2 52 0.0115024 -0.749924
0 53 0.00403741 -0.813376
1 53 -0.00716 -0.805911
2 53 0.000304921 -0.805911
