58
0 0 0.209375 -0.453125
1 0 0.19 -0.4525
2 0 0.17875 -0.4525
0 1 0.1025 -0.6505
1 1 0.0845 -0.6505
2 1 0.071 -0.655
0 2 0.0725001 -0.646
1 2 0.0545001 -0.646
2 2 0.041 -0.6505
0 3 0.416 -0.919
1 3 0.41 -0.9175
2 3 0.407 -0.9265
0 4 0.065 -0.6505
1 4 0.0485001 -0.6505
2 4 0.0335 -0.655
0 5 0.068 -0.7255
1 5 0.0515001 -0.7255
2 5 0.0365 -0.7315
0 6 0.11 -0.7435
1 6 0.0935 -0.7435
2 6 0.0800001 -0.7495
0 7 0.2078 -0.4546
1 7 0.1898 -0.451
2 7 0.1775 -0.4525
0 8 0.107 -0.766
1 8 0.0905 -0.766
2 8 0.0785 -0.772
0 9 0.02625 -0.8725
1 9 0.0110001 -0.8755
2 9 -0.00399996 -0.883
0 10 0.0368001 -0.7678
1 10 0.0206001 -0.7678
2 10 0.00620009 -0.775
0 11 0.416 -0.919
1 11 0.41 -0.9175
2 11 0.4076 -0.9262
0 12 0.446 -0.787
1 12 0.44 -0.7822
2 12 0.4382 -0.7876
0 13 0.107 -0.766
1 13 0.0908001 -0.766
2 13 0.0764001 -0.7714
0 14 0.2078 -0.4546
1 14 0.1898 -0.451
2 14 0.1772 -0.4528
0 15 0.0638001 -0.6832
1 15 0.0476001 -0.6832
2 15 0.0332001 -0.6886
0 16 -0.0560799 -0.52912
1 16 -0.0755199 -0.52912
2 16 -0.0927999 -0.53128
0 17 0.4148 -0.91792
1 17 0.40832 -0.91576
2 17 0.40616 -0.9244
0 18 0.10376 -0.65008
1 18 0.0864802 -0.65008
2 18 0.0735202 -0.6544
0 19 0.0454402 -0.7624
1 19 0.0281602 -0.7624
2 19 0.0152002 -0.76888
0 20 0.42776 -0.43408
1 20 0.41696 -0.42112
2 20 0.41264 -0.41464
0 21 0.42344 -0.43408
1 21 0.41048 -0.42112
2 21 0.40616 -0.4168
0 22 0.10592 -0.76456
1 22 0.0908001 -0.76456
2 22 0.0756802 -0.77104
0 23 0.8 -0.4492
1 23 0.79496 -0.43192
2 23 0.80144 -0.42544
0 24 0.0411201 -0.67816
1 24 0.0238401 -0.67816
2 24 0.00872014 -0.68464
0 25 0.2078 -0.4546
1 25 0.1898 -0.451
2 25 0.1772 -0.45136
0 26 0.0346401 -0.66952
1 26 0.0173601 -0.66952
2 26 0.00224012 -0.676
0 27 -0.0603999 -0.4654
1 27 -0.0798399 -0.46432
2 27 -0.0949599 -0.46648
0 28 0.1124 -0.74512
1 28 0.0972801 -0.74296
2 28 0.0821602 -0.74944
0 29 -0.0215199 -0.74728
1 29 -0.0387999 -0.74728
2 29 -0.0539199 -0.75376
0 30 0.0368003 -0.686368
1 30 0.0186562 -0.686368
2 30 0.00569623 -0.691552
0 31 0.0368003 -0.668224
1 31 0.0186562 -0.668224
2 31 0.00310421 -0.673408
0 32 0.0368003 -0.76672
1 32 0.0212482 -0.769312
2 32 0.00569623 -0.774496
0 33 0.797812 -0.449459
1 33 0.796256 -0.432352
2 33 0.80144 -0.424576
0 34 0.0393922 -0.652672
1 34 0.0212482 -0.652672
2 34 0.00828826 -0.657856
0 35 0.106784 -0.764128
1 35 0.0912323 -0.764128
2 35 0.0756803 -0.771904
0 36 0.0860483 -0.652672
1 36 0.0679043 -0.652672
2 36 0.0549442 -0.657856
0 37 0.0264322 -0.875584
1 37 0.0134722 -0.878176
2 37 -0.00207977 -0.885952
0 38 0.207872 -0.453088
1 38 0.189728 -0.450496
2 38 0.176768 -0.453088
0 39 -0.0591038 -0.466048
1 39 -0.0798398 -0.463456
2 39 -0.0953918 -0.466048
0 40 0.104192 -0.651635
1 40 0.0886403 -0.648525
2 40 0.0730883 -0.654746
0 41 0.0482051 -0.760499
1 41 0.0295427 -0.760499
2 41 0.0171011 -0.76672
0 42 0.0264323 -0.875584
1 42 0.0108803 -0.878694
2 42 -0.00156136 -0.884915
0 43 0.0979715 -0.657856
1 43 0.0793091 -0.657856
2 43 0.0668674 -0.664077
0 44 0.0357635 -0.76672
1 44 0.0202115 -0.76983
2 44 0.00465946 -0.776051
0 45 0.0388739 -0.676518
1 45 0.0233219 -0.676518
2 45 0.0077699 -0.682739
0 46 0.0357635 -0.68585
1 46 0.0171011 -0.68585
2 46 0.00465946 -0.69207
0 47 0.104192 -0.76361
1 47 0.0886403 -0.76361
2 47 0.0730883 -0.76983
0 48 0.206836 -0.452569
1 48 0.188173 -0.449459
2 48 0.175732 -0.452569
0 49 -0.0591038 -0.466048
1 49 -0.0793214 -0.461901
2 49 -0.0948734 -0.465011
0 50 0.0600246 -0.637949
1 50 0.0450947 -0.637949
2 50 0.0301648 -0.641682
0 51 0.0338973 -0.690204
1 51 0.0189673 -0.686472
2 51 0.00403741 -0.693937
0 52 0.0376298 -0.679007
1 52 0.0226998 -0.679007
2 52 0.0077699 -0.682739
0 53 0.119744 -0.757389
1 53 0.104814 -0.757389
2 53 0.0898844 -0.764854
0 54 -0.0407523 -0.675274
1 54 -0.0594147 -0.675274
2 54 -0.0743447 -0.679007
0 55 0.205591 -0.455058
1 55 0.186929 -0.451325
2 55 0.175732 -0.451325
0 56 0.0488272 -0.761121
1 56 0.0338973 -0.761121
2 56 0.0189673 -0.768586
0 57 0.0376298 -0.768586
1 57 0.0226998 -0.772319
2 57 0.0077699 -0.776051
