89
0 0 0.0237501 -0.435
1 0 0.0237501 -0.4325
2 0 0.0239583 -0.432292
0 1 -0.104167 -0.720833
1 1 -0.103125 -0.721875
2 1 -0.105208 -0.721875
0 2 -0.0725 -0.5975
1 2 -0.0725 -0.5975
2 2 -0.07375 -0.59625
0 3 -0.13625 -0.6375
1 3 -0.13625 -0.6375
2 3 -0.13875 -0.6375
0 4 -0.0925 -0.5725
1 4 -0.0925 -0.57125
2 4 -0.0937499 -0.57125
0 5 -0.065 -0.5725
1 5 -0.065 -0.57125
2 5 -0.06625 -0.57125
0 6 -0.07125 -0.57
1 6 -0.07125 -0.56875
2 6 -0.0725 -0.56875
0 7 -0.065 -0.56875
1 7 -0.065 -0.56625
2 7 -0.06625 -0.56625
0 8 -0.27375 -0.725
1 8 -0.275 -0.72625
2 8 -0.27875 -0.7275
0 9 -0.135 -0.63375
1 9 -0.135 -0.63375
2 9 -0.13625 -0.63375
0 10 -0.0374999 -0.57625
1 10 -0.0374999 -0.575
2 10 -0.0387499 -0.575
0 11 -0.03 -0.65125
1 11 -0.02875 -0.65
2 11 -0.0312499 -0.65
0 12 -0.105 -0.72125
1 12 -0.10375 -0.72125
2 12 -0.105 -0.7225
0 13 -0.09125 -0.6625
1 13 -0.09125 -0.6625
2 13 -0.0925 -0.6625
0 14 0.0237501 -0.435
1 14 0.0237501 -0.4325
2 14 0.0237501 -0.43125
0 15 -0.037 -0.6595
1 15 -0.037 -0.658
2 15 -0.0385 -0.658
0 16 -0.3055 -0.7255
1 16 -0.3085 -0.727
2 16 -0.3115 -0.727
0 17 -0.0385 -0.577
1 17 -0.0385 -0.5755
2 17 -0.0385 -0.5755
0 18 -0.2725 -0.6925
1 18 -0.274 -0.694
2 18 -0.277 -0.694
0 19 -0.28 -0.6925
1 19 -0.2815 -0.694
2 19 -0.2845 -0.694
0 20 -0.2725 -0.7135
1 20 -0.274 -0.715
2 20 -0.277 -0.715
0 21 -0.0925 -0.589
1 21 -0.0925 -0.5875
2 21 -0.094 -0.5875
0 22 -0.298 -0.7195
1 22 -0.2995 -0.721
2 22 -0.3025 -0.721
0 23 -0.105 -0.72125
1 23 -0.10375 -0.72125
2 23 -0.106 -0.7225
0 24 -0.094 -0.568
1 24 -0.094 -0.5665
2 24 -0.0955 -0.5665
0 25 -0.0925 -0.592
1 25 -0.0925 -0.592
2 25 -0.094 -0.592
0 26 -0.274 -0.7255
1 26 -0.2755 -0.727
2 26 -0.2785 -0.727
0 27 -0.0415 -0.571
1 27 -0.0415 -0.5695
2 27 -0.043 -0.5695
0 28 0.14375 -0.26625
1 28 0.145 -0.26125
2 28 0.1475 -0.259
0 29 -0.0715 -0.5965
1 29 -0.0715 -0.5965
2 29 -0.073 -0.5965
0 30 -0.2764 -0.7174
1 30 -0.2764 -0.7192
2 30 -0.28 -0.7192
0 31 -0.2746 -0.7246
1 31 -0.2764 -0.7264
2 31 -0.28 -0.7264
0 32 -0.0405999 -0.5716
1 32 -0.0405999 -0.5698
2 32 -0.0423999 -0.5698
0 33 -0.2728 -0.6922
1 33 -0.2746 -0.694
2 33 -0.2764 -0.694
0 34 -0.3052 -0.7246
1 34 -0.307 -0.7264
2 34 -0.3106 -0.7264
0 35 -0.0909999 -0.6616
1 35 -0.0909999 -0.6616
2 35 -0.0927999 -0.6616
0 36 -0.0963999 -0.5968
1 36 -0.0963999 -0.595
2 36 -0.0981999 -0.595
0 37 0.3194 -0.8326
1 37 0.3284 -0.8344
2 37 0.3374 -0.8398
0 38 -0.0639999 -0.5734
1 38 -0.0639999 -0.5716
2 38 -0.0639999 -0.5716
0 39 -0.0963999 -0.5842
1 39 -0.0963999 -0.5842
2 39 -0.0981999 -0.5824
0 40 -0.0405999 -0.6652
1 40 -0.0405999 -0.6634
2 40 -0.0405999 -0.6634
0 41 -0.1036 -0.721
1 41 -0.1036 -0.721
2 41 -0.1054 -0.7228
0 42 0.143 -0.2656
1 42 0.1448 -0.26128
2 42 0.1466 -0.2584
0 43 -0.1378 -0.6382
1 43 -0.1378 -0.6382
2 43 -0.1396 -0.6382
0 44 -0.298 -0.6976
1 44 -0.30016 -0.6976
2 44 -0.30232 -0.6976
0 45 -0.27424 -0.71704
1 45 -0.2764 -0.7192
2 45 -0.27856 -0.7192
0 46 -0.2764 -0.72352
1 46 -0.2764 -0.72568
2 46 -0.28072 -0.72568
0 47 -0.0819998 -0.568
1 47 -0.0798399 -0.568
2 47 -0.0819998 -0.568
0 48 -0.0927999 -0.57016
1 48 -0.0927999 -0.57016
2 48 -0.0927999 -0.57016
0 49 -0.0387999 -0.57664
1 49 -0.0387999 -0.57664
2 49 -0.0387999 -0.57664
0 50 -0.0949599 -0.58312
1 50 -0.0949599 -0.58312
2 50 -0.0971199 -0.58312
0 51 -0.0409599 -0.6652
1 51 -0.0409599 -0.66304
2 51 -0.0409599 -0.66304
0 52 -0.30664 -0.72568
1 52 -0.30664 -0.72568
2 52 -0.31096 -0.72784
0 53 -0.1036 -0.721
1 53 -0.0992798 -0.72136
2 53 -0.10144 -0.72136
0 54 -0.1036 -0.72136
1 54 -0.1036 -0.72136
2 54 -0.10576 -0.72352
0 55 -0.0906399 -0.66088
1 55 -0.0909999 -0.6616
2 55 -0.0906399 -0.66088
0 56 -0.0733599 -0.56152
1 56 -0.0733599 -0.55936
2 56 -0.0733599 -0.55936
0 57 0.14264 -0.2656
1 57 0.1448 -0.26128
2 57 0.14696 -0.25696
0 58 -0.81424 -0.568
1 58 -0.83368 -0.57016
2 58 -0.85312 -0.56584
0 59 -0.101094 -0.729395
1 59 -0.103168 -0.730432
2 59 -0.10576 -0.730432
0 60 -0.0383678 -0.577504
1 60 -0.0383678 -0.577504
2 60 -0.0383678 -0.577504
0 61 -0.0746558 -0.577504
1 61 -0.0746558 -0.577504
2 61 -0.0746558 -0.577504
0 62 -0.0409598 -0.665632
1 62 -0.0409598 -0.665632
2 62 -0.0409598 -0.665632
0 63 -0.0927998 -0.569728
1 63 -0.0927998 -0.569728
2 63 -0.0927998 -0.569728
0 64 -0.0383678 -0.569728
1 64 -0.0383678 -0.569728
2 64 -0.0383678 -0.569728
0 65 -0.0927998 -0.590464
1 65 -0.0927998 -0.590464
2 65 -0.0927998 -0.590464
0 66 -0.0953918 -0.59824
1 66 -0.0953918 -0.59824
2 66 -0.0979838 -0.59824
0 67 -0.1036 -0.72136
1 67 -0.1036 -0.72136
2 67 -0.100576 -0.722656
0 68 0.0108802 -0.717472
1 68 0.0108802 -0.71488
2 68 0.0108802 -0.717472
0 69 0.143072 -0.266464
1 69 0.143072 -0.26128
2 69 0.145664 -0.258688
0 70 0.142139 -0.264701
1 70 0.141517 -0.259725
2 70 0.144628 -0.256614
0 71 -0.0793214 -0.664077
1 71 -0.076211 -0.664077
2 71 -0.0793214 -0.664077
0 72 -0.0388861 -0.576985
1 72 -0.0388861 -0.576985
2 72 -0.0388861 -0.576985
0 73 -0.0731005 -0.576985
1 73 -0.0731005 -0.576985
2 73 -0.076211 -0.576985
0 74 -0.0419965 -0.664077
1 74 -0.0419965 -0.664077
2 74 -0.0419965 -0.664077
0 75 -0.275277 -0.695181
1 75 -0.275277 -0.695181
2 75 -0.278387 -0.695181
0 76 -0.0258224 -0.667809
1 76 -0.02209 -0.667809
2 76 -0.0258224 -0.667809
0 77 -0.0743447 -0.559567
1 77 -0.0743447 -0.559567
2 77 -0.0743447 -0.559567
0 78 -0.0444848 -0.667809
1 78 -0.0444848 -0.667809
2 78 -0.0444848 -0.667809
0 79 -0.0967396 -0.667809
1 79 -0.0930071 -0.667809
2 79 -0.0967396 -0.667809
0 80 -0.309491 -0.268434
1 80 -0.312601 -0.265945
2 80 -0.313223 -0.260969
0 81 -0.0444848 -0.57823
1 81 -0.0444848 -0.57823
2 81 -0.0444848 -0.57823
0 82 -0.302026 -0.697669
1 82 -0.309491 -0.701402
2 82 -0.309491 -0.701402
0 83 -0.0743447 -0.581962
1 83 -0.0706122 -0.57823
2 83 -0.0743447 -0.57823
0 84 -0.268434 -0.708866
1 84 -0.268434 -0.708866
2 84 -0.272166 -0.708866
0 85 0.0077699 -0.712599
1 85 0.0077699 -0.712599
2 85 0.0077699 -0.712599
0 86 -0.302026 -0.712599
1 86 -0.302026 -0.712599
2 86 -0.305759 -0.712599
0 87 -0.279631 -0.723796
1 87 -0.279631 -0.723796
2 87 -0.283364 -0.723796
0 88 0.142139 -0.264701
1 88 0.142139 -0.260969
2 88 0.145872 -0.257236
