27
0 0 0.15625 -0.4275
1 0 0.119792 -0.425
2 0 0.12 -0.42125
0 1 0.1556 -0.4276
1 1 0.11888 -0.42328
2 1 0.1196 -0.4204
0 2 0.1556 -0.4276
1 2 0.11888 -0.42328
2 2 0.11888 -0.42112
0 3 -0.230176 -0.44272
1 3 -0.27856 -0.4384
2 3 -0.28504 -0.4276
0 4 -0.0755199 -0.83368
1 4 -0.11656 -0.83584
2 4 -0.12736 -0.83584
0 5 0.1556 -0.4276
1 5 0.11888 -0.42328
2 5 0.117152 -0.419392
0 6 -0.230176 -0.44272
1 6 -0.276832 -0.437536
2 6 -0.284608 -0.427168
0 7 -0.230176 -0.523072
1 7 -0.276832 -0.52048
2 7 -0.284608 -0.512704
0 8 -0.0746558 -0.83152
1 8 -0.116128 -0.834112
2 8 -0.126496 -0.834112
0 9 -0.0591038 -0.815968
1 9 -0.103168 -0.81856
2 9 -0.110944 -0.81856
0 10 0.00569623 -0.808192
1 10 -0.0357758 -0.808192
2 10 -0.0461438 -0.810784
0 11 -0.0743447 -0.828306
1 11 -0.116646 -0.832038
2 11 -0.125977 -0.832038
0 12 0.1556 -0.4276
1 12 0.116634 -0.421465
2 12 0.116634 -0.418355
0 13 -0.230176 -0.44272
1 13 -0.278387 -0.437017
2 13 -0.281497 -0.427686
0 14 -0.228621 -0.524109
1 14 -0.278387 -0.520998
2 14 -0.284608 -0.514777
0 15 0.0077699 -0.819597
1 15 -0.0357758 -0.819597
2 15 -0.045107 -0.819597
0 16 0.153337 -0.425198
1 16 0.116012 -0.425198
2 16 0.116012 -0.421465
0 17 -0.230176 -0.44272
1 17 -0.278387 -0.437017
2 17 -0.279631 -0.432663
0 18 0.0376298 -0.813376
1 18 -0.00716 -0.817108
2 18 -0.014625 -0.813376
0 19 0.620519 -0.61431
1 19 0.614298 -0.598758
2 19 0.653489 -0.589427
0 20 -0.0594147 -0.813376
1 20 -0.100472 -0.817108
2 20 -0.111669 -0.817108
0 21 0.00403741 -0.809643
1 21 -0.0370199 -0.809643
2 21 -0.0482173 -0.809643
0 22 -0.0743447 -0.690204
1 22 -0.115402 -0.690204
2 22 -0.122867 -0.690204
0 23 -0.0743447 -0.705134
1 23 -0.115402 -0.705134
2 23 -0.122867 -0.705134
0 24 0.00403741 -0.798446
1 24 -0.0370199 -0.798446
2 24 -0.0482173 -0.798446
0 25 -0.0743447 -0.828306
1 25 -0.115402 -0.832038
2 25 -0.126599 -0.828306
0 26 -0.0743447 -0.731261
1 26 -0.115402 -0.731261
2 26 -0.122867 -0.731261
