30
0 0 0.2135 -0.3385
1 0 0.2425 -0.335
2 0 0.253125 -0.33125
0 1 0.00875003 -0.745
1 1 0.03875 -0.74375
2 1 0.0487501 -0.74125
0 2 0.3785 -0.856
1 2 0.407 -0.8545
2 2 0.419 -0.8515
0 3 0.0335 -0.691
1 3 0.062 -0.691
2 3 0.071 -0.688
0 4 0.2135 -0.3385
1 4 0.242 -0.334
2 4 0.2525 -0.3295
0 5 -0.1468 -0.7282
1 5 -0.1198 -0.7264
2 5 -0.1108 -0.7228
0 6 0.0206001 -0.6148
1 6 0.0494001 -0.613
2 6 0.0584001 -0.6112
0 7 0.2135 -0.3385
1 7 0.242 -0.334
2 7 0.2528 -0.3304
0 8 0.0332001 -0.6886
1 8 0.0620001 -0.6904
2 8 0.0710002 -0.6868
0 9 0.00872014 -0.7516
1 9 0.0389601 -0.7516
2 9 0.0476001 -0.748
0 10 -0.13816 -0.73216
1 10 -0.11224 -0.73
2 10 -0.1036 -0.72784
0 11 0.0324802 -0.68896
1 11 0.0584002 -0.68896
2 11 0.0670401 -0.6868
0 12 0.0216801 -0.62632
1 12 0.0497601 -0.62632
2 12 0.0584002 -0.62416
0 13 0.00950006 -0.745
1 13 0.0411201 -0.74296
2 13 0.0497601 -0.7408
0 14 0.21392 -0.33688
1 14 0.242 -0.3304
2 14 0.2528 -0.32608
0 15 0.21392 -0.33688
1 15 0.242 -0.33472
2 15 0.2528 -0.3304
0 16 0.00980008 -0.7534
1 16 0.0389601 -0.7516
2 16 0.0476002 -0.74944
0 17 0.37808 -0.86824
1 17 0.410048 -0.867808
2 17 0.420416 -0.865216
0 18 0.00872014 -0.7516
1 18 0.0393922 -0.751168
2 18 0.0497602 -0.748576
0 19 -0.152416 -0.341632
1 19 -0.13168 -0.33904
2 19 -0.123904 -0.333856
0 20 0.37376 -0.836704
1 20 0.404864 -0.834112
2 20 0.415232 -0.83152
0 21 0.213056 -0.336448
1 21 0.241568 -0.333856
2 21 0.250381 -0.328153
0 22 0.0212482 -0.626752
1 22 0.0482051 -0.629862
2 22 0.0575363 -0.626752
0 23 0.0108803 -0.751168
1 23 0.0388739 -0.751168
2 23 0.0482051 -0.748058
0 24 0.0233219 -0.6112
1 24 0.0513155 -0.6112
2 24 0.0606467 -0.60809
0 25 0.0388739 -0.69207
1 25 0.0668674 -0.69207
2 25 0.0761987 -0.68896
0 26 0.0450947 -0.611822
1 26 0.0749546 -0.611822
2 26 0.0824195 -0.608089
0 27 -0.152727 -0.339351
1 27 -0.130332 -0.339351
2 27 -0.122867 -0.335618
0 28 0.213056 -0.337485
1 28 0.239184 -0.335618
2 28 0.250381 -0.331886
0 29 -0.014625 -0.484918
1 29 0.0115024 -0.484918
2 29 0.0189673 -0.481185
