64
0 0 -0.00208333 -0.664583
1 0 -0.00416667 -0.664583
2 0 -0.00520833 -0.6625
0 1 0.04125 -0.7125
1 1 0.040625 -0.711458
2 1 0.0395833 -0.709375
0 2 -0.046875 -0.625
1 2 -0.0489583 -0.622917
2 2 -0.0510417 -0.619792
0 3 -0.0525 -0.625
1 3 -0.055 -0.6225
2 3 -0.0574999 -0.62
0 4 -0.0499999 -0.7625
1 4 -0.0525 -0.76125
2 4 -0.0562499 -0.75875
0 5 -0.0499999 -0.7475
1 5 -0.0525 -0.745
2 5 -0.0562499 -0.74375
0 6 -0.00749995 -0.795
1 6 -0.00874996 -0.79375
2 6 -0.00999997 -0.7925
0 7 -0.00249996 -0.665
1 7 -0.00374997 -0.66375
2 7 -0.00499999 -0.6625
0 8 0.04125 -0.7125
1 8 0.04 -0.71125
2 8 0.03875 -0.71
0 9 0.045 -0.7075
1 9 0.0437501 -0.7075
2 9 0.0425001 -0.70625
0 10 0.0822917 -0.596875
1 10 0.08125 -0.595
2 10 0.0800001 -0.59125
0 11 0.0437501 -0.66375
1 11 0.0425001 -0.6625
2 11 0.04125 -0.66125
0 12 0.08125 -0.5675
1 12 0.0800001 -0.56625
2 12 0.0787501 -0.56375
0 13 -0.0747999 -0.919
1 13 -0.079 -0.919
2 13 -0.0805 -0.919
0 14 0.065 -0.9145
1 14 0.062 -0.9145
2 14 0.059 -0.9145
0 15 0.0425001 -0.664
1 15 0.0425001 -0.6625
2 15 0.041 -0.661
0 16 0.0470001 -0.7045
1 16 0.0455001 -0.703
2 16 0.0440001 -0.7015
0 17 -0.0505 -0.748
1 17 -0.0535 -0.7465
2 17 -0.0565 -0.745
0 18 -0.0175 -0.739
1 18 -0.019 -0.7375
2 18 -0.0205 -0.736
0 19 0.0875 -0.6385
1 19 0.0860001 -0.6355
2 19 0.0845 -0.634
0 20 -0.0535 -0.766
1 20 -0.0565 -0.7645
2 20 -0.0594999 -0.763
0 21 0.0170001 -0.7825
1 21 0.0140001 -0.781
2 21 0.0140001 -0.7795
0 22 0.00950006 -0.7825
1 22 0.00950006 -0.781
2 22 0.00650005 -0.7795
0 23 -0.00699997 -0.796
1 23 -0.00849997 -0.7945
2 23 -0.00999997 -0.793
0 24 -0.112 -0.6895
1 24 -0.115 -0.688
2 24 -0.118 -0.6865
0 25 0.0830001 -0.6355
1 25 0.0815 -0.6355
2 25 0.0800001 -0.6325
0 26 -0.0747999 -0.919
1 26 -0.0783999 -0.919
2 26 -0.0801999 -0.919
0 27 0.0638001 -0.9154
1 27 0.0620001 -0.9154
2 27 0.0584001 -0.9154
0 28 0.0458001 -0.703
1 28 0.0458001 -0.703
2 28 0.0440001 -0.7012
0 29 0.0422001 -0.6652
1 29 0.0422001 -0.6634
2 29 0.0404001 -0.6616
0 30 0.00980008 -0.7804
1 30 0.00800012 -0.7804
2 30 0.00620009 -0.7786
0 31 -0.00639992 -0.8002
1 31 -0.00819988 -0.8002
2 31 -0.00999991 -0.7984
0 32 0.0620001 -0.7948
1 32 0.0602001 -0.7948
2 32 0.0584001 -0.793
0 33 0.000800069 -0.7786
1 33 -0.000999896 -0.7786
2 33 -0.00279992 -0.7768
0 34 0.0872002 -0.64
1 34 0.0854001 -0.6382
2 34 0.0854001 -0.6346
0 35 -0.000999896 -0.6652
1 35 -0.000999896 -0.6634
2 35 -0.00279992 -0.6616
0 36 0.1016 -0.91792
1 36 0.0994401 -0.91792
2 36 0.0972801 -0.91792
0 37 -0.0387999 -0.6112
1 37 -0.0409599 -0.60904
2 37 -0.0431199 -0.60688
0 38 0.0454402 -0.70192
1 38 0.0454402 -0.70192
2 38 0.0432802 -0.69976
0 39 0.0411201 -0.7084
1 39 0.0411201 -0.7084
2 39 0.0389601 -0.70624
0 40 -0.00639985 -0.79912
1 40 -0.00639985 -0.79912
2 40 -0.00855986 -0.79696
0 41 0.0821602 -0.63712
1 41 0.0800002 -0.63496
2 41 0.0800002 -0.6328
0 42 0.0454402 -0.66952
1 42 0.0432802 -0.66952
2 42 0.0432802 -0.66736
0 43 0.0800002 -0.57016
1 43 0.0800002 -0.568
2 43 0.0778402 -0.56584
0 44 0.1016 -0.917056
1 44 0.0990083 -0.917056
2 44 0.0964162 -0.917056
0 45 0.0445763 -0.670816
1 45 0.0445763 -0.670816
2 45 0.0419842 -0.668224
0 46 0.0160643 -0.777088
1 46 0.0160643 -0.777088
2 46 0.0134722 -0.774496
0 47 0.0393922 -0.71488
1 47 0.0368003 -0.71488
2 47 0.0368003 -0.712288
0 48 0.0601283 -0.79264
1 48 0.0601283 -0.79264
2 48 0.0575363 -0.790048
0 49 -0.0539198 -0.745984
1 49 -0.0565118 -0.743392
2 49 -0.0591038 -0.743392
0 50 -0.0176318 -0.735616
1 50 -0.0176318 -0.735616
2 50 -0.0202237 -0.733024
0 51 -0.110944 -0.670816
1 51 -0.113536 -0.668224
2 51 -0.116128 -0.665632
0 52 0.0445763 -0.70192
1 52 0.0445763 -0.70192
2 52 0.0419842 -0.699328
0 53 0.00051225 -0.77968
1 53 0.00051225 -0.77968
2 53 -0.00207977 -0.777088
0 54 0.0782722 -0.569728
1 54 0.0782722 -0.569728
2 54 0.0756803 -0.567136
0 55 -0.00156136 -0.626752
1 55 -0.00156136 -0.626752
2 55 -0.00467173 -0.623641
0 56 -0.00467173 -0.735616
1 56 -0.00467173 -0.735616
2 56 -0.00778211 -0.732506
0 57 0.0450947 -0.838259
1 57 0.0419843 -0.835149
2 57 0.0388739 -0.835149
0 58 -0.0233341 -0.791603
1 58 -0.0233341 -0.791603
2 58 -0.0264446 -0.791603
0 59 0.0413623 -0.817108
1 59 0.0376298 -0.817108
2 59 0.0376298 -0.817108
0 60 0.0450947 -0.835771
1 60 0.0413623 -0.835771
2 60 0.0376298 -0.835771
0 61 -0.0370199 -0.734994
1 61 -0.0370199 -0.734994
2 61 -0.0407523 -0.731261
0 62 -0.014625 -0.738726
1 62 -0.0183575 -0.734994
2 62 -0.0183575 -0.734994
0 63 -0.00342757 -0.798446
1 63 -0.00716 -0.798446
2 63 -0.00716 -0.798446
