37
0 0 0.0425001 -0.6075
1 0 0.0700001 -0.60625
2 0 0.1 -0.6
0 1 -0.00124995 -0.77875
1 1 0.0300001 -0.77875
2 1 0.0612501 -0.775
0 2 -0.00374997 -0.63875
1 2 0.02625 -0.63875
2 2 0.0562501 -0.635
0 3 -0.1875 -0.607292
1 3 -0.1625 -0.6075
2 3 -0.13375 -0.605
0 4 -0.184 -0.661
1 4 -0.1585 -0.6625
2 4 -0.1285 -0.658
0 5 -0.0234999 -0.589
1 5 0.00500005 -0.586
2 5 0.0335 -0.5815
0 6 -0.00549997 -0.688
1 6 0.023 -0.688
2 6 0.0545001 -0.685
0 7 -0.000999959 -0.7795
1 7 0.029 -0.7795
2 7 0.062 -0.775
0 8 -0.1396 -0.9208
1 8 -0.1108 -0.9244
2 8 -0.0765999 -0.9208
0 9 0.0155001 -0.916
1 9 0.0476001 -0.919
2 9 0.0800001 -0.9136
0 10 -0.0693999 -0.7192
1 10 -0.0405999 -0.7192
2 10 -0.00819988 -0.7156
0 11 -0.00279992 -0.7714
1 11 0.0278001 -0.7714
2 11 0.0602001 -0.7678
0 12 -0.1846 -0.6616
1 12 -0.1576 -0.6616
2 12 -0.1288 -0.658
0 13 0.00800012 -0.7624
1 13 0.0386001 -0.7642
2 13 0.0710002 -0.7588
0 14 -0.1432 -0.9244
1 14 -0.1144 -0.928
2 14 -0.0819998 -0.9244
0 15 -0.1396 -0.9208
1 15 -0.1108 -0.9244
2 15 -0.0776799 -0.92008
0 16 0.0152002 -0.91576
1 16 0.0476002 -0.91792
2 16 0.0800002 -0.9136
0 17 -0.00423985 -0.65008
1 17 0.0238401 -0.64792
2 17 0.0562401 -0.64576
0 18 -0.19216 -0.9244
1 18 -0.1648 -0.928
2 18 -0.13168 -0.9244
0 19 -0.0690399 -0.7192
1 19 -0.0409599 -0.7192
2 19 -0.00855986 -0.71488
0 20 0.00224012 -0.75808
1 20 0.0324802 -0.75808
2 20 0.0648802 -0.75376
0 21 -0.00985578 -0.68896
1 21 0.0216801 -0.68896
2 21 0.0519201 -0.68464
0 22 -0.00423985 -0.68248
1 22 0.0238401 -0.68248
2 22 0.0562401 -0.67816
0 23 -0.0539198 -0.652672
1 23 -0.0254078 -0.652672
2 23 0.00569623 -0.647488
0 24 -0.178336 -0.66304
1 24 -0.152416 -0.66304
2 24 -0.123904 -0.660448
0 25 -0.00985578 -0.769312
1 25 0.0212482 -0.769312
2 25 0.0523523 -0.76672
0 26 -0.00467173 -0.681184
1 26 0.0238403 -0.681184
2 26 0.0549442 -0.678592
0 27 -0.00467173 -0.651635
1 27 0.0233219 -0.651635
2 27 0.0544259 -0.648525
0 28 -0.00467173 -0.822707
1 28 0.0264323 -0.822707
2 28 0.0575363 -0.819597
0 29 -0.178854 -0.664077
1 29 -0.153971 -0.664077
2 29 -0.122867 -0.657856
0 30 -0.0668798 -0.716954
1 30 -0.0388861 -0.716954
2 30 -0.00778211 -0.713843
0 31 -0.0513278 -0.760499
1 31 -0.0202237 -0.760499
2 31 0.0108803 -0.757389
0 32 -0.0419965 -0.744947
1 32 -0.0140029 -0.748058
2 32 0.0171011 -0.741837
0 33 -0.00716 -0.824573
1 33 0.0264323 -0.824573
2 33 0.0562922 -0.820841
0 34 -0.00716 -0.652879
1 34 0.0226998 -0.652879
2 34 0.0525597 -0.649147
0 35 -0.0183575 -0.59316
1 35 0.0077699 -0.589427
2 35 0.0376298 -0.585695
0 36 -0.0668797 -0.764854
1 36 -0.0370199 -0.764854
2 36 -0.00342757 -0.761121
