72
0 0 -0.107292 -0.469792
1 0 -0.11375 -0.47
2 0 -0.107292 -0.466667
0 1 -0.0177083 -0.889583
1 1 -0.03 -0.89625
2 1 -0.025 -0.894792
0 2 0.17125 -0.4575
1 2 0.169792 -0.4625
2 2 0.17875 -0.46
0 3 -0.1075 -0.469
1 3 -0.11375 -0.47
2 3 -0.1075 -0.46625
0 4 0.0925001 -0.775
1 4 0.08375 -0.7825
2 4 0.0912501 -0.7825
0 5 -0.0177083 -0.889583
1 5 -0.03 -0.89625
2 5 -0.0249999 -0.895
0 6 -0.1075 -0.469
1 6 -0.11375 -0.47
2 6 -0.1075 -0.466
0 7 0.065 -0.778
1 7 0.056 -0.784
2 7 0.0635 -0.7825
0 8 0.0605 -0.661
1 8 0.0530001 -0.6655
2 8 0.0605 -0.6655
0 9 0.0125001 -0.661
1 9 0.00350005 -0.6655
2 9 0.0125001 -0.664
0 10 0.00800006 -0.6595
1 10 0.000500043 -0.664
2 10 0.00800006 -0.6625
0 11 0.0305 -0.6565
1 11 0.0215 -0.661
2 11 0.0305 -0.6595
0 12 -0.0175 -0.89
1 12 -0.03 -0.89625
2 12 -0.0249999 -0.895
0 13 0.17125 -0.4575
1 13 0.169792 -0.4625
2 13 0.179 -0.46
0 14 0.17 -0.4582
1 14 0.16856 -0.46216
2 14 0.179 -0.46
0 15 -0.0171999 -0.8902
1 15 -0.0297999 -0.8974
2 15 -0.0243999 -0.8956
0 16 -0.1075 -0.469
1 16 -0.1144 -0.469
2 16 -0.1072 -0.4654
0 17 0.0602001 -0.6616
1 17 0.0530001 -0.667
2 17 0.0620001 -0.6652
0 18 -0.000999896 -0.6598
1 18 -0.00819988 -0.6652
2 18 -0.000999896 -0.6634
0 19 0.0116001 -0.7768
1 19 0.0026001 -0.7822
2 19 0.00980008 -0.7786
0 20 0.0314001 -0.6562
1 20 0.0224001 -0.6616
2 20 0.0314001 -0.6598
0 21 0.0108802 -0.77536
1 21 0.00224012 -0.78184
2 21 0.00872014 -0.77968
0 22 0.0605602 -0.66088
1 22 0.0540801 -0.6652
2 22 0.0627202 -0.6652
0 23 0.0627202 -0.77752
1 23 0.0562401 -0.784
2 23 0.0627202 -0.78184
0 24 -0.10576 -0.46864
1 24 -0.1144 -0.469
2 24 -0.10576 -0.46432
0 25 -0.1036 -0.53344
1 25 -0.11008 -0.5356
2 25 -0.10576 -0.53128
0 26 0.0908001 -0.77536
1 26 0.0821602 -0.78184
2 26 0.0886402 -0.77968
0 27 0.40832 -0.4168
1 27 0.41696 -0.41896
2 27 0.43856 -0.41248
0 28 -0.0863199 -0.67816
1 28 -0.0949599 -0.68032
2 28 -0.0884799 -0.67816
0 29 -0.0171999 -0.8902
1 29 -0.0297999 -0.8974
2 29 -0.0236799 -0.89632
0 30 0.17 -0.4582
1 30 0.16856 -0.46216
2 30 0.17936 -0.46
0 31 0.4148 -0.4168
1 31 0.42344 -0.41896
2 31 0.44504 -0.41248
0 32 0.0186562 -0.668224
1 32 0.0108802 -0.673408
2 32 0.0186562 -0.673408
0 33 0.0342082 -0.66304
1 33 0.0264322 -0.668224
2 33 0.0342082 -0.668224
0 34 -0.00726376 -0.678592
1 34 -0.0150398 -0.683776
2 34 -0.00726376 -0.681184
0 35 -0.103168 -0.536032
1 35 -0.110944 -0.536032
2 35 -0.10576 -0.53344
0 36 -0.00726376 -0.782272
1 36 -0.0150398 -0.784864
2 36 -0.00985578 -0.784864
0 37 0.0627202 -0.777088
1 37 0.0549442 -0.784864
2 37 0.0627202 -0.782272
0 38 0.0445763 -0.66304
1 38 0.0368003 -0.668224
2 38 0.0445763 -0.665632
0 39 0.0627202 -0.660448
1 39 0.0549442 -0.665632
2 39 0.0627202 -0.665632
0 40 0.0108802 -0.660448
1 40 0.00310421 -0.66304
2 40 0.0108802 -0.66304
0 41 0.0342082 -0.657856
1 41 0.0264322 -0.66304
2 41 0.0342082 -0.66304
0 42 -0.0876158 -0.678592
1 42 -0.0953918 -0.681184
2 42 -0.0902078 -0.678592
0 43 -0.0668798 -0.758944
1 43 -0.0772478 -0.764128
2 43 -0.0720638 -0.761536
0 44 -0.0176318 -0.891136
1 44 -0.0279998 -0.89632
2 44 -0.0228158 -0.89632
0 45 -0.10576 -0.46864
1 45 -0.113536 -0.46864
2 45 -0.10576 -0.466048
0 46 -0.0176318 -0.906688
1 46 -0.0279998 -0.911872
2 46 -0.0228158 -0.911872
0 47 0.0238403 -0.756352
1 47 0.0134722 -0.761536
2 47 0.0212482 -0.758944
0 48 0.37376 -0.761536
1 48 0.37376 -0.777088
2 48 0.389312 -0.782272
0 49 0.168992 -0.458272
1 49 0.16856 -0.46216
2 49 0.17936 -0.460864
0 50 -0.0886525 -0.679629
1 50 -0.0948734 -0.682739
2 50 -0.0917629 -0.679629
0 51 0.0606467 -0.76983
1 51 0.0544259 -0.776051
2 51 0.0606467 -0.772941
0 52 0.0699778 -0.76983
1 52 0.0606467 -0.776051
2 52 0.0668674 -0.776051
0 53 -0.104205 -0.53655
1 53 -0.110425 -0.53655
2 53 -0.104205 -0.53344
0 54 0.0108803 -0.657856
1 54 0.00465946 -0.664077
2 54 0.0108803 -0.660966
0 55 -0.00778211 -0.679629
1 55 -0.0171134 -0.682739
2 55 -0.00778211 -0.679629
0 56 0.00465946 -0.772941
1 56 -0.00467173 -0.779162
2 56 0.00154908 -0.776051
0 57 0.0606467 -0.776051
1 57 0.0544259 -0.782272
2 57 0.0606467 -0.782272
0 58 -0.0171134 -0.894246
1 58 -0.0295549 -0.900467
2 58 -0.0233341 -0.897357
0 59 0.0793091 -0.76983
1 59 0.0699778 -0.776051
2 59 0.0761987 -0.776051
0 60 -0.107315 -0.468121
1 60 -0.113536 -0.468121
2 60 -0.107315 -0.465011
0 61 -0.0699902 -0.760499
1 61 -0.0793214 -0.76361
2 61 -0.0731005 -0.760499
0 62 0.169511 -0.45568
1 62 0.16856 -0.46216
2 62 0.178842 -0.45879
0 63 -0.107315 -0.468121
1 63 -0.113536 -0.468121
2 63 -0.107937 -0.466255
0 64 -0.00716 -0.697669
1 64 -0.0183575 -0.705134
2 64 -0.0108925 -0.701402
0 65 0.0600246 -0.768586
1 65 0.0525597 -0.776051
2 65 0.0600246 -0.772319
0 66 0.0600246 -0.779784
1 66 0.0525597 -0.783516
2 66 0.0600246 -0.783516
0 67 -0.00778211 -0.782272
1 67 -0.014625 -0.783516
2 67 -0.0108925 -0.783516
0 68 0.00403741 -0.772319
1 68 -0.00342757 -0.779784
2 68 0.00403741 -0.776051
0 69 0.0115024 -0.660344
1 69 0.00403741 -0.664077
2 69 0.0115024 -0.660344
0 70 0.168267 -0.45879
1 70 0.164534 -0.462523
2 70 0.175732 -0.45879
0 71 -0.00716 -0.660344
1 71 -0.014625 -0.667809
2 71 -0.00716 -0.664077
