75
0 0 0.11875 -0.7375
1 0 0.119792 -0.740625
2 0 0.116667 -0.741667
0 1 0.209 -0.4525
1 1 0.213542 -0.45625
2 1 0.2125 -0.458333
0 2 0.110417 -0.644792
1 2 0.1125 -0.648958
2 2 0.109375 -0.65
0 3 0.3975 -0.44125
1 3 0.405 -0.4425
2 3 0.41 -0.4425
0 4 0.075 -0.645
1 4 0.0762501 -0.64875
2 4 0.0737501 -0.64875
0 5 0.110417 -0.644792
1 5 0.1125 -0.64875
2 5 0.11 -0.65
0 6 0.0725001 -0.67875
1 6 0.075 -0.68125
2 6 0.0725001 -0.68125
0 7 0.04125 -0.86
1 7 0.0416667 -0.864583
2 7 0.0362501 -0.86625
0 8 0.21 -0.4525
1 8 0.21375 -0.45625
2 8 0.2125 -0.45625
0 9 0.074 -0.6445
1 9 0.077 -0.649
2 9 0.074 -0.649
0 10 0.0860001 -0.646
1 10 0.0890001 -0.6505
2 10 0.0860001 -0.6505
0 11 0.107 -0.682
1 11 0.1085 -0.685
2 11 0.1055 -0.685
0 12 0.1085 -0.676
1 12 0.11 -0.6805
2 12 0.107 -0.6805
0 13 -0.046 -0.5275
1 13 -0.0445 -0.529
2 13 -0.0475 -0.529
0 14 0.209 -0.4525
1 14 0.21375 -0.45625
2 14 0.212 -0.457
0 15 0.0422001 -0.8614
1 15 0.041 -0.865
2 15 0.0365 -0.8665
0 16 0.1175 -0.7585
1 16 0.119 -0.763
2 16 0.116 -0.763
0 17 0.4 -0.8825
1 17 0.404 -0.892
2 17 0.4055 -0.901
0 18 -0.3286 -0.9208
1 18 -0.3394 -0.9298
2 18 -0.3556 -0.937
0 19 0.0836001 -0.649
1 19 0.0854001 -0.6526
2 19 0.0836001 -0.6526
0 20 0.0746001 -0.6454
1 20 0.0764001 -0.649
2 20 0.0746001 -0.649
0 21 0.3968 -0.4402
1 21 0.404 -0.442
2 21 0.4094 -0.442
0 22 0.3986 -0.8812
1 22 0.404 -0.892
2 22 0.404 -0.8992
0 23 0.209 -0.4525
1 23 0.2135 -0.4555
2 23 0.2114 -0.4564
0 24 -0.0452799 -0.52912
1 24 -0.0431199 -0.53128
2 24 -0.0474399 -0.53128
0 25 -0.30664 -0.90928
1 25 -0.31744 -0.91792
2 25 -0.33256 -0.9244
0 26 -0.3088 -0.90496
1 26 -0.3196 -0.9136
2 26 -0.33472 -0.92008
0 27 -0.31312 -0.9028
1 27 -0.32392 -0.91144
2 27 -0.33904 -0.91792
0 28 0.11672 -0.75808
1 28 0.11888 -0.7624
2 28 0.11456 -0.7624
0 29 0.11456 -0.74944
1 29 0.11456 -0.75376
2 29 0.1124 -0.75376
0 30 -0.0495998 -0.46648
1 30 -0.0474399 -0.46864
2 30 -0.0495998 -0.46864
0 31 0.0627202 -0.6436
1 31 0.0648802 -0.64792
2 31 0.0627202 -0.64792
0 32 0.0972801 -0.64792
1 32 0.0994401 -0.65224
2 32 0.0972801 -0.65224
0 33 0.0843202 -0.64792
1 33 0.0864802 -0.65224
2 33 0.0843202 -0.65224
0 34 0.0411201 -0.86176
1 34 0.0411201 -0.86608
2 34 0.0368001 -0.86824
0 35 0.7388 -0.4492
1 35 0.75176 -0.45352
2 35 0.76472 -0.45352
0 36 -0.00985578 -0.7408
1 36 -0.00726376 -0.743392
2 36 -0.0124477 -0.743392
0 37 -0.31312 -0.904096
1 37 -0.323488 -0.911872
2 37 -0.33904 -0.917056
0 38 0.106784 -0.652672
1 38 0.109376 -0.655264
2 38 0.106784 -0.655264
0 39 0.0704962 -0.655264
1 39 0.0730882 -0.657856
2 39 0.0704962 -0.657856
0 40 0.0445763 -0.66304
1 40 0.0471682 -0.668224
2 40 0.0445763 -0.668224
0 41 -0.0279998 -0.66304
1 41 -0.0279998 -0.668224
2 41 -0.0305918 -0.668224
0 42 0.0497602 -0.761536
1 42 0.0497602 -0.76672
2 42 0.0471682 -0.76672
0 43 -0.0487357 -0.466048
1 43 -0.0474399 -0.46864
2 43 -0.0487357 -0.46864
0 44 0.117152 -0.758944
1 44 0.117152 -0.761536
2 44 0.11456 -0.761536
0 45 0.739232 -0.450496
1 45 0.752192 -0.453088
2 45 0.765152 -0.45568
0 46 -0.0435518 -0.528256
1 46 -0.0435518 -0.53344
2 46 -0.0461438 -0.530848
0 47 0.0419842 -0.862624
1 47 0.0419843 -0.866253
2 47 0.0368003 -0.867808
0 48 0.207872 -0.450496
1 48 0.209946 -0.45568
2 48 0.210464 -0.45568
0 49 0.0575363 -0.754278
1 49 0.0606467 -0.757389
2 49 0.0575363 -0.757389
0 50 0.0482051 -0.645414
1 50 0.0513155 -0.651635
2 50 0.0482051 -0.651635
0 51 -0.045107 -0.530329
1 51 -0.0419965 -0.53344
2 51 -0.045107 -0.53344
0 52 0.144628 -0.757389
1 52 0.144628 -0.760499
2 52 0.141517 -0.760499
0 53 0.39346 -0.856922
1 53 0.39968 -0.869363
2 53 0.39968 -0.875584
0 54 0.0450947 -0.679629
1 54 0.0482051 -0.68585
2 54 0.0450947 -0.68585
0 55 0.738714 -0.452569
1 55 0.751156 -0.45568
2 55 0.763597 -0.45568
0 56 0.0482051 -0.670297
1 56 0.0513155 -0.676518
2 56 0.0482051 -0.676518
0 57 0.116634 -0.757389
1 57 0.116634 -0.76361
2 57 0.113523 -0.76361
0 58 -0.0487357 -0.466048
1 58 -0.0482173 -0.468121
2 58 -0.0513278 -0.468121
0 59 0.207872 -0.450496
1 59 0.209946 -0.45568
2 59 0.209946 -0.45568
0 60 -0.0419965 -0.570765
1 60 -0.0419965 -0.573875
2 60 -0.045107 -0.573875
0 61 0.0450947 -0.873096
1 61 0.0419843 -0.875584
2 61 0.0357635 -0.878694
0 62 0.132186 -0.751168
1 62 0.132186 -0.754278
2 62 0.129075 -0.754278
0 63 -0.0108925 -0.753656
1 63 -0.0108925 -0.757389
2 63 -0.014625 -0.757389
0 64 0.116012 -0.761121
1 64 0.116012 -0.764854
2 64 0.112279 -0.764854
0 65 0.0712221 -0.656612
1 65 0.0749546 -0.660344
2 65 0.0712221 -0.660344
0 66 0.104814 -0.652879
1 66 0.108547 -0.660344
2 66 0.104814 -0.656612
0 67 0.205591 -0.451325
1 67 0.209324 -0.455058
2 67 0.209324 -0.455058
0 68 -0.0482173 -0.466255
1 68 -0.0482173 -0.469988
2 68 -0.0482173 -0.469988
0 69 -0.0295549 -0.667809
1 69 -0.0295549 -0.671542
2 69 -0.0295549 -0.675274
0 70 0.739336 -0.432663
1 70 0.751156 -0.433907
2 70 0.765464 -0.436395
0 71 0.395948 -0.861898
1 71 0.39968 -0.869363
2 71 0.39968 -0.876828
0 72 0.0450947 -0.645414
1 72 0.0488272 -0.649147
2 72 0.0450947 -0.652879
0 73 0.0419843 -0.863142
1 73 0.0419843 -0.866253
2 73 0.0376298 -0.869363
0 74 0.0450947 -0.664077
1 74 0.0450947 -0.664077
2 74 0.0450947 -0.664077
