27
0 0 0.12104 -0.4168
1 0 0.14696 -0.40816
2 0 0.2006 -0.4024
0 1 -0.298 -0.4996
1 1 -0.27856 -0.49024
2 1 -0.2332 -0.487
0 2 -0.0539199 -0.68464
1 2 -0.0323199 -0.67816
2 2 0.0195201 -0.68032
0 3 -0.0733599 -0.6868
1 3 -0.0539199 -0.68032
2 3 8.01722e-05 -0.68032
0 4 -0.298 -0.4996
1 4 -0.27856 -0.49024
2 4 -0.2332 -0.48808
0 5 0.122336 -0.4168
1 5 0.145664 -0.406432
2 5 0.20096 -0.40168
0 6 -0.0560799 -0.82072
1 6 -0.0323199 -0.81208
2 6 0.0195201 -0.8164
0 7 0.122336 -0.4168
1 7 0.144628 -0.405913
2 7 0.200096 -0.401248
0 8 -0.29368 -0.4168
1 8 -0.271648 -0.409024
2 8 -0.230176 -0.40384
0 9 -0.139456 -0.83152
1 9 -0.121312 -0.823744
2 9 -0.0668798 -0.826336
0 10 -0.0565118 -0.821152
1 10 -0.0331838 -0.810784
2 10 0.0186562 -0.815968
0 11 -0.127 -0.8164
1 11 -0.103168 -0.8056
2 11 -0.0487357 -0.808192
0 12 -0.0575485 -0.819597
1 12 -0.0357758 -0.810266
2 12 0.0171011 -0.816486
0 13 -0.253504 -0.695181
1 13 -0.234841 -0.68585
2 13 -0.185075 -0.68585
0 14 -0.297049 -0.502336
1 14 -0.278387 -0.493005
2 14 -0.234841 -0.489894
0 15 -0.228621 -0.804045
1 15 -0.209958 -0.797824
2 15 -0.160192 -0.797824
0 16 -0.292384 -0.4168
1 16 -0.272166 -0.405913
2 16 -0.228621 -0.402803
0 17 0.119744 -0.415245
1 17 0.144628 -0.405913
2 17 0.200615 -0.402803
0 18 0.119744 -0.415245
1 18 0.142139 -0.406536
2 18 0.198126 -0.402803
0 19 -0.293939 -0.415245
1 19 -0.272166 -0.406536
2 19 -0.227376 -0.402803
0 20 -0.134064 -0.682739
1 20 -0.111669 -0.675274
2 20 -0.0594147 -0.679007
0 21 -0.0631472 -0.693937
1 21 -0.0407523 -0.686472
2 21 0.0115024 -0.686472
0 22 -0.0594147 -0.798446
1 22 -0.0370199 -0.790981
2 22 0.0152349 -0.794714
0 23 -0.298294 -0.50358
1 23 -0.275899 -0.496115
2 23 -0.234841 -0.492383
0 24 -0.122867 -0.813376
1 24 -0.100472 -0.805911
2 24 -0.0482173 -0.809643
0 25 -0.0594147 -0.820841
1 25 -0.0370199 -0.813376
2 25 0.0152349 -0.817108
0 26 -0.0258224 -0.817108
1 26 -0.00342757 -0.809643
2 26 0.0488272 -0.813376
