55
0 0 0.2402 -0.4528
1 0 0.25375 -0.4525
2 0 0.257292 -0.4625
0 1 -0.01125 -0.7625
1 1 0.00250003 -0.7675
2 1 0.00500005 -0.78125
0 2 -0.0574999 -0.46375
1 2 -0.0475 -0.46625
2 2 -0.0475 -0.47625
0 3 0.0920001 -0.661
1 3 0.1055 -0.664
2 3 0.11 -0.676
0 4 0.1235 -0.6655
1 4 0.1385 -0.6685
2 4 0.1415 -0.6805
0 5 -0.055 -0.529
1 5 -0.0449999 -0.5325
2 5 -0.0445 -0.544
0 6 0.533 -0.3355
1 6 0.554 -0.3205
2 6 0.566 -0.3205
0 7 0.2402 -0.4528
1 7 0.2525 -0.4525
2 7 0.257 -0.4615
0 8 -0.058 -0.463
1 8 -0.0475 -0.466
2 8 -0.046 -0.4765
0 9 -0.00849997 -0.757
1 9 0.00500005 -0.763
2 9 0.00800006 -0.7765
0 10 0.1232 -0.6724
1 10 0.1394 -0.676
2 10 0.143 -0.6868
0 11 0.0602001 -0.6634
1 11 0.0746001 -0.6688
2 11 0.0782001 -0.6796
0 12 -0.055 -0.529
1 12 -0.0445 -0.532
2 12 -0.0441999 -0.5446
0 13 0.0728001 -0.784
1 13 0.0908001 -0.7876
2 13 0.0944002 -0.802
0 14 -0.0567999 -0.4636
1 14 -0.0477999 -0.4654
2 14 -0.0477999 -0.4762
0 15 0.2402 -0.4528
1 15 0.2525 -0.4525
2 15 0.2564 -0.4618
0 16 0.0635 -0.784
1 16 0.0800001 -0.7858
2 16 0.0836001 -0.8002
0 17 -0.0333999 -0.6778
1 17 -0.0189999 -0.6832
2 17 -0.0171999 -0.6958
0 18 0.0368001 -0.9028
1 18 0.0549442 -0.911872
2 18 0.0566001 -0.9262
0 19 0.12752 -0.78616
1 19 0.1448 -0.79048
2 19 0.14912 -0.80344
0 20 0.0584002 -0.69328
1 20 0.0735202 -0.6976
2 20 0.0756802 -0.71056
0 21 -0.0560799 -0.46216
1 21 -0.0474399 -0.46432
2 21 -0.0474399 -0.47512
0 22 -0.0539199 -0.53128
1 22 -0.0431199 -0.53344
2 22 -0.0431199 -0.54424
0 23 0.12536 -0.6652
1 23 0.13832 -0.66952
2 23 0.14264 -0.68032
0 24 0.0929601 -0.66304
1 24 0.10808 -0.6652
2 24 0.1124 -0.67816
0 25 0.12536 -0.77536
1 25 0.14048 -0.77968
2 25 0.1448 -0.79264
0 26 0.0730882 -0.66304
1 26 0.0886402 -0.665632
2 26 0.0912323 -0.678592
0 27 0.0523523 -0.683776
1 27 0.0679043 -0.68896
2 27 0.0704962 -0.699328
0 28 0.12752 -0.784864
1 28 0.143072 -0.790048
2 28 0.148256 -0.803008
0 29 0.526688 -0.328672
1 29 0.547424 -0.315712
2 29 0.560384 -0.31312
0 30 0.526688 -0.380512
1 30 0.547424 -0.367552
2 30 0.560384 -0.367552
0 31 0.124928 -0.673408
1 31 0.14048 -0.676
2 31 0.143072 -0.68896
0 32 0.23984 -0.45136
1 32 0.251936 -0.453088
2 32 0.254528 -0.460864
0 33 -0.0565118 -0.463456
1 33 -0.0461438 -0.466048
2 33 -0.0461438 -0.476416
0 34 0.0668674 -0.779162
1 34 0.0824195 -0.785382
2 34 0.0855298 -0.797824
0 35 -0.0326653 -0.682739
1 35 -0.0202237 -0.68585
2 35 -0.0171134 -0.701402
0 36 -0.0544381 -0.53344
1 36 -0.0419965 -0.53655
2 36 -0.0419965 -0.545881
0 37 0.0544259 -0.788493
1 37 0.0699778 -0.794714
2 37 0.0730883 -0.807155
0 38 0.0513155 -0.682739
1 38 0.0668674 -0.68585
2 38 0.0699778 -0.698291
0 39 0.116634 -0.673408
1 39 0.132186 -0.676518
2 39 0.135296 -0.68896
0 40 0.0699778 -0.660966
1 40 0.0855298 -0.667187
2 40 0.0886403 -0.679629
0 41 0.0544259 -0.664077
1 41 0.0699778 -0.670297
2 41 0.0730883 -0.679629
0 42 -0.0575485 -0.461901
1 42 -0.0482173 -0.465011
2 42 -0.0482173 -0.474342
0 43 0.127209 -0.787249
1 43 0.142139 -0.790981
2 43 0.145872 -0.802178
0 44 0.0525597 -0.787249
1 44 0.0712221 -0.790981
2 44 0.0749546 -0.805911
0 45 0.0525597 -0.664077
1 45 0.0674896 -0.667809
2 45 0.0712221 -0.682739
0 46 -0.0332874 -0.686472
1 46 -0.02209 -0.690204
2 46 -0.0183575 -0.701402
0 47 0.0525597 -0.682739
1 47 0.0674896 -0.686472
2 47 0.0712221 -0.701402
0 48 0.123477 -0.776051
1 48 0.138407 -0.779784
2 48 0.145872 -0.794714
0 49 0.116012 -0.675274
1 49 0.130942 -0.679007
2 49 0.134674 -0.690204
0 50 0.142139 -0.779784
1 50 0.160802 -0.783516
2 50 0.164534 -0.794714
0 51 0.0824195 -0.675274
1 51 0.0973494 -0.679007
2 51 0.101082 -0.690204
0 52 0.0674896 -0.779784
1 52 0.0824195 -0.783516
2 52 0.0898844 -0.798446
0 53 0.0712221 -0.664077
1 53 0.086152 -0.667809
2 53 0.0898844 -0.679007
0 54 -0.0575485 -0.461901
1 54 -0.0482173 -0.466255
2 54 -0.0482173 -0.47372
