30
0 0 -0.0324999 -0.7425
1 0 -0.000999959 -0.745
2 0 0.00875003 -0.745
0 1 -0.0333333 -0.751042
1 1 -0.000999896 -0.7534
2 1 0.00875003 -0.7525
0 2 -0.0309999 -0.7435
1 2 -0.000999896 -0.7462
2 2 0.00950006 -0.745
0 3 -0.00999997 -0.68875
1 3 0.0215 -0.691
2 3 0.0335 -0.691
0 4 0.1718 -0.3394
1 4 0.19664 -0.33904
2 4 0.2135 -0.3385
0 5 0.0422001 -0.6058
1 5 0.0692001 -0.6076
2 5 0.0854001 -0.6094
0 6 -0.1954 -0.3448
1 6 -0.17272 -0.34336
2 6 -0.154 -0.3412
0 7 -0.00639992 -0.6868
1 7 0.0206001 -0.6904
2 7 0.0332001 -0.6886
0 8 0.0566001 -0.7444
1 8 0.0800002 -0.74512
2 8 0.0980001 -0.7462
0 9 -0.0374999 -0.74625
1 9 8.01722e-05 -0.74512
2 9 0.00980008 -0.7462
0 10 -0.19 -0.73
1 10 -0.15976 -0.73
2 10 -0.15112 -0.72784
0 11 -0.19432 -0.34336
1 11 -0.17056 -0.341632
2 11 -0.15328 -0.3412
0 12 -0.0374999 -0.74625
1 12 8.01722e-05 -0.74512
2 12 0.00872014 -0.74728
0 13 0.0566001 -0.7444
1 13 0.0800002 -0.74512
2 13 0.0972801 -0.74512
0 14 0.0800002 -0.74296
1 14 0.10808 -0.74296
2 14 0.1232 -0.74512
0 15 -0.0107199 -0.6868
1 15 0.0216801 -0.68896
2 15 0.0324802 -0.68896
0 16 0.17072 -0.33904
1 16 0.19664 -0.33904
2 16 0.21392 -0.33688
0 17 -0.193888 -0.344224
1 17 -0.17056 -0.341632
2 17 -0.152416 -0.341632
0 18 0.1646 -0.3412
1 18 0.19664 -0.33904
2 18 0.213056 -0.336448
0 19 -0.0305918 -0.751168
1 19 -0.00156136 -0.751168
2 19 0.0108803 -0.751168
0 20 0.0388739 -0.69207
1 20 0.0637571 -0.693937
2 20 0.0824195 -0.695181
0 21 0.164534 -0.339351
1 21 0.194394 -0.337485
2 21 0.213056 -0.337485
0 22 -0.0948734 -0.856922
1 22 -0.0631472 -0.858166
2 22 -0.0544381 -0.856922
0 23 -0.181965 -0.738726
1 23 -0.157081 -0.738726
2 23 -0.14464 -0.735616
0 24 -0.194406 -0.343705
1 24 -0.172633 -0.343705
2 24 -0.153971 -0.340595
0 25 0.334362 -0.869363
1 25 0.369821 -0.876828
2 25 0.38475 -0.876828
0 26 -0.0930071 -0.858166
1 26 -0.0631472 -0.858166
2 26 -0.0556823 -0.858166
0 27 0.164534 -0.339351
1 27 0.194394 -0.337485
2 27 0.209324 -0.335618
0 28 -0.182587 -0.731261
1 28 -0.160192 -0.731261
2 28 -0.145262 -0.727529
0 29 -0.194406 -0.343705
1 29 -0.171389 -0.343083
2 29 -0.152727 -0.339351
