90
0 0 0.0208333 -0.433333
1 0 0.02 -0.4325
2 0 0.0197917 -0.43125
0 1 -0.1105 -0.73
1 1 -0.111458 -0.729167
2 1 -0.110417 -0.728125
0 2 -0.286458 -0.709375
1 2 -0.289583 -0.711458
2 2 -0.289583 -0.711458
0 3 -0.0479167 -0.572917
1 3 -0.05 -0.572917
2 3 -0.05 -0.571875
0 4 -0.0475 -0.57375
1 4 -0.0499999 -0.5725
2 4 -0.0499999 -0.57125
0 5 0.02125 -0.4325
1 5 0.02 -0.4325
2 5 0.02 -0.43125
0 6 -0.1105 -0.73
1 6 -0.1105 -0.73
2 6 -0.11 -0.72875
0 7 -0.14375 -0.64375
1 7 -0.145 -0.64375
2 7 -0.145 -0.6425
0 8 -0.0895 -0.667
1 8 -0.09125 -0.6675
2 8 -0.09125 -0.66625
0 9 -0.0415 -0.6535
1 9 -0.0415 -0.6535
2 9 -0.0415 -0.652
0 10 -0.325 -0.712
1 10 -0.3265 -0.7135
2 10 -0.328 -0.7135
0 11 -0.313 -0.709
1 11 -0.3145 -0.7105
2 11 -0.3145 -0.7105
0 12 -0.292 -0.7105
1 12 -0.2935 -0.712
2 12 -0.2935 -0.712
0 13 -0.28 -0.712
1 13 -0.2815 -0.7135
2 13 -0.2815 -0.7135
0 14 -0.298 -0.7075
1 14 -0.2995 -0.709
2 14 -0.301 -0.709
0 15 -0.1105 -0.73
1 15 -0.1105 -0.73
2 15 -0.1105 -0.7285
0 16 -0.0505 -0.6025
1 16 -0.052 -0.6025
2 16 -0.052 -0.601
0 17 -0.0835 -0.58
1 17 -0.085 -0.58
2 17 -0.085 -0.5785
0 18 -0.0895 -0.667
1 18 -0.091 -0.667
2 18 -0.091 -0.6655
0 19 0.02125 -0.4325
1 19 0.02 -0.4325
2 19 0.02 -0.4285
0 20 -0.289 -0.739
1 20 -0.2908 -0.7408
2 20 -0.2908 -0.7408
0 21 -0.2854 -0.7174
1 21 -0.2872 -0.7192
2 21 -0.2872 -0.7192
0 22 -0.2854 -0.7048
1 22 -0.2872 -0.7066
2 22 -0.289 -0.7066
0 23 -0.0459999 -0.5788
1 23 -0.0477999 -0.5788
2 23 -0.0477999 -0.577
0 24 -0.0819999 -0.5806
1 24 -0.0837999 -0.5788
2 24 -0.0837999 -0.5788
0 25 -0.1036 -0.5878
1 25 -0.1054 -0.5878
2 25 -0.1054 -0.5878
0 26 -0.1036 -0.6004
1 26 -0.1054 -0.5986
2 26 -0.1054 -0.5986
0 27 -0.3214 -0.7084
1 27 -0.3232 -0.7102
2 27 -0.3232 -0.712
0 28 -0.0459999 -0.6688
1 28 -0.0477999 -0.667
2 28 -0.0477999 -0.667
0 29 -0.0971199 -0.6652
1 29 -0.0999999 -0.667
2 29 -0.0999999 -0.6652
0 30 -0.1036 -0.6706
1 30 -0.1054 -0.6706
2 30 -0.1054 -0.6688
0 31 -0.0477999 -0.5734
1 31 -0.0495999 -0.5734
2 31 -0.0495999 -0.5716
0 32 -0.28 -0.712
1 32 -0.2818 -0.7138
2 32 -0.2818 -0.7138
0 33 -0.316 -0.7156
1 33 -0.3178 -0.7174
2 33 -0.3178 -0.7174
0 34 -0.3142 -0.7084
1 34 -0.3142 -0.7102
2 34 -0.316 -0.712
0 35 -0.0981999 -0.5734
1 35 -0.0999999 -0.5734
2 35 -0.0999999 -0.5716
0 36 -0.1108 -0.73
1 36 -0.1108 -0.73
2 36 -0.1108 -0.73
0 37 -0.145 -0.6436
1 37 -0.1468 -0.6436
2 37 -0.1468 -0.6436
0 38 -0.0891999 -0.667
1 38 -0.0909999 -0.667
2 38 -0.0909999 -0.6652
0 39 -0.31744 -0.73432
1 39 -0.31744 -0.73432
2 39 -0.3196 -0.73648
0 40 -0.2872 -0.7192
1 40 -0.29152 -0.72136
2 40 -0.28936 -0.72136
0 41 -0.28936 -0.71272
1 41 -0.29152 -0.71488
2 41 -0.29152 -0.71488
0 42 -0.29368 -0.70624
1 42 -0.29584 -0.7084
2 42 -0.29584 -0.7084
0 43 -0.2872 -0.70624
1 43 -0.2872 -0.7084
2 43 -0.28936 -0.7084
0 44 -0.298 -0.7084
1 44 -0.30016 -0.71056
2 44 -0.30016 -0.71056
0 45 -0.31312 -0.7084
1 45 -0.31528 -0.71056
2 45 -0.31528 -0.71056
0 46 -0.0971199 -0.6652
1 46 -0.0971199 -0.6652
2 46 -0.0971199 -0.6652
0 47 -0.1036 -0.66952
1 47 -0.10576 -0.66952
2 47 -0.10576 -0.66952
0 48 -0.0603999 -0.57448
1 48 -0.0625599 -0.57448
2 48 -0.0625599 -0.57232
0 49 -0.31744 -0.7408
1 49 -0.31744 -0.7408
2 49 -0.31744 -0.74296
0 50 -0.0863199 -0.57232
1 50 -0.0884799 -0.57232
2 50 -0.0884799 -0.57016
0 51 -0.1108 -0.73
1 51 -0.1108 -0.73
2 51 -0.11008 -0.73
0 52 -0.14464 -0.6436
1 52 -0.1468 -0.6436
2 52 -0.1468 -0.6436
0 53 -0.103168 -0.670816
1 53 -0.10576 -0.670816
2 53 -0.10576 -0.668224
0 54 -0.297568 -0.709696
1 54 -0.30016 -0.709696
2 54 -0.30016 -0.709696
0 55 -0.318304 -0.7408
1 55 -0.323488 -0.7408
2 55 -0.323488 -0.743392
0 56 -0.31312 -0.709696
1 56 -0.315712 -0.712288
2 56 -0.315712 -0.712288
0 57 -0.289792 -0.738208
1 57 -0.289792 -0.7408
2 57 -0.292384 -0.7408
0 58 -0.302752 -0.733024
1 58 -0.302752 -0.735616
2 58 -0.305344 -0.735616
0 59 -0.279424 -0.712288
1 59 -0.282016 -0.71488
2 59 -0.282016 -0.71488
0 60 -0.292384 -0.717472
1 60 -0.292384 -0.720064
2 60 -0.294976 -0.720064
0 61 -0.108352 -0.730432
1 61 -0.108352 -0.730432
2 61 -0.108352 -0.72784
0 62 -0.103168 -0.600832
1 62 -0.103168 -0.600832
2 62 -0.10576 -0.600832
0 63 -0.0824318 -0.561952
1 63 -0.0824318 -0.561952
2 63 -0.0824318 -0.561952
0 64 0.156032 -0.253504
1 64 0.156032 -0.250912
2 64 0.161216 -0.245728
0 65 -0.0616958 -0.574912
1 65 -0.0642878 -0.574912
2 65 -0.0642878 -0.57232
0 66 -0.0482173 -0.670297
1 66 -0.0513278 -0.670297
2 66 -0.0513278 -0.667187
0 67 -0.306381 -0.710733
1 67 -0.306381 -0.710733
2 67 -0.306381 -0.710733
0 68 -0.101094 -0.592537
1 68 -0.101094 -0.592537
2 68 -0.101094 -0.592537
0 69 -0.293939 -0.707622
1 69 -0.297049 -0.707622
2 69 -0.297049 -0.707622
0 70 -0.107315 -0.729395
1 70 -0.107315 -0.729395
2 70 -0.107315 -0.729395
0 71 -0.108352 -0.738208
1 71 -0.108352 -0.738208
2 71 -0.107315 -0.735616
0 72 -0.30327 -0.735616
1 72 -0.30327 -0.738726
2 72 -0.30327 -0.738726
0 73 -0.315712 -0.738726
1 73 -0.321933 -0.741837
2 73 -0.318822 -0.741837
0 74 -0.321933 -0.738726
1 74 -0.321933 -0.741837
2 74 -0.325043 -0.741837
0 75 -0.0824317 -0.561433
1 75 -0.0824317 -0.561433
2 75 -0.0824317 -0.561433
0 76 0.00465946 -0.720064
1 76 0.00465946 -0.720064
2 76 0.00465946 -0.716954
0 77 0.156032 -0.253504
1 77 0.153959 -0.250393
2 77 0.16018 -0.244173
0 78 -0.287096 -0.708866
1 78 -0.290829 -0.708866
2 78 -0.290829 -0.708866
0 79 -0.320688 -0.712599
1 79 -0.328153 -0.716331
2 79 -0.328153 -0.716331
0 80 -0.302026 -0.738726
1 80 -0.305759 -0.742459
2 80 -0.305759 -0.742459
0 81 -0.0519498 -0.581962
1 81 -0.0519498 -0.581962
2 81 -0.0519498 -0.581962
0 82 0.00403741 -0.720064
1 82 0.00403741 -0.720064
2 82 0.00403741 -0.720064
0 83 -0.0855421 -0.667809
1 83 -0.0855421 -0.667809
2 83 -0.0855421 -0.667809
0 84 -0.100472 -0.596892
1 84 -0.100472 -0.596892
2 84 -0.100472 -0.59316
0 85 -0.0482173 -0.671542
1 85 -0.0519498 -0.671542
2 85 -0.0482173 -0.667809
0 86 -0.0818097 -0.5633
1 86 -0.0818097 -0.5633
2 86 -0.0818097 -0.5633
0 87 -0.0892746 -0.570765
1 87 -0.0892746 -0.574497
2 87 -0.0892746 -0.570765
0 88 0.153337 -0.253504
1 88 0.153337 -0.249771
2 88 0.157069 -0.246039
0 89 -0.331886 -0.257236
1 89 -0.334374 -0.256614
2 89 -0.339351 -0.253504
