108
0 0 0.184375 -0.465625
1 0 0.186458 -0.465625
2 0 0.192708 -0.465625
0 1 -0.247917 -0.764583
1 1 -0.25 -0.766667
2 1 -0.247917 -0.76875
0 2 -0.0322917 -0.58125
1 2 -0.0322917 -0.582292
2 2 -0.028125 -0.583333
0 3 0.090625 -0.427083
1 3 0.0927083 -0.428125
2 3 0.096875 -0.429167
0 4 -0.33375 -0.2325
1 4 -0.33625 -0.23
2 4 -0.3375 -0.22625
0 5 -0.0415 -0.7495
1 5 -0.0415 -0.7525
2 5 -0.03625 -0.75375
0 6 -0.0324999 -0.58125
1 6 -0.0324999 -0.5825
2 6 -0.02875 -0.58375
0 7 0.0175001 -0.58125
1 7 0.0187501 -0.5825
2 7 0.0225 -0.58375
0 8 -0.0124999 -0.58
1 8 -0.0137499 -0.58125
2 8 -0.00874996 -0.5825
0 9 0.0890001 -0.427
1 9 0.0905 -0.4285
2 9 0.09625 -0.43
0 10 -0.00749995 -0.5775
1 10 -0.00749995 -0.57875
2 10 -0.00249996 -0.58
0 11 0.035 -0.57625
1 11 0.035 -0.5775
2 11 0.04 -0.57875
0 12 0.28125 -0.197917
1 12 0.287 -0.196
2 12 0.2975 -0.1945
0 13 -0.0405999 -0.7498
1 13 -0.0415 -0.7525
2 13 -0.037 -0.754
0 14 0.0155001 -0.613
1 14 0.0155001 -0.6145
2 14 0.02 -0.6145
0 15 0.0890001 -0.427
1 15 0.0905 -0.4285
2 15 0.0965 -0.4285
0 16 -0.00549997 -0.583
1 16 -0.00549997 -0.586
2 16 -0.000999959 -0.586
0 17 -0.2425 -0.736
1 17 -0.244 -0.7375
2 17 -0.2425 -0.7405
0 18 0.02 -0.586
1 18 0.02 -0.5875
2 18 0.0245 -0.589
0 19 0.1805 -0.448
1 19 0.1835 -0.448
2 19 0.1895 -0.448
0 20 -0.2425 -0.7765
1 20 -0.2455 -0.778
2 20 -0.244 -0.781
0 21 0.0245 -0.679
1 21 0.023 -0.682
2 21 0.0275 -0.6835
0 22 -0.2725 -0.7705
1 22 -0.2755 -0.772
2 22 -0.2725 -0.775
0 23 0.0185 -0.58
1 23 0.0185 -0.583
2 23 0.023 -0.583
0 24 -0.013 -0.58
1 24 -0.013 -0.5815
2 24 -0.00849997 -0.583
0 25 -0.247 -0.7645
1 25 -0.25 -0.7675
2 25 -0.247 -0.769
0 26 -0.1075 -0.43875
1 26 -0.1075 -0.43875
2 26 -0.103 -0.439
0 27 -0.0801999 -0.658
1 27 -0.0819999 -0.6598
2 27 -0.0765999 -0.6616
0 28 -0.2566 -0.739
1 28 -0.2584 -0.7408
2 28 -0.2566 -0.7426
0 29 -0.2728 -0.7408
1 29 -0.2746 -0.7426
2 29 -0.2728 -0.7444
0 30 -0.0387999 -0.5986
1 30 -0.0387999 -0.5986
2 30 -0.0351999 -0.6004
0 31 -0.0405999 -0.7498
1 31 -0.0405999 -0.7534
2 31 -0.0333999 -0.7534
0 32 -0.00459989 -0.5788
1 32 -0.00459989 -0.5806
2 32 -0.000999896 -0.5806
0 33 -0.0333999 -0.5806
1 33 -0.0333999 -0.5842
2 33 -0.0297999 -0.5842
0 34 -0.2818 -0.7786
1 34 -0.2854 -0.7786
2 34 -0.2818 -0.7822
0 35 -0.2728 -0.7786
1 35 -0.2764 -0.7786
2 35 -0.2728 -0.7822
0 36 -0.244 -0.7768
1 36 -0.2458 -0.7786
2 36 -0.244 -0.7804
0 37 -0.0225999 -0.5806
1 37 -0.0225999 -0.5824
2 37 -0.0189999 -0.5824
0 38 -0.0387999 -0.6112
1 38 -0.0387999 -0.6112
2 38 -0.0351999 -0.6112
0 39 -0.2476 -0.766
1 39 -0.2494 -0.7678
2 39 -0.2476 -0.7696
0 40 0.0224001 -0.6796
1 40 0.0224001 -0.6814
2 40 0.0278001 -0.6832
0 41 -0.2422 -0.7624
1 41 -0.244 -0.7642
2 41 -0.2422 -0.766
0 42 -0.0225999 -0.6796
1 42 -0.0225999 -0.6814
2 42 -0.0189999 -0.6814
0 43 -0.334 -0.232
1 43 -0.337 -0.2305
2 43 -0.3376 -0.2278
0 44 -0.0405999 -0.7498
1 44 -0.0405999 -0.7534
2 44 -0.0369999 -0.7534
0 45 -0.25912 -0.74512
1 45 -0.26128 -0.74728
2 45 -0.25912 -0.74944
0 46 -0.25048 -0.73648
1 46 -0.2548 -0.73864
2 46 -0.25048 -0.7408
0 47 -0.26128 -0.76456
1 47 -0.26344 -0.76672
2 47 -0.26128 -0.76888
0 48 -0.244 -0.77536
1 48 -0.24616 -0.77752
2 48 -0.244 -0.77968
0 49 0.0195201 -0.58744
1 49 0.0195201 -0.5896
2 49 0.0238401 -0.5896
0 50 -0.27208 -0.7408
1 50 -0.2764 -0.74296
2 50 -0.27424 -0.74512
0 51 -0.00423985 -0.5788
1 51 -0.00423985 -0.58096
2 51 8.01722e-05 -0.58096
0 52 -0.27424 -0.77752
1 52 -0.2764 -0.77968
2 52 -0.27424 -0.78184
0 53 -0.0366398 -0.68248
1 53 -0.0366398 -0.68464
2 53 -0.0323199 -0.68464
0 54 -0.0387999 -0.6112
1 54 -0.0383678 -0.613792
2 54 -0.0344798 -0.61336
0 55 0.0195201 -0.58096
1 55 0.0195201 -0.58312
2 55 0.0238401 -0.58312
0 56 0.00440013 -0.58312
1 56 0.00440013 -0.58312
2 56 0.00872014 -0.58528
0 57 -0.0301599 -0.67816
1 57 -0.0301599 -0.68032
2 57 -0.0258399 -0.68248
0 58 -0.0409599 -0.7516
1 58 -0.0409599 -0.75376
2 58 -0.0366398 -0.75592
0 59 -0.0236799 -0.67816
1 59 -0.0236799 -0.68032
2 59 -0.0193598 -0.68248
0 60 -0.0193598 -0.57016
1 60 -0.0193598 -0.57232
2 60 -0.0150399 -0.57232
0 61 0.2798 -0.1972
1 61 0.28736 -0.19432
2 61 0.296 -0.19216
0 62 0.0303202 -0.6652
1 62 0.0303202 -0.66736
2 62 0.0346401 -0.66736
0 63 -0.0383678 -0.613792
1 63 -0.0383678 -0.613792
2 63 -0.0331838 -0.613792
0 64 -0.263872 -0.745984
1 64 -0.266464 -0.748576
2 64 -0.263872 -0.751168
0 65 -0.2872 -0.745984
1 65 -0.289792 -0.745984
2 65 -0.2872 -0.748576
0 66 -0.243136 -0.76672
1 66 -0.245728 -0.769312
2 66 -0.243136 -0.771904
0 67 -0.0357758 -0.603424
1 67 -0.0357758 -0.606016
2 67 -0.0305918 -0.606016
0 68 -0.243136 -0.738208
1 68 -0.245728 -0.738208
2 68 -0.243136 -0.7408
0 69 -0.250912 -0.738208
1 69 -0.253504 -0.738208
2 69 -0.250912 -0.7408
0 70 -0.256096 -0.7408
1 70 -0.258688 -0.7408
2 70 -0.256096 -0.743392
0 71 -0.282016 -0.743392
1 71 -0.284608 -0.743392
2 71 -0.282016 -0.745984
0 72 -0.282016 -0.777088
1 72 -0.284608 -0.77968
2 72 -0.282016 -0.782272
0 73 -0.27424 -0.777088
1 73 -0.276832 -0.77968
2 73 -0.27424 -0.782272
0 74 -0.269056 -0.774496
1 74 -0.271648 -0.777088
2 74 -0.269056 -0.77968
0 75 -0.250912 -0.75376
1 75 -0.253504 -0.75376
2 75 -0.250912 -0.756352
0 76 0.0445763 -0.676
1 76 0.0445763 -0.678592
2 76 0.0497602 -0.681184
0 77 -0.0357758 -0.582688
1 77 -0.0357758 -0.58528
2 77 -0.0305918 -0.58528
0 78 -0.0279998 -0.678592
1 78 -0.0279998 -0.681184
2 78 -0.0228158 -0.681184
0 79 -0.0409599 -0.7516
1 79 -0.0409598 -0.75376
2 79 -0.0357758 -0.756352
0 80 0.0212482 -0.580096
1 80 0.0212482 -0.582688
2 80 0.0264322 -0.582688
0 81 0.2798 -0.1972
1 81 0.285632 -0.193888
2 81 0.296 -0.193888
0 82 0.278375 -0.197517
1 82 0.283973 -0.193784
2 82 0.293927 -0.191296
0 83 -0.259725 -0.76983
1 83 -0.262835 -0.76983
2 83 -0.259725 -0.772941
0 84 -0.244173 -0.738726
1 84 -0.247283 -0.738726
2 84 -0.244173 -0.741837
0 85 -0.250393 -0.738726
1 85 -0.253504 -0.738726
2 85 -0.250393 -0.741837
0 86 -0.256614 -0.741837
1 86 -0.259725 -0.741837
2 86 -0.256614 -0.744947
0 87 -0.278387 -0.754278
1 87 -0.281497 -0.754278
2 87 -0.278387 -0.757389
0 88 -0.241062 -0.76672
1 88 -0.244173 -0.76983
2 88 -0.241062 -0.772941
0 89 -0.0357758 -0.604979
1 89 -0.0357758 -0.604979
2 89 -0.0326653 -0.604979
0 90 0.0202115 -0.580096
1 90 0.0202115 -0.583206
2 90 0.0233219 -0.583206
0 91 -0.269056 -0.776051
1 91 -0.272166 -0.776051
2 91 -0.269056 -0.779162
0 92 -0.287718 -0.748058
1 92 -0.290829 -0.748058
2 92 -0.287718 -0.751168
0 93 -0.262835 -0.741837
1 93 -0.265945 -0.744947
2 93 -0.262835 -0.744947
0 94 -0.0171134 -0.570765
1 94 -0.0171134 -0.570765
2 94 -0.0140029 -0.570765
0 95 -0.253504 -0.764854
1 95 -0.257236 -0.764854
2 95 -0.253504 -0.768586
0 96 -0.287096 -0.746191
1 96 -0.290829 -0.749924
2 96 -0.287096 -0.749924
0 97 -0.264701 -0.742459
1 97 -0.268434 -0.742459
2 97 -0.264701 -0.746191
0 98 -0.279631 -0.757389
1 98 -0.279631 -0.757389
2 98 -0.279631 -0.761121
0 99 -0.014625 -0.59316
1 99 -0.014625 -0.59316
2 99 -0.0108925 -0.59316
0 100 -0.257236 -0.776051
1 100 -0.260969 -0.776051
2 100 -0.257236 -0.779784
0 101 -0.246039 -0.776051
1 101 -0.249771 -0.776051
2 101 -0.246039 -0.779784
0 102 -0.0332874 -0.686472
1 102 -0.0370199 -0.686472
2 102 -0.0295549 -0.690204
0 103 -0.331886 -0.231109
1 103 -0.335618 -0.231109
2 103 -0.335618 -0.227376
0 104 -0.02209 -0.581962
1 104 -0.02209 -0.581962
2 104 -0.0183575 -0.581962
0 105 0.278375 -0.197517
1 105 0.283973 -0.193784
2 105 0.295171 -0.193784
0 106 0.0450947 -0.679007
1 106 0.0450947 -0.682739
2 106 0.0488272 -0.682739
0 107 -0.0370199 -0.604357
1 107 -0.0370199 -0.608089
2 107 -0.0332874 -0.608089
