22
0 0 -0.0323199 -0.81208
1 0 0.0195201 -0.8164
2 0 0.0389601 -0.81856
0 1 -0.0539199 -0.68032
1 1 8.01722e-05 -0.68032
2 1 0.0173601 -0.68248
0 2 0.144628 -0.405913
1 2 0.20096 -0.40168
2 2 0.21392 -0.3952
0 3 -0.103168 -0.8056
1 3 -0.0517598 -0.80992
2 3 -0.0305918 -0.813376
0 4 -0.0323199 -0.81208
1 4 0.0186562 -0.815968
2 4 0.0368003 -0.81856
0 5 -0.121312 -0.823744
1 5 -0.0668798 -0.826336
2 5 -0.0487357 -0.83152
0 6 0.144628 -0.405913
1 6 0.200615 -0.402803
2 6 0.213056 -0.396064
0 7 -0.0948734 -0.813376
1 7 -0.0388861 -0.816486
2 7 -0.0202237 -0.819597
0 8 -0.0357758 -0.68585
1 8 0.0139907 -0.68896
2 8 0.032653 -0.68896
0 9 -0.101094 -0.804045
1 9 -0.0482173 -0.807155
2 9 -0.0295549 -0.810266
0 10 -0.121312 -0.823744
1 10 -0.0668798 -0.825818
2 10 -0.0482173 -0.828928
0 11 -0.272166 -0.405913
1 11 -0.228621 -0.402803
2 11 -0.22551 -0.405913
0 12 -0.278387 -0.493005
1 12 -0.234841 -0.489894
2 12 -0.228621 -0.489894
0 13 0.144628 -0.405913
1 13 0.200615 -0.402803
2 13 0.213056 -0.393472
0 14 -0.0370199 -0.813376
1 14 0.0152349 -0.817108
2 14 0.0338973 -0.817108
0 15 -0.100472 -0.805911
1 15 -0.0482173 -0.809643
2 15 -0.0295549 -0.809643
0 16 -0.275899 -0.496115
1 16 -0.234841 -0.492383
2 16 -0.227376 -0.492383
0 17 -0.0295549 -0.679007
1 17 0.0264323 -0.679007
2 17 0.0413623 -0.679007
0 18 -0.0370199 -0.790981
1 18 0.0152349 -0.794714
2 18 0.0338973 -0.794714
0 19 -0.272166 -0.406536
1 19 -0.227376 -0.402803
2 19 -0.223644 -0.406536
0 20 -0.00716 -0.686472
1 20 0.0450947 -0.690204
2 20 0.0637571 -0.690204
0 21 0.144628 -0.405913
1 21 0.200615 -0.402803
2 21 0.213056 -0.395338
