66
0 0 0 -0.747917
1 0 0.00208333 -0.748958
2 0 0.00208333 -0.747917
0 1 0.0364583 -0.584375
1 1 0.0395833 -0.584375
2 1 0.040625 -0.582292
0 2 0.0625 -0.576042
1 2 0.065625 -0.576042
2 2 0.0666667 -0.573958
0 3 0.0333333 -0.773958
1 3 0.0354167 -0.773958
2 3 0.0354167 -0.771875
0 4 0 -0.589583
1 4 0.003125 -0.589583
2 4 0.00416667 -0.5875
0 5 0.00416667 -0.586458
1 5 0.00729167 -0.586458
2 5 0.00833333 -0.584375
0 6 -0.00249996 -0.5675
1 6 6.35783e-08 -0.5675
2 6 6.35783e-08 -0.565
0 7 0.0850001 -0.6375
1 7 0.0875 -0.6375
2 7 0.0875 -0.63625
0 8 0.0875 -0.64125
1 8 0.09 -0.6425
2 8 0.09 -0.64
0 9 -0.02875 -0.71875
1 9 -0.0262499 -0.72
2 9 -0.0262499 -0.71875
0 10 0.0887501 -0.77
1 10 0.09 -0.77125
2 10 0.09 -0.76875
0 11 0.062 -0.577
1 11 0.065 -0.577
2 11 0.0665 -0.574
0 12 0.065 -0.5845
1 12 0.068 -0.5845
2 12 0.0695001 -0.583
0 13 -0.0234999 -0.7405
1 13 -0.0219999 -0.742
2 13 -0.0219999 -0.7405
0 14 0.0860001 -0.634
1 14 0.0875 -0.634
2 14 0.0875 -0.6325
0 15 0.0875 -0.643
1 15 0.0890001 -0.643
2 15 0.0890001 -0.64
0 16 0.0830001 -0.688
1 16 0.0845 -0.6895
2 16 0.0845 -0.6865
0 17 0.0335 -0.7735
1 17 0.035 -0.775
2 17 0.035 -0.772
0 18 0.0860001 -0.7525
1 18 0.0875 -0.7525
2 18 0.0875 -0.7495
0 19 -0.1045 -0.6505
1 19 -0.103 -0.6505
2 19 -0.103 -0.649
0 20 0.1124 -0.9154
1 20 0.1142 -0.919
2 20 0.1142 -0.9172
0 21 -0.0225999 -0.7246
1 21 -0.0207999 -0.7264
2 21 -0.0207999 -0.7246
0 22 0.0656001 -0.5842
1 22 0.0692001 -0.5842
2 22 0.0692001 -0.5824
0 23 0.0872002 -0.6436
1 23 0.0890001 -0.6436
2 23 0.0890001 -0.6418
0 24 0.0836001 -0.6382
1 24 0.0854001 -0.6382
2 24 0.0854001 -0.6364
0 25 -0.0279999 -0.7192
1 25 -0.0261999 -0.721
2 25 -0.0261999 -0.7192
0 26 0.0512001 -0.766
1 26 0.0530001 -0.766
2 26 0.0530001 -0.7642
0 27 -0.1018 -0.6364
1 27 -0.0999999 -0.6364
2 27 -0.0999999 -0.6346
0 28 -0.0971199 -0.65656
1 28 -0.0949599 -0.65872
2 28 -0.0949599 -0.65656
0 29 0.1556 -0.92224
1 29 0.15992 -0.9244
2 29 0.15992 -0.9244
0 30 -0.0279999 -0.7192
1 30 -0.0258399 -0.72136
2 30 -0.0258399 -0.7192
0 31 0.0368001 -0.5896
1 31 0.0389601 -0.5896
2 31 0.0411201 -0.58744
0 32 0.0346401 -0.77752
1 32 0.0368001 -0.77752
2 32 0.0368001 -0.77536
0 33 0.0368001 -0.71056
1 33 0.0389601 -0.71272
2 33 0.0389601 -0.71056
0 34 0.0821602 -0.69112
1 34 0.0843202 -0.69112
2 34 0.0821602 -0.68896
0 35 0.0843202 -0.68464
1 35 0.0864802 -0.68464
2 35 0.0864802 -0.68248
0 36 -0.0279999 -0.74512
1 36 -0.0258399 -0.74728
2 36 -0.0258399 -0.74512
0 37 0.0843202 -0.6328
1 37 0.0864802 -0.6328
2 37 0.0864802 -0.63064
0 38 0.0864802 -0.6436
1 38 0.0886402 -0.6436
2 38 0.0886402 -0.64144
0 39 0.0497601 -0.76456
1 39 0.0519201 -0.76672
2 39 0.0519201 -0.76456
0 40 0.11024 -0.91576
1 40 0.11456 -0.917056
2 40 0.11456 -0.917056
0 41 0.0808642 -0.691552
1 41 0.0834563 -0.691552
2 41 0.0834563 -0.68896
0 42 -0.0953918 -0.657856
1 42 -0.0953918 -0.657856
2 42 -0.0953918 -0.655264
0 43 0.0860483 -0.644896
1 43 0.0886402 -0.644896
2 43 0.0886402 -0.642304
0 44 -0.0279998 -0.7408
1 44 -0.0254078 -0.745984
2 44 -0.0254078 -0.743392
0 45 0.0342082 -0.58528
1 45 0.0368003 -0.58528
2 45 0.0393922 -0.582688
0 46 0.0497602 -0.758944
1 46 0.0523523 -0.758944
2 46 0.0523523 -0.756352
0 47 0.104192 -0.771904
1 47 0.106784 -0.771904
2 47 0.106784 -0.769312
0 48 0.0653123 -0.580096
1 48 0.0679043 -0.580096
2 48 0.0679043 -0.577504
0 49 0.0860483 -0.678592
1 49 0.0886402 -0.678592
2 49 0.0886402 -0.676
0 50 0.0419842 -0.756352
1 50 0.0445763 -0.756352
2 50 0.0445763 -0.75376
0 51 -0.0124477 -0.567136
1 51 -0.00985578 -0.567136
2 51 -0.00985578 -0.564544
0 52 0.0482051 -0.741837
1 52 0.0513155 -0.741837
2 52 0.0513155 -0.738726
0 53 0.0668674 -0.580096
1 53 0.0699778 -0.580096
2 53 0.0699778 -0.576985
0 54 0.0419843 -0.757389
1 54 0.0450947 -0.757389
2 54 0.0450947 -0.754278
0 55 -0.0233341 -0.713843
1 55 -0.0202237 -0.713843
2 55 -0.0202237 -0.713843
0 56 -0.0948734 -0.657856
1 56 -0.0948734 -0.657856
2 56 -0.0948734 -0.654746
0 57 -0.0886525 -0.636083
1 57 -0.0886525 -0.636083
2 57 -0.0886525 -0.636083
0 58 0.0886403 -0.819597
1 58 0.0917507 -0.819597
2 58 0.0886403 -0.816486
0 59 0.0357635 -0.710733
1 59 0.0388739 -0.713843
2 59 0.0388739 -0.710733
0 60 0.086152 -0.817108
1 60 0.0898844 -0.820841
2 60 0.0898844 -0.817108
0 61 -0.104205 -0.660344
1 61 -0.104205 -0.660344
2 61 -0.104205 -0.660344
0 62 -0.0967396 -0.656612
1 62 -0.0930071 -0.656612
2 62 -0.0930071 -0.656612
0 63 -0.0967396 -0.637949
1 63 -0.0930071 -0.637949
2 63 -0.0930071 -0.634217
0 64 0.0413623 -0.757389
1 64 0.0450947 -0.757389
2 64 0.0450947 -0.753656
0 65 -0.0108925 -0.809643
1 65 -0.0108925 -0.809643
2 65 -0.0108925 -0.809643
