75
0 0 0.0604167 -0.8125
1 0 0.059375 -0.814583
2 0 0.0572917 -0.814583
0 1 0.197 -0.448
1 1 0.2 -0.4465
2 1 0.202083 -0.444792
0 2 0.0145833 -0.686458
1 2 0.0145833 -0.6875
2 2 0.0114583 -0.686458
0 3 0.0166667 -0.726042
1 3 0.0166667 -0.729167
2 3 0.0135417 -0.729167
0 4 -0.01875 -0.725
1 4 -0.01875 -0.726042
2 4 -0.021875 -0.725
0 5 0.0612501 -0.7975
1 5 0.0612501 -0.8
2 5 0.0575 -0.79875
0 6 0.06 -0.7925
1 6 0.0612501 -0.795
2 6 0.0575 -0.795
0 7 0.197 -0.4474
1 7 0.20125 -0.4475
2 7 0.2025 -0.445
0 8 0.0275 -0.69
1 8 0.02875 -0.69125
2 8 0.0250001 -0.69
0 9 0.04 -0.69125
1 9 0.04 -0.6925
2 9 0.03875 -0.69125
0 10 -0.157292 -0.529167
1 10 -0.15875 -0.52625
2 10 -0.1625 -0.5225
0 11 -0.00999997 -0.81625
1 11 -0.00874996 -0.81625
2 11 -0.0137499 -0.81625
0 12 -0.1015 -0.7975
1 12 -0.1015 -0.7975
2 12 -0.1075 -0.796
0 13 0.0275 -0.691
1 13 0.0275 -0.691
2 13 0.0245 -0.691
0 14 0.0395 -0.691
1 14 0.0395 -0.6925
2 14 0.0365 -0.691
0 15 -0.1575 -0.53
1 15 -0.1594 -0.5284
2 15 -0.163 -0.523
0 16 0.0140001 -0.688
1 16 0.0140001 -0.6895
2 16 0.0110001 -0.688
0 17 0.02 -0.6835
1 17 0.0215 -0.685
2 17 0.0185 -0.6835
0 18 0.071 -0.796
1 18 0.071 -0.7975
2 18 0.0665 -0.7975
0 19 0.197 -0.4474
1 19 0.2006 -0.4474
2 19 0.2015 -0.445
0 20 0.0185 -0.799
1 20 0.0185 -0.8005
2 20 0.0140001 -0.8005
0 21 0.0566001 -0.6976
1 21 0.0566001 -0.6994
2 21 0.0548001 -0.6976
0 22 0.0134001 -0.6886
1 22 0.0152001 -0.6886
2 22 0.0116001 -0.6886
0 23 0.80875 -0.82875
1 23 0.8525 -0.826
2 23 0.9008 -0.8308
0 24 -0.0207999 -0.829
1 24 -0.0215199 -0.83152
2 24 -0.0261999 -0.8308
0 25 -0.1558 -0.5302
1 25 -0.1594 -0.5284
2 25 -0.163 -0.523
0 26 -0.00855986 -0.81424
1 26 -0.00999991 -0.8164
2 26 -0.0135999 -0.8164
0 27 0.8195 -0.8545
1 27 0.863 -0.8542
2 27 0.9098 -0.8596
0 28 0.19664 -0.44704
1 28 0.2 -0.4465
2 28 0.2006 -0.4438
0 29 0.0566001 -0.784
1 29 0.0566001 -0.7858
2 29 0.0530001 -0.7858
0 30 -0.0150399 -0.71704
1 30 -0.0128799 -0.7192
2 30 -0.0171998 -0.7192
0 31 0.0562401 -0.6976
1 31 0.0562401 -0.69976
2 31 0.0540801 -0.6976
0 32 0.0238401 -0.69328
1 32 0.0238401 -0.69328
2 32 0.0216801 -0.69328
0 33 -0.1576 -0.53128
1 33 -0.15976 -0.52912
2 33 -0.16408 -0.5248
0 34 0.0389601 -0.69112
1 34 0.0389601 -0.69328
2 34 0.0368001 -0.69112
0 35 -0.0971199 -0.79264
1 35 -0.0992798 -0.79264
2 35 -0.1036 -0.79048
0 36 0.0540801 -0.80776
1 36 0.0540801 -0.80992
2 36 0.0497601 -0.80992
0 37 0.00224012 -0.81424
1 37 0.00224012 -0.8164
2 37 -0.00207984 -0.8164
0 38 -0.00855986 -0.81424
1 38 -0.00855986 -0.8164
2 38 -0.0128799 -0.81424
0 39 -0.1558 -0.4582
1 39 -0.1576 -0.45568
2 39 -0.15976 -0.4492
0 40 0.0195201 -0.79696
1 40 0.0195201 -0.79912
2 40 0.0152002 -0.79912
0 41 0.0575363 -0.81856
1 41 0.0575363 -0.821152
2 41 0.0549442 -0.821152
0 42 0.19664 -0.44704
1 42 0.200096 -0.445312
2 42 0.200096 -0.44272
0 43 -0.0150398 -0.717472
1 43 -0.0150398 -0.717472
2 43 -0.0176318 -0.717472
0 44 0.80144 -0.838
1 44 0.842912 -0.836704
2 44 0.889568 -0.841888
0 45 -0.155008 -0.458272
1 45 -0.1576 -0.45568
2 45 -0.160192 -0.450496
0 46 -0.0150398 -0.68896
1 46 -0.0124477 -0.68896
2 46 -0.0176318 -0.68896
0 47 -0.0202237 -0.828928
1 47 -0.0202237 -0.828928
2 47 -0.0254078 -0.83152
0 48 0.0756803 -0.810784
1 48 0.0756803 -0.813376
2 48 0.0730882 -0.813376
0 49 -0.155008 -0.530848
1 49 -0.1576 -0.530848
2 49 -0.162784 -0.525664
0 50 0.8144 -0.83152
1 50 0.855872 -0.828928
2 50 0.902529 -0.834112
0 51 0.0668674 -0.794714
1 51 0.0668674 -0.797824
2 51 0.0637571 -0.797824
0 52 0.804032 -0.836704
1 52 0.844468 -0.835149
2 52 0.891124 -0.84137
0 53 0.0575363 -0.807155
1 53 0.0575363 -0.810266
2 53 0.0544259 -0.810266
0 54 -0.157081 -0.53344
1 54 -0.157081 -0.530329
2 54 -0.163302 -0.527219
0 55 -0.00467173 -0.813376
1 55 -0.00778211 -0.813376
2 55 -0.0108926 -0.813376
0 56 -0.0202237 -0.828928
1 56 -0.0202237 -0.828928
2 56 -0.0264446 -0.828928
0 57 -0.0202237 -0.726285
1 57 -0.0202237 -0.729395
2 57 -0.0233341 -0.726285
0 58 -0.0171134 -0.716954
1 58 -0.0171134 -0.720064
2 58 -0.0202237 -0.716954
0 59 -0.0171134 -0.68896
1 59 -0.0171134 -0.68896
2 59 -0.0202237 -0.68896
0 60 -0.0202237 -0.710733
1 60 -0.0202237 -0.710733
2 60 -0.0233341 -0.710733
0 61 0.0513155 -0.698291
1 61 0.0513155 -0.698291
2 61 0.0482051 -0.698291
0 62 -0.155008 -0.458272
1 62 -0.1576 -0.45568
2 62 -0.160192 -0.449459
0 63 0.194394 -0.446349
1 63 0.200096 -0.445312
2 63 0.197504 -0.443238
0 64 0.0264323 -0.68585
1 64 0.0264323 -0.68896
2 64 0.0233219 -0.68585
0 65 0.0855298 -0.813376
1 65 0.0855298 -0.816486
2 65 0.0824195 -0.816486
0 66 -0.0183575 -0.727529
1 66 -0.0183575 -0.731261
2 66 -0.02209 -0.727529
0 67 0.0562922 -0.809643
1 67 0.0562922 -0.809643
2 67 0.0525597 -0.809643
0 68 0.0152349 -0.701402
1 68 0.0152349 -0.701402
2 68 0.0115024 -0.701402
0 69 0.0562922 -0.817108
1 69 0.0562922 -0.820841
2 69 0.0525597 -0.820841
0 70 0.741824 -0.166413
1 70 0.779149 -0.129088
2 70 0.825183 -0.0930071
0 71 -0.0183575 -0.690204
1 71 -0.0183575 -0.690204
2 71 -0.02209 -0.690204
0 72 -0.156459 -0.537172
1 72 -0.156459 -0.53344
2 72 -0.163924 -0.529707
0 73 -0.156459 -0.455058
1 73 -0.156459 -0.451325
2 73 -0.160192 -0.447593
0 74 0.000304921 -0.686472
1 74 0.000304921 -0.690204
2 74 -0.00342757 -0.690204
