99
0 0 -0.0552083 -0.567708
1 0 -0.0583333 -0.56875
2 0 -0.0583333 -0.569792
0 1 -0.0541667 -0.594792
1 1 -0.0572917 -0.595833
2 1 -0.0583333 -0.596875
0 2 0.0177083 -0.425
1 2 0.0166667 -0.425
2 2 0.0166667 -0.425
0 3 -0.116667 -0.738542
1 3 -0.119792 -0.739583
2 3 -0.120833 -0.741667
0 4 -0.0574999 -0.5975
1 4 -0.06 -0.6
2 4 -0.06125 -0.6
0 5 0.1 -0.45
1 5 0.1 -0.45
2 5 0.10125 -0.45
0 6 -0.05375 -0.5725
1 6 -0.0562499 -0.57375
2 6 -0.0562499 -0.575
0 7 -0.1175 -0.72625
1 7 -0.12 -0.72875
2 7 -0.12 -0.73
0 8 -0.07875 -0.565
1 8 -0.0812499 -0.565
2 8 -0.0824999 -0.56625
0 9 -0.085 -0.56625
1 9 -0.0887499 -0.5675
2 9 -0.0887499 -0.56875
0 10 -0.055 -0.5675
1 10 -0.0574999 -0.56875
2 10 -0.0574999 -0.57
0 11 0.0850001 -0.69125
1 11 0.0850001 -0.69375
2 11 0.0862501 -0.69625
0 12 -0.0387499 -0.56375
1 12 -0.04125 -0.565
2 12 -0.04125 -0.56625
0 13 0.0170001 -0.424
1 13 0.01625 -0.425
2 13 0.01625 -0.425
0 14 -0.1175 -0.72625
1 14 -0.121 -0.7285
2 14 -0.121 -0.73
0 15 -0.112 -0.583
1 15 -0.115 -0.5845
2 15 -0.115 -0.586
0 16 -0.094 -0.568
1 16 -0.097 -0.568
2 16 -0.097 -0.5695
0 17 -0.055 -0.568
1 17 -0.058 -0.5695
2 17 -0.058 -0.5695
0 18 0.0995 -0.4495
1 18 0.0995 -0.4495
2 18 0.101 -0.4495
0 19 -0.0535 -0.5725
1 19 -0.0565 -0.574
2 19 -0.0565 -0.5755
0 20 -0.085 -0.5665
1 20 -0.088 -0.568
2 20 -0.088 -0.5695
0 21 -0.091 -0.574
1 21 -0.094 -0.5755
2 21 -0.094 -0.577
0 22 -0.1525 -0.6385
1 22 -0.1555 -0.64
2 22 -0.1555 -0.6415
0 23 -0.151 -0.634
1 23 -0.154 -0.6355
2 23 -0.1555 -0.637
0 24 -0.0984999 -0.6625
1 24 -0.1015 -0.664
2 24 -0.1015 -0.6655
0 25 -0.3055 -0.709
1 25 -0.31 -0.7105
2 25 -0.3115 -0.712
0 26 -0.0535 -0.6655
1 26 -0.0565 -0.6655
2 26 -0.0565 -0.667
0 27 -0.328 -0.7075
1 27 -0.3325 -0.709
2 27 -0.334 -0.7105
0 28 -0.2995 -0.703
1 28 -0.3025 -0.7045
2 28 -0.3055 -0.706
0 29 0.0175001 -0.425
1 29 0.01625 -0.425
2 29 0.0155001 -0.4255
0 30 -0.1108 -0.595
1 30 -0.1144 -0.595
2 30 -0.1144 -0.5968
0 31 -0.3124 -0.7066
1 31 -0.316 -0.7084
2 31 -0.3178 -0.7102
0 32 -0.154 -0.64
1 32 -0.1558 -0.64
2 32 -0.1576 -0.6418
0 33 -0.0459999 -0.649
1 33 -0.0495999 -0.6508
2 33 -0.0495999 -0.6526
0 34 -0.0549999 -0.5734
1 34 -0.0567999 -0.5752
2 34 -0.0567999 -0.5752
0 35 0.0170001 -0.424
1 35 0.0152001 -0.424
2 35 0.0152001 -0.424
0 36 -0.1684 -0.6742
1 36 -0.172 -0.676
2 36 -0.172 -0.6778
0 37 -0.0981999 -0.6634
1 37 -0.1018 -0.6634
2 37 -0.1018 -0.6652
0 38 -0.1108 -0.6706
1 38 -0.1144 -0.6706
2 38 -0.1144 -0.6724
0 39 -0.2998 -0.703
1 39 -0.3034 -0.7048
2 39 -0.3052 -0.7066
0 40 -0.1108 -0.5824
1 40 -0.1144 -0.5842
2 40 -0.1144 -0.5842
0 41 -0.3088 -0.703
1 41 -0.3124 -0.7048
2 41 -0.3142 -0.7066
0 42 -0.3088 -0.7102
1 42 -0.3124 -0.712
2 42 -0.3142 -0.7138
0 43 -0.3052 -0.73
1 43 -0.3088 -0.7318
2 43 -0.3106 -0.7336
0 44 -0.118 -0.7282
1 44 -0.121 -0.7285
2 44 -0.1198 -0.7318
0 45 -0.1666 -0.5806
1 45 -0.1684 -0.5824
2 45 -0.1702 -0.5824
0 46 -0.33472 -0.7408
1 46 -0.3412 -0.7408
2 46 -0.34336 -0.74296
0 47 -0.30232 -0.73864
1 47 -0.30664 -0.7408
2 47 -0.3088 -0.74296
0 48 -0.31744 -0.73
1 48 -0.32176 -0.73
2 48 -0.32392 -0.73216
0 49 -0.33688 -0.7084
1 49 -0.3412 -0.7084
2 49 -0.34336 -0.71056
0 50 -0.32824 -0.70624
1 50 -0.33256 -0.7084
2 50 -0.33472 -0.71056
0 51 -0.30016 -0.70408
1 51 -0.30448 -0.70624
2 51 -0.30664 -0.70624
0 52 -0.3088 -0.71704
1 52 -0.31312 -0.7192
2 52 -0.31528 -0.72136
0 53 -0.0539199 -0.57448
1 53 -0.0560799 -0.57448
2 53 -0.0560799 -0.57664
0 54 -0.0949599 -0.56584
1 54 -0.0971199 -0.568
2 54 -0.0971199 -0.568
0 55 -0.11224 -0.66736
1 55 -0.1144 -0.6706
2 55 -0.1144 -0.67168
0 56 0.1754 -0.2314
1 56 0.1772 -0.2278
2 56 0.18152 -0.22672
0 57 -0.11224 -0.58096
1 57 -0.1144 -0.58312
2 57 -0.1144 -0.58312
0 58 -0.1036 -0.66088
1 58 -0.10792 -0.66304
2 58 -0.10792 -0.6652
0 59 -0.0495998 -0.65872
1 59 -0.0517598 -0.66088
2 59 -0.0517598 -0.66304
0 60 -0.3412 -0.71056
1 60 -0.34552 -0.71056
2 60 -0.34768 -0.71272
0 61 -0.11656 -0.72784
1 61 -0.11872 -0.730432
2 61 -0.11872 -0.73
0 62 -0.10576 -0.568
1 62 -0.11008 -0.568
2 62 -0.11008 -0.57016
0 63 -0.11224 -0.59608
1 63 -0.1144 -0.59608
2 63 -0.1144 -0.59824
0 64 -0.0560799 -0.5896
1 64 -0.0582399 -0.59176
2 64 -0.0582399 -0.59176
0 65 -0.108352 -0.587872
1 65 -0.110944 -0.587872
2 65 -0.110944 -0.590464
0 66 -0.320896 -0.709696
1 66 -0.323488 -0.712288
2 66 -0.32608 -0.71488
0 67 -0.302752 -0.738208
1 67 -0.307936 -0.7408
2 67 -0.307936 -0.743392
0 68 -0.0902078 -0.574912
1 68 -0.0902078 -0.574912
2 68 -0.0927998 -0.577504
0 69 -0.32608 -0.738208
1 69 -0.328672 -0.738208
2 69 -0.331264 -0.7408
0 70 -0.333856 -0.730432
1 70 -0.336448 -0.733024
2 70 -0.33904 -0.735616
0 71 -0.30016 -0.730432
1 71 -0.305344 -0.733024
2 71 -0.307936 -0.735616
0 72 -0.305344 -0.717472
1 72 -0.310528 -0.720064
2 72 -0.310528 -0.722656
0 73 -0.31312 -0.707104
1 73 -0.31312 -0.707104
2 73 -0.318304 -0.709696
0 74 -0.333856 -0.717472
1 74 -0.336448 -0.717472
2 74 -0.33904 -0.720064
0 75 0.17504 -0.23104
1 75 0.1772 -0.22888
2 75 0.181952 -0.227584
0 76 -0.11656 -0.72784
1 76 -0.11872 -0.730432
2 76 -0.116128 -0.730432
0 77 -0.108352 -0.567136
1 77 -0.110944 -0.569728
2 77 -0.110944 -0.569728
0 78 -0.103168 -0.660448
1 78 -0.10576 -0.66304
2 78 -0.10576 -0.66304
0 79 -0.110944 -0.595648
1 79 -0.113536 -0.59824
2 79 -0.113536 -0.59824
0 80 -0.149824 -0.631936
1 80 -0.152416 -0.631936
2 80 -0.152416 -0.634528
0 81 -0.0694718 -0.569728
1 81 -0.0720638 -0.569728
2 81 -0.0720638 -0.57232
0 82 -0.110425 -0.670297
1 82 -0.113536 -0.670297
2 82 -0.113536 -0.673408
0 83 0.172621 -0.228621
1 83 0.175732 -0.22551
2 83 0.178842 -0.22551
0 84 -0.0544381 -0.567654
1 84 -0.0544381 -0.567654
2 84 -0.0544381 -0.570765
0 85 -0.107315 -0.589427
1 85 -0.110425 -0.589427
2 85 -0.110425 -0.589427
0 86 -0.0886525 -0.555213
1 86 -0.0917629 -0.558323
2 86 -0.0948734 -0.558323
0 87 -0.30327 -0.738726
1 87 -0.309491 -0.738726
2 87 -0.309491 -0.741837
0 88 -0.30016 -0.732506
1 88 -0.30327 -0.732506
2 88 -0.306381 -0.735616
0 89 -0.116646 -0.735616
1 89 -0.119757 -0.735616
2 89 -0.119757 -0.738726
0 90 -0.305759 -0.738726
1 90 -0.309491 -0.738726
2 90 -0.309491 -0.742459
0 91 -0.316956 -0.738726
1 91 -0.320688 -0.738726
2 91 -0.324421 -0.742459
0 92 0.171999 -0.231109
1 92 0.175732 -0.227376
2 92 0.179464 -0.227376
0 93 -0.350548 -0.234841
1 93 -0.354281 -0.234841
2 93 -0.354281 -0.231109
0 94 -0.0594147 -0.667809
1 94 -0.0594147 -0.667809
2 94 -0.0594147 -0.667809
0 95 -0.141529 -0.716331
1 95 -0.145262 -0.720064
2 95 -0.145262 -0.720064
0 96 -0.0892746 -0.555835
1 96 -0.0930071 -0.559567
2 96 -0.0930071 -0.559567
0 97 -0.156459 -0.649147
1 97 -0.156459 -0.649147
2 97 -0.160192 -0.652879
0 98 -0.107937 -0.589427
1 98 -0.111669 -0.589427
2 98 -0.111669 -0.59316
