85
0 0 0.00208333 -0.673958
1 0 -0.0114583 -0.673958
2 0 -0.0322917 -0.667708
0 1 -0.172917 -0.690625
1 1 -0.189583 -0.685417
2 1 -0.2125 -0.68125
0 2 -0.00249996 -0.74625
1 2 -0.01625 -0.74625
2 2 -0.0374999 -0.74125
0 3 -0.0374999 -0.7175
1 3 -0.0512499 -0.7175
2 3 -0.0725 -0.71125
0 4 -0.17375 -0.69
1 4 -0.18875 -0.69125
2 4 -0.2125 -0.6825
0 5 0.225 -0.38625
1 5 0.2165 -0.3835
2 5 0.2025 -0.37625
0 6 0.00500005 -0.685
1 6 -0.00749995 -0.685
2 6 -0.02875 -0.68
0 7 -0.24125 -0.3975
1 7 -0.259375 -0.392708
2 7 -0.28625 -0.3825
0 8 0.0237501 -0.6825
1 8 0.0112501 -0.6825
2 8 -0.00999997 -0.67625
0 9 0.023 -0.6835
1 9 0.00950006 -0.6835
2 9 -0.00999997 -0.6775
0 10 -0.00549997 -0.7495
1 10 -0.0205 -0.7495
2 10 -0.0415 -0.745
0 11 0.00200005 -0.7705
1 11 -0.0115 -0.7705
2 11 -0.0324999 -0.7645
0 12 0.0530001 -0.787
1 12 0.0395 -0.7855
2 12 0.0185 -0.7795
0 13 0.0470001 -0.7915
1 13 0.032 -0.7915
2 13 0.0110001 -0.7855
0 14 0.225 -0.38625
1 14 0.2165 -0.3835
2 14 0.2015 -0.376
0 15 -0.0205 -0.673
1 15 -0.034 -0.673
2 15 -0.055 -0.667
0 16 0.00200005 -0.796
1 16 -0.0115 -0.796
2 16 -0.0324999 -0.79
0 17 -0.241 -0.397
1 17 -0.259 -0.3925
2 17 -0.286 -0.3835
0 18 0.0656001 -0.6742
1 18 0.0530001 -0.6742
2 18 0.0332001 -0.6688
0 19 0.0026001 -0.6742
1 19 -0.00999991 -0.676
2 19 -0.0315999 -0.6688
0 20 0.0404001 -0.6814
1 20 0.0278001 -0.6814
2 20 0.00620009 -0.676
0 21 0.00980008 -0.6814
1 21 -0.00279992 -0.6814
2 21 -0.0243999 -0.676
0 22 0.00620009 -0.685
1 22 -0.00819988 -0.685
2 22 -0.0279999 -0.6796
0 23 -0.0387999 -0.6904
1 23 -0.0531999 -0.6904
2 23 -0.0729999 -0.685
0 24 -0.0405999 -0.703
1 24 -0.0531999 -0.7048
2 24 -0.0747999 -0.6976
0 25 -0.0387999 -0.721
1 25 -0.0531999 -0.721
2 25 -0.0747999 -0.7156
0 26 -0.0387999 -0.7246
1 26 -0.0531999 -0.7246
2 26 -0.0747999 -0.7192
0 27 -0.1432 -0.802
1 27 -0.1576 -0.8038
2 27 -0.181 -0.7984
0 28 0.0440001 -0.8146
1 28 0.0314001 -0.8146
2 28 0.00980008 -0.8092
0 29 0.0026001 -0.7984
1 29 -0.0117999 -0.7984
2 29 -0.0315999 -0.793
0 30 -0.000999896 -0.6904
1 30 -0.0153999 -0.6904
2 30 -0.0351999 -0.685
0 31 -0.0135999 -0.6652
1 31 -0.0279999 -0.6652
2 31 -0.0477999 -0.6598
0 32 -0.17488 -0.69112
1 32 -0.19 -0.68896
2 32 -0.21376 -0.68464
0 33 -0.14248 -0.80128
1 33 -0.1576 -0.80344
2 33 -0.18136 -0.79696
0 34 -0.0107199 -0.67384
1 34 -0.0236799 -0.67168
2 34 -0.0452799 -0.66736
0 35 0.00440013 -0.676
1 35 -0.00855986 -0.676
2 35 -0.0301599 -0.66952
0 36 -0.0344798 -0.72136
1 36 -0.0474399 -0.72136
2 36 -0.0690399 -0.71704
0 37 0.224 -0.3862
1 37 0.21608 -0.3844
2 37 0.20096 -0.37576
0 38 -0.0366398 -0.71272
1 38 -0.0495998 -0.71272
2 38 -0.0711999 -0.70624
0 39 0.00656013 -0.68464
1 39 -0.00639985 -0.68464
2 39 -0.0279999 -0.67816
0 40 -0.00423985 -0.68032
1 40 -0.0193598 -0.68032
2 40 -0.0387999 -0.67384
0 41 0.0411201 -0.68032
1 41 0.0281602 -0.68032
2 41 0.00656013 -0.676
0 42 -0.0279999 -0.8164
1 42 -0.0409599 -0.8164
2 42 -0.0625599 -0.80992
0 43 -0.0150399 -0.81856
1 43 -0.0301599 -0.81856
2 43 -0.0517598 -0.81208
0 44 0.0454402 -0.82072
1 44 0.0303202 -0.82072
2 44 0.00872014 -0.81424
0 45 0.00872014 -0.79048
1 45 -0.00423985 -0.79048
2 45 -0.0258399 -0.784
0 46 0.00569623 -0.683776
1 46 -0.00726376 -0.683776
2 46 -0.0279998 -0.678592
0 47 0.223424 -0.385696
1 47 0.213056 -0.38103
2 47 0.200096 -0.375328
0 48 -0.165376 -0.484192
1 48 -0.180928 -0.4816
2 48 -0.204256 -0.473824
0 49 -0.2404 -0.4852
1 49 -0.256096 -0.484192
2 49 -0.282016 -0.476416
0 50 0.0497602 -0.800416
1 50 0.0342082 -0.800416
2 50 0.0134722 -0.795232
0 51 -0.0383678 -0.712288
1 51 -0.0513278 -0.712288
2 51 -0.0720638 -0.707104
0 52 0.0419842 -0.681184
1 52 0.0290243 -0.681184
2 52 0.00828826 -0.676
0 53 0.0627202 -0.810784
1 53 0.0497602 -0.810784
2 53 0.0290243 -0.8056
0 54 0.0445763 -0.821152
1 54 0.0290243 -0.821152
2 54 0.00828826 -0.813376
0 55 0.0523523 -0.795232
1 55 0.0393922 -0.79264
2 55 0.0186562 -0.787456
0 56 -0.0254078 -0.815968
1 56 -0.0409599 -0.8164
2 56 -0.0616958 -0.810784
0 57 0.00569623 -0.676
1 57 -0.00726376 -0.676
2 57 -0.0279998 -0.670816
0 58 0.0606467 -0.807155
1 58 0.0482051 -0.810266
2 58 0.0264323 -0.804045
0 59 -0.14775 -0.810266
1 59 -0.163302 -0.810266
2 59 -0.185075 -0.807155
0 60 -0.0264446 -0.813376
1 60 -0.0388861 -0.813376
2 60 -0.060659 -0.810266
0 61 0.0419843 -0.819597
1 61 0.0295427 -0.819597
2 61 0.0077699 -0.813376
0 62 -0.0357758 -0.723174
1 62 -0.0482173 -0.723174
2 62 -0.0699902 -0.716954
0 63 0.0544259 -0.794714
1 63 0.0388739 -0.794714
2 63 0.0171011 -0.788493
0 64 0.0077699 -0.676518
1 64 -0.00467173 -0.676518
2 64 -0.0264446 -0.670297
0 65 -0.0202237 -0.679629
1 65 -0.0326653 -0.679629
2 65 -0.0544381 -0.673408
0 66 -0.0388861 -0.679629
1 66 -0.0513278 -0.679629
2 66 -0.0731005 -0.673408
0 67 -0.0419965 -0.832038
1 67 -0.0575485 -0.835149
2 67 -0.0793214 -0.828928
0 68 -0.234841 -0.48865
1 68 -0.256614 -0.483673
2 68 -0.278387 -0.474342
0 69 -0.166413 -0.486784
1 69 -0.178854 -0.483673
2 69 -0.200627 -0.477453
0 70 0.0730883 -0.813376
1 70 0.0606467 -0.816486
2 70 0.0388739 -0.810266
0 71 -0.240544 -0.398656
1 71 -0.259725 -0.390361
2 71 -0.284608 -0.38103
0 72 0.222388 -0.384141
1 72 0.213056 -0.384141
2 72 0.200615 -0.374809
0 73 -0.0407523 -0.679007
1 73 -0.0519498 -0.682739
2 73 -0.0743447 -0.675274
0 74 0.0450947 -0.809643
1 74 0.0301648 -0.809643
2 74 0.0077699 -0.802178
0 75 0.0730883 -0.813376
1 75 0.0600246 -0.817108
2 75 0.0376298 -0.805911
0 76 -0.0258224 -0.813376
1 76 -0.0370199 -0.813376
2 76 -0.0594147 -0.809643
0 77 0.0413623 -0.820841
1 77 0.0264323 -0.820841
2 77 0.0077699 -0.813376
0 78 -0.0444848 -0.832038
1 78 -0.0556823 -0.832038
2 78 -0.0780772 -0.828306
0 79 -0.00716 -0.671542
1 79 -0.02209 -0.671542
2 79 -0.0407523 -0.667809
0 80 -0.0108925 -0.820841
1 80 -0.0258224 -0.820841
2 80 -0.0482173 -0.817108
0 81 -0.163924 -0.48865
1 81 -0.178854 -0.48865
2 81 -0.201249 -0.481185
0 82 -0.234841 -0.48865
1 82 -0.253504 -0.484918
2 82 -0.275899 -0.477453
0 83 0.222388 -0.384141
1 83 0.213056 -0.384141
2 83 0.198126 -0.376676
0 84 -0.241062 -0.396582
1 84 -0.257236 -0.395338
2 84 -0.287096 -0.380408
