52
0 0 0.603125 -0.8
1 0 0.6275 -0.8175
2 0 0.665 -0.8325
0 1 0.1525 -0.4575
1 1 0.1484 -0.46
2 1 0.15 -0.45875
0 2 0.023 -0.7915
1 2 0.0140001 -0.796
2 2 0.0110001 -0.796
0 3 0.6075 -0.8
1 3 0.63125 -0.81875
2 3 0.6695 -0.8335
0 4 0.152 -0.4564
1 4 0.1484 -0.46
2 4 0.149 -0.4585
0 5 -0.18 -0.4625
1 5 -0.1885 -0.4615
2 5 -0.193 -0.4585
0 6 -0.181 -0.5356
1 6 -0.19 -0.535
2 6 -0.1945 -0.532
0 7 0.6125 -0.83125
1 7 0.6375 -0.85375
2 7 0.6755 -0.8695
0 8 -0.016 -0.6805
1 8 -0.0234999 -0.685
2 8 -0.0264999 -0.6835
0 9 0.0170001 -0.6865
1 9 0.00800006 -0.691
2 9 0.00650005 -0.691
0 10 -0.181 -0.5356
1 10 -0.19 -0.5356
2 10 -0.1936 -0.532
0 11 -0.181 -0.463
1 11 -0.18784 -0.46216
2 11 -0.1918 -0.46
0 12 0.0170001 -0.694
1 12 0.00980008 -0.6976
2 12 0.00800012 -0.6976
0 13 -0.0135999 -0.6904
1 13 -0.0207999 -0.694
2 13 -0.0243999 -0.694
0 14 0.0170001 -0.6868
1 14 0.00980008 -0.6904
2 14 0.00800012 -0.6904
0 15 -0.0225999 -0.685
1 15 -0.0315999 -0.6886
2 15 -0.0333999 -0.6886
0 16 -0.0351999 -0.685
1 16 -0.0423999 -0.6904
2 16 -0.0459999 -0.6886
0 17 0.152 -0.4564
1 17 0.1484 -0.46
2 17 0.1502 -0.4582
0 18 0.5915 -0.868
1 18 0.614 -0.8905
2 18 0.6506 -0.9082
0 19 -0.0452799 -0.80776
1 19 -0.0560799 -0.81208
2 19 -0.0582399 -0.81208
0 20 -0.0495998 -0.6868
1 20 -0.0582399 -0.68896
2 20 -0.0603999 -0.68896
0 21 0.0173601 -0.6868
1 21 0.00872014 -0.69112
2 21 0.00872014 -0.69112
0 22 -0.181 -0.5356
1 22 -0.19 -0.5356
2 22 -0.19432 -0.53344
0 23 -0.0128799 -0.68896
1 23 -0.0215199 -0.69328
2 23 -0.0236799 -0.69328
0 24 -0.0560799 -0.70624
1 24 -0.0647199 -0.71056
2 24 -0.0668798 -0.7084
0 25 -0.181 -0.463
1 25 -0.18784 -0.46216
2 25 -0.19216 -0.46
0 26 0.6074 -0.802
1 26 0.63296 -0.82072
2 26 0.67184 -0.83368
0 27 0.15128 -0.45568
1 27 0.14912 -0.46
2 27 0.14912 -0.45784
0 28 -0.0565118 -0.722656
1 28 -0.0642878 -0.72784
2 28 -0.0668798 -0.725248
0 29 -0.0591038 -0.813376
1 29 -0.0694718 -0.81856
2 29 -0.0720638 -0.815968
0 30 -0.0513278 -0.71488
1 30 -0.0591038 -0.717472
2 30 -0.0616958 -0.717472
0 31 0.0186562 -0.810784
1 31 0.0108802 -0.81856
2 31 0.00569623 -0.815968
0 32 -0.0565118 -0.707104
1 32 -0.0642878 -0.709696
2 32 -0.0668798 -0.709696
0 33 -0.18136 -0.5356
1 33 -0.188704 -0.536032
2 33 -0.193888 -0.53344
0 34 -0.0124477 -0.683776
1 34 -0.0202237 -0.686368
2 34 -0.0228158 -0.686368
0 35 -0.0513278 -0.686368
1 35 -0.0591038 -0.68896
2 35 -0.0616958 -0.68896
0 36 0.150848 -0.45568
1 36 0.148256 -0.458272
2 36 0.148256 -0.45568
0 37 -0.181 -0.463
1 37 -0.188704 -0.460864
2 37 -0.191296 -0.458272
0 38 -0.178854 -0.53655
1 38 -0.188185 -0.53655
2 38 -0.194406 -0.53344
0 39 -0.0575485 -0.723174
1 39 -0.0637693 -0.726285
2 39 -0.0668798 -0.726285
0 40 0.0171011 -0.810266
1 40 0.0077699 -0.816486
2 40 0.00465946 -0.816486
0 41 0.0108803 -0.695181
1 41 0.00465946 -0.698291
2 41 0.00154908 -0.698291
0 42 0.147738 -0.45568
1 42 0.148256 -0.458272
2 42 0.147738 -0.45568
0 43 -0.0556823 -0.723796
1 43 -0.0631472 -0.727529
2 43 -0.0668797 -0.727529
0 44 -0.0444848 -0.805911
1 44 -0.0519498 -0.809643
2 44 -0.0556823 -0.809643
0 45 -0.0519498 -0.716331
1 45 -0.0594147 -0.720064
2 45 -0.0631472 -0.720064
0 46 0.0152349 -0.813376
1 46 0.0077699 -0.817108
2 46 0.00403741 -0.817108
0 47 -0.0594147 -0.817108
1 47 -0.0668797 -0.820841
2 47 -0.0706122 -0.820841
0 48 0.0152349 -0.697669
1 48 0.00403741 -0.701402
2 48 0.00403741 -0.701402
0 49 -0.02209 -0.697669
1 49 -0.0295549 -0.701402
2 49 -0.0332874 -0.701402
0 50 0.0152349 -0.802178
1 50 0.0077699 -0.805911
2 50 0.00403741 -0.805911
0 51 -0.178854 -0.53655
1 51 -0.188185 -0.53655
2 51 -0.193784 -0.537172
