32
0 0 0.269792 -0.673958
1 0 0.266667 -0.676042
2 0 0.25625 -0.672917
0 1 0.29 -0.84875
1 1 0.28625 -0.85125
2 1 0.275 -0.8475
0 2 0.31125 -0.91
1 2 0.3075 -0.9125
2 2 0.3 -0.91
0 3 0.31125 -0.91
1 3 0.3075 -0.9125
2 3 0.29625 -0.91
0 4 0.24875 -0.67875
1 4 0.24625 -0.68125
2 4 0.23625 -0.6775
0 5 0.29 -0.85
1 5 0.2855 -0.8515
2 5 0.2735 -0.8485
0 6 0.2315 -0.6985
1 6 0.227 -0.7015
2 6 0.2165 -0.697
0 7 0.278 -0.7015
1 7 0.275 -0.703
2 7 0.2645 -0.7
0 8 -0.120833 -0.301042
1 8 -0.13 -0.29375
2 8 -0.145 -0.2785
0 9 0.2492 -0.6796
1 9 0.2456 -0.6814
2 9 0.2348 -0.6778
0 10 0.2744 -0.6976
1 10 0.2708 -0.6994
2 10 0.26 -0.6958
0 11 0.30896 -0.90928
1 11 0.30464 -0.91144
2 11 0.29384 -0.90928
0 12 -0.0668798 -0.88552
1 12 -0.0776799 -0.88984
2 12 -0.0927999 -0.88984
0 13 -0.0733599 -0.88336
1 13 -0.0863199 -0.88984
2 13 -0.10144 -0.88768
0 14 0.2744 -0.74728
1 14 0.27008 -0.74944
2 14 0.25928 -0.74512
0 15 0.189728 -0.678592
1 15 0.187136 -0.678592
2 15 0.176768 -0.676
0 16 -0.0746558 -0.88336
1 16 -0.0850238 -0.888544
2 16 -0.100576 -0.888544
0 17 -0.0668798 -0.88336
1 17 -0.0772478 -0.888544
2 17 -0.0927998 -0.888544
0 18 0.30896 -0.90928
1 18 0.303776 -0.911872
2 18 0.293408 -0.90928
0 19 0.287706 -0.856922
1 19 0.284595 -0.856922
2 19 0.272154 -0.853811
0 20 0.16329 -0.716954
1 20 0.157069 -0.716954
2 20 0.147738 -0.713843
0 21 0.206836 -0.676518
1 21 0.203725 -0.676518
2 21 0.194394 -0.673408
0 22 0.247271 -0.679629
1 22 0.24105 -0.682739
2 22 0.231719 -0.679629
0 23 0.275264 -0.704512
1 23 0.272154 -0.707622
2 23 0.262823 -0.704512
0 24 0.200615 -0.850701
1 24 0.197504 -0.850701
2 24 0.185063 -0.84759
0 25 0.224254 -0.682739
1 25 0.220521 -0.682739
2 25 0.209324 -0.679007
0 26 0.164534 -0.727529
1 26 0.160802 -0.727529
2 26 0.149604 -0.723796
0 27 0.201859 -0.850701
1 27 0.198126 -0.850701
2 27 0.186929 -0.846968
0 28 0.164534 -0.716331
1 28 0.160802 -0.720064
2 28 0.149604 -0.716331
0 29 0.283973 -0.828306
1 29 0.280241 -0.828306
2 29 0.269044 -0.824573
0 30 0.239184 -0.828306
1 30 0.235451 -0.828306
2 30 0.224254 -0.824573
0 31 0.310101 -0.843236
1 31 0.306368 -0.846968
2 31 0.295171 -0.843236
