59
0 0 -0.0864583 -0.701042
1 0 -0.107292 -0.701042
2 0 -0.117708 -0.701042
0 1 0.1985 -0.3685
1 1 0.1835 -0.364
2 1 0.18125 -0.36
0 2 -0.085 -0.70125
1 2 -0.10625 -0.70125
2 2 -0.1175 -0.70125
0 3 0.1985 -0.3685
1 3 0.1835 -0.364
2 3 0.1805 -0.3595
0 4 -0.0639999 -0.676
1 4 -0.085 -0.6745
2 4 -0.0955 -0.6745
0 5 -0.2245 -0.682
1 5 -0.247 -0.682
2 5 -0.2605 -0.679
0 6 -0.1972 -0.8056
1 6 -0.2188 -0.8056
2 6 -0.2314 -0.8056
0 7 -0.0819999 -0.7156
1 7 -0.1036 -0.7156
2 7 -0.1144 -0.7156
0 8 -0.0837999 -0.6976
1 8 -0.1036 -0.6976
2 8 -0.1144 -0.6976
0 9 -0.0477999 -0.6724
1 9 -0.0693999 -0.6724
2 9 -0.0783999 -0.6724
0 10 0.1988 -0.3682
1 10 0.1835 -0.364
2 10 0.1808 -0.3592
0 11 -0.0495999 -0.7444
1 11 -0.0711999 -0.7462
2 11 -0.0819999 -0.7462
0 12 0.0260001 -0.667
1 12 0.00620009 -0.667
2 12 -0.00459989 -0.667
0 13 0.0332001 -0.811
1 13 0.0134001 -0.8128
2 13 0.0026001 -0.8128
0 14 -0.0765999 -0.6724
1 14 -0.0981999 -0.6724
2 14 -0.109 -0.6724
0 15 -0.0798399 -0.70624
1 15 -0.10144 -0.70624
2 15 -0.11224 -0.70624
0 16 -0.0819998 -0.6976
1 16 -0.1036 -0.6976
2 16 -0.1144 -0.6976
0 17 -0.0819998 -0.68464
1 17 -0.1036 -0.68464
2 17 -0.1144 -0.68464
0 18 -0.19648 -0.8056
1 18 -0.22024 -0.80776
2 18 -0.2332 -0.8056
0 19 8.01722e-05 -0.67384
1 19 -0.0193598 -0.67384
2 19 -0.0301599 -0.67384
0 20 -0.0323199 -0.676
1 20 -0.0517598 -0.676
2 20 -0.0625599 -0.676
0 21 -0.0711999 -0.81208
1 21 -0.0927999 -0.81208
2 21 -0.1036 -0.81424
0 22 0.1988 -0.3682
1 22 0.18368 -0.3628
2 22 0.18152 -0.35848
0 23 -0.0452799 -0.7408
1 23 -0.0668798 -0.7408
2 23 -0.0776799 -0.7408
0 24 -0.0824318 -0.707104
1 24 -0.103168 -0.707104
2 24 -0.113536 -0.707104
0 25 -0.0357758 -0.678592
1 25 -0.0565118 -0.678592
2 25 -0.0668798 -0.678592
0 26 0.00051225 -0.815968
1 26 -0.0202237 -0.815968
2 26 -0.0305918 -0.81856
0 27 -0.0202237 -0.676
1 27 -0.0409598 -0.676
2 27 -0.0513278 -0.676
0 28 -0.0461438 -0.673408
1 28 -0.0668798 -0.673408
2 28 -0.0772478 -0.673408
0 29 -0.0357758 -0.670816
1 29 -0.0565118 -0.670816
2 29 -0.0668798 -0.670816
0 30 -0.0461438 -0.738208
1 30 -0.0668798 -0.738208
2 30 -0.0772478 -0.738208
0 31 0.1988 -0.36712
1 31 0.18368 -0.3628
2 31 0.17936 -0.357184
0 32 -0.0694718 -0.810784
1 32 -0.0902078 -0.810784
2 32 -0.103168 -0.813376
0 33 -0.29368 -0.4708
1 33 -0.318822 -0.468121
2 33 -0.331264 -0.460864
0 34 -0.214624 -0.46864
1 34 -0.237952 -0.466048
2 34 -0.250912 -0.458272
0 35 -0.0876158 -0.83152
1 35 -0.108352 -0.83152
2 35 -0.121312 -0.834112
0 36 0.197504 -0.367552
1 36 0.181952 -0.362368
2 36 0.178842 -0.356147
0 37 0.0108803 -0.788493
1 37 -0.0108926 -0.788493
2 37 -0.0202237 -0.791603
0 38 -0.00156136 -0.804045
1 38 -0.0233341 -0.804045
2 38 -0.0326653 -0.804045
0 39 -0.0886525 -0.828928
1 39 -0.107315 -0.828928
2 39 -0.119757 -0.832038
0 40 0.00154908 -0.673408
1 40 -0.0171134 -0.673408
2 40 -0.0295549 -0.673408
0 41 -0.0699902 -0.810266
1 41 -0.0886525 -0.810266
2 41 -0.101094 -0.813376
0 42 -0.0637693 -0.673408
1 42 -0.0824317 -0.673408
2 42 -0.0948734 -0.670297
0 43 -0.0513278 -0.664077
1 43 -0.0731005 -0.664077
2 43 -0.0824317 -0.664077
0 44 -0.293939 -0.471232
1 44 -0.318822 -0.468121
2 44 -0.331264 -0.461901
0 45 -0.30016 -0.374809
1 45 -0.325043 -0.371699
2 45 -0.340595 -0.365478
0 46 0.198126 -0.369211
1 46 0.181952 -0.362368
2 46 0.179464 -0.358013
0 47 -0.0444848 -0.738726
1 47 -0.0668797 -0.738726
2 47 -0.0780772 -0.738726
0 48 0.0115024 -0.790981
1 48 -0.0108925 -0.790981
2 48 -0.02209 -0.790981
0 49 -0.0444848 -0.686472
1 49 -0.0631472 -0.686472
2 49 -0.0743447 -0.686472
0 50 -0.00342757 -0.790981
1 50 -0.02209 -0.794714
2 50 -0.0332874 -0.794714
0 51 0.0189673 -0.805911
1 51 0.000304921 -0.805911
2 51 -0.0108925 -0.805911
0 52 -0.0818097 -0.813376
1 52 -0.104205 -0.817108
2 52 -0.115402 -0.817108
0 53 -0.00342757 -0.817108
1 53 -0.02209 -0.817108
2 53 -0.0332874 -0.817108
0 54 -0.0706122 -0.809643
1 54 -0.0892746 -0.809643
2 54 -0.100472 -0.813376
0 55 0.0301648 -0.805911
1 55 0.0115024 -0.813376
2 55 0.000304921 -0.813376
0 56 0.000304921 -0.675274
1 56 -0.0183575 -0.675274
2 56 -0.0295549 -0.675274
0 57 -0.294561 -0.47372
1 57 -0.316956 -0.469988
2 57 -0.331886 -0.462523
0 58 -0.30016 -0.374809
1 58 -0.324421 -0.372943
2 58 -0.339351 -0.365478
