70
0 0 -0.108333 -0.722917
1 0 -0.10625 -0.7225
2 0 -0.104167 -0.720833
0 1 -0.2725 -0.695
1 1 -0.2725 -0.6975
2 1 -0.2725 -0.69875
0 2 -0.1375 -0.64
1 2 -0.13625 -0.63875
2 2 -0.13625 -0.6375
0 3 -0.0425 -0.575
1 3 -0.04125 -0.57375
2 3 -0.0425 -0.57125
0 4 -0.07125 -0.5725
1 4 -0.0699999 -0.57125
2 4 -0.07125 -0.57
0 5 -0.0775 -0.5725
1 5 -0.0762499 -0.57125
2 5 -0.0775 -0.56875
0 6 -0.10875 -0.7225
1 6 -0.10625 -0.7225
2 6 -0.105 -0.72125
0 7 -0.07125 -0.60375
1 7 -0.0699999 -0.6025
2 7 -0.0699999 -0.6
0 8 -0.06625 -0.57625
1 8 -0.0637499 -0.575
2 8 -0.065 -0.5725
0 9 -0.0715 -0.604
1 9 -0.0699999 -0.6025
2 9 -0.0699999 -0.601
0 10 -0.043 -0.5755
1 10 -0.0415 -0.574
2 10 -0.0415 -0.571
0 11 -0.04 -0.5815
1 11 -0.037 -0.5785
2 11 -0.0385 -0.577
0 12 -0.298 -0.6925
1 12 -0.2965 -0.694
2 12 -0.2965 -0.6955
0 13 -0.109 -0.7225
1 13 -0.106 -0.7225
2 13 -0.1045 -0.721
0 14 -0.139 -0.64
1 14 -0.1375 -0.6385
2 14 -0.1375 -0.6385
0 15 -0.0865 -0.6655
1 15 -0.085 -0.664
2 15 -0.0835 -0.6625
0 16 -0.0405999 -0.5752
1 16 -0.0405999 -0.5734
2 16 -0.0405999 -0.5716
0 17 -0.2836 -0.6922
1 17 -0.2836 -0.694
2 17 -0.2836 -0.6958
0 18 -0.2764 -0.721
1 18 -0.2746 -0.7246
2 18 -0.2746 -0.7246
0 19 -0.0981999 -0.5878
1 19 -0.0963999 -0.586
2 19 -0.0963999 -0.5842
0 20 -0.0747999 -0.5806
1 20 -0.0747999 -0.5788
2 20 -0.0747999 -0.577
0 21 -0.109 -0.7246
1 21 -0.1054 -0.7228
2 21 -0.1036 -0.721
0 22 -0.1396 -0.64
1 22 -0.1378 -0.64
2 22 -0.1378 -0.6382
0 23 0.146 -0.28
1 23 0.1466 -0.2728
2 23 0.143 -0.2656
0 24 -0.0639999 -0.577
1 24 -0.0621999 -0.5752
2 24 -0.0639999 -0.5734
0 25 -0.0945999 -0.6652
1 25 -0.0927999 -0.6634
2 25 -0.0909999 -0.6616
0 26 -0.0971199 -0.58744
1 26 -0.0949599 -0.58528
2 26 -0.0949599 -0.58312
0 27 -0.2764 -0.72136
1 27 -0.2764 -0.72352
2 27 -0.2764 -0.72352
0 28 -0.0927999 -0.59392
1 28 -0.0927999 -0.59176
2 28 -0.0927999 -0.5896
0 29 -0.0387999 -0.58096
1 29 -0.0366398 -0.5788
2 29 -0.0387999 -0.57664
0 30 -0.0431199 -0.66952
1 30 -0.0409599 -0.66736
2 30 -0.0409599 -0.6652
0 31 -0.10576 -0.722656
1 31 -0.10576 -0.72352
2 31 -0.1036 -0.72136
0 32 -0.0755199 -0.58096
1 32 -0.0733599 -0.5788
2 32 -0.0755199 -0.57664
0 33 -0.0927999 -0.57448
1 33 -0.0906399 -0.57232
2 33 -0.0927999 -0.57016
0 34 -0.0819998 -0.57232
1 34 -0.0798399 -0.57016
2 34 -0.0819998 -0.568
0 35 -0.0409599 -0.57448
1 35 -0.0387999 -0.57232
2 35 -0.0387999 -0.57016
0 36 0.145664 -0.279424
1 36 0.144628 -0.272166
2 36 0.14264 -0.2656
0 37 -0.0539199 -0.57664
1 37 -0.0539199 -0.57448
2 37 -0.0539199 -0.57232
0 38 -0.0387999 -0.6652
1 38 -0.0366398 -0.66304
2 38 -0.0366398 -0.66088
0 39 -0.27424 -0.691552
1 39 -0.269056 -0.694144
2 39 -0.271648 -0.694144
0 40 -0.279424 -0.691552
1 40 -0.279424 -0.694144
2 40 -0.279424 -0.694144
0 41 -0.100576 -0.670816
1 41 -0.0953918 -0.670816
2 41 -0.0953918 -0.668224
0 42 -0.276832 -0.720064
1 42 -0.276832 -0.722656
2 42 -0.276832 -0.722656
0 43 -0.30016 -0.720064
1 43 -0.30016 -0.722656
2 43 -0.30016 -0.725248
0 44 -0.294976 -0.720064
1 44 -0.294976 -0.722656
2 44 -0.294976 -0.722656
0 45 -0.0383678 -0.582688
1 45 -0.0383678 -0.580096
2 45 -0.0383678 -0.577504
0 46 -0.10576 -0.722656
1 46 -0.103168 -0.722656
2 46 -0.100576 -0.720064
0 47 -0.0435518 -0.670816
1 47 -0.0409598 -0.668224
2 47 -0.0409598 -0.665632
0 48 0.145664 -0.279424
1 48 0.144628 -0.272166
2 48 0.143072 -0.266464
0 49 -0.0927998 -0.574912
1 49 -0.0927998 -0.57232
2 49 -0.0927998 -0.569728
0 50 0.00569623 -0.722656
1 50 0.00828826 -0.717472
2 50 0.0108802 -0.717472
0 51 -0.0388861 -0.583206
1 51 -0.0388861 -0.580096
2 51 -0.0388861 -0.576985
0 52 -0.290829 -0.69207
1 52 -0.290829 -0.695181
2 52 -0.290829 -0.698291
0 53 -0.30327 -0.710733
1 53 -0.30327 -0.713843
2 53 -0.30327 -0.713843
0 54 -0.306381 -0.720064
1 54 -0.306381 -0.723174
2 54 -0.309491 -0.723174
0 55 -0.287718 -0.716954
1 55 -0.287718 -0.720064
2 55 -0.287718 -0.720064
0 56 -0.045107 -0.670297
1 56 -0.0419965 -0.667187
2 56 -0.0419965 -0.664077
0 57 0.00465946 -0.720064
1 57 0.0077699 -0.716954
2 57 0.0077699 -0.713843
0 58 -0.0388861 -0.573875
1 58 -0.0388861 -0.573875
2 58 -0.0388861 -0.570765
0 59 -0.30016 -0.695181
1 59 -0.30016 -0.695181
2 59 -0.30016 -0.698291
0 60 -0.101094 -0.670297
1 60 -0.0979837 -0.667187
2 60 -0.0979837 -0.667187
0 61 -0.0731005 -0.580096
1 61 -0.0731005 -0.580096
2 61 -0.0731005 -0.576985
0 62 -0.107315 -0.723174
1 62 -0.103168 -0.722656
2 62 -0.101094 -0.720064
0 63 0.144628 -0.278387
1 63 0.144628 -0.272166
2 63 0.142139 -0.264701
0 64 -0.0818097 -0.667809
1 64 -0.0780772 -0.667809
2 64 -0.0780772 -0.664077
0 65 -0.309491 -0.697669
1 65 -0.305759 -0.697669
2 65 -0.309491 -0.701402
0 66 -0.0295549 -0.671542
1 66 -0.0258224 -0.671542
2 66 -0.0258224 -0.667809
0 67 -0.0743447 -0.585695
1 67 -0.0743447 -0.581962
2 67 -0.0743447 -0.581962
0 68 -0.0370199 -0.574497
1 68 -0.0370199 -0.574497
2 68 -0.0370199 -0.570765
0 69 -0.294561 -0.272166
1 69 -0.298294 -0.268434
2 69 -0.309491 -0.268434
