50
0 0 0.03875 -0.6825
1 0 0.03375 -0.68125
2 0 0.0291667 -0.683333
0 1 0.03875 -0.6825
1 1 0.03375 -0.68125
2 1 0.0300001 -0.68375
0 2 0.05875 -0.655
1 2 0.0562501 -0.655
2 2 0.05125 -0.65625
0 3 0.08125 -0.65375
1 3 0.0787501 -0.65375
2 3 0.075 -0.655
0 4 0.01375 -0.645
1 4 0.01 -0.64375
2 4 0.00500005 -0.645
0 5 0.03875 -0.80875
1 5 0.03375 -0.80875
2 5 0.0275 -0.81125
0 6 0.0550001 -0.7975
1 6 0.0500001 -0.7975
2 6 0.0437501 -0.8
0 7 0.06 -0.65
1 7 0.0562501 -0.65
2 7 0.05125 -0.65125
0 8 0.09375 -0.83875
1 8 0.0875 -0.84
2 8 0.0825001 -0.8425
0 9 0.0395 -0.682
1 9 0.035 -0.682
2 9 0.029 -0.6835
0 10 0.035 -0.6535
1 10 0.0305 -0.6535
2 10 0.026 -0.655
0 11 0.0935 -0.8395
1 11 0.0860001 -0.841
2 11 0.0815 -0.844
0 12 0.0830001 -0.6805
1 12 0.0785 -0.6805
2 12 0.074 -0.6835
0 13 0.0836001 -0.676
1 13 0.0800001 -0.676
2 13 0.0746001 -0.6778
0 14 0.0926001 -0.8398
1 14 0.0872002 -0.8416
2 14 0.0818001 -0.8434
0 15 0.0566001 -0.6544
1 15 0.0548001 -0.6544
2 15 0.0494001 -0.6562
0 16 0.0278001 -0.7822
1 16 0.0224001 -0.7822
2 16 0.0170001 -0.7858
0 17 0.0800001 -0.6508
1 17 0.0764001 -0.6508
2 17 0.0728001 -0.6508
0 18 0.1052 -0.8074
1 18 0.0998001 -0.8092
2 18 0.0944002 -0.811
0 19 0.0843202 -0.6868
1 19 0.0800002 -0.6868
2 19 0.0756802 -0.68896
0 20 0.0411201 -0.68248
1 20 0.0368001 -0.68248
2 20 0.0303202 -0.68464
0 21 0.0800002 -0.68032
1 21 0.0756802 -0.68032
2 21 0.0713601 -0.68248
0 22 0.0929601 -0.84016
1 22 0.0864802 -0.84232
2 22 0.0821602 -0.84448
0 23 0.12536 -0.66304
1 23 0.1232 -0.6652
2 23 0.11888 -0.6652
0 24 0.0929601 -0.84664
1 24 0.0864802 -0.8488
2 24 0.0821602 -0.85096
0 25 -0.0331838 -0.699328
1 25 -0.0383678 -0.694144
2 25 -0.0435518 -0.699328
0 26 0.0834563 -0.65008
1 26 0.0782722 -0.652672
2 26 0.0756803 -0.652672
0 27 0.0549442 -0.655264
1 27 0.0523523 -0.655264
2 27 0.0471682 -0.655264
0 28 0.0419842 -0.813376
1 28 0.0368003 -0.813376
2 28 0.0290243 -0.815968
0 29 0.0523523 -0.795232
1 29 0.0471682 -0.795232
2 29 0.0419842 -0.797824
0 30 0.0601283 -0.79264
1 30 0.0549442 -0.79264
2 30 0.0497602 -0.795232
0 31 0.0886403 -0.813376
1 31 0.0824195 -0.813376
2 31 0.0761987 -0.816486
0 32 0.0917507 -0.84759
1 32 0.0855298 -0.84759
2 32 0.0793091 -0.850701
0 33 0.0264323 -0.642304
1 33 0.0202115 -0.642304
2 33 0.0171011 -0.642304
0 34 0.0824195 -0.68896
1 34 0.0793091 -0.68896
2 34 0.0730883 -0.69207
0 35 0.0824195 -0.651635
1 35 0.0793091 -0.651635
2 35 0.0761987 -0.651635
0 36 -0.0108926 -0.651635
1 36 -0.0140029 -0.651635
2 36 -0.0202237 -0.651635
0 37 0.0419843 -0.813376
1 37 0.0357635 -0.813376
2 37 0.0295427 -0.816486
0 38 0.0295427 -0.657856
1 38 0.0264323 -0.657856
2 38 0.0202115 -0.657856
0 39 0.00154908 -0.838259
1 39 -0.00467173 -0.838259
2 39 -0.0108926 -0.84137
0 40 0.119744 -0.595648
1 40 0.116634 -0.595648
2 40 0.113523 -0.595648
0 41 0.0525597 -0.652879
1 41 0.0488272 -0.652879
2 41 0.0450947 -0.656612
0 42 0.0264323 -0.645414
1 42 0.0226998 -0.645414
2 42 0.0189673 -0.645414
0 43 -0.0407523 -0.708866
1 43 -0.0444848 -0.708866
2 43 -0.0519498 -0.708866
0 44 0.0674896 -0.664077
1 44 0.0637571 -0.664077
2 44 0.0600246 -0.664077
0 45 0.0413623 -0.813376
1 45 0.0376298 -0.813376
2 45 0.0301648 -0.817108
0 46 0.0301648 -0.656612
1 46 0.0226998 -0.656612
2 46 0.0189673 -0.656612
0 47 0.000304921 -0.839503
1 47 -0.00716 -0.839503
2 47 -0.0108925 -0.843236
0 48 0.0115024 -0.649147
1 48 0.0077699 -0.649147
2 48 0.00403741 -0.649147
0 49 0.119744 -0.596892
1 49 0.116012 -0.596892
2 49 0.112279 -0.596892
