27
0 0 -0.0302083 -0.608333
1 0 -0.03125 -0.611458
2 0 -0.00249996 -0.66125
0 1 -0.03625 -0.75375
1 1 -0.0395833 -0.757292
2 1 -0.01625 -0.8375
0 2 0.02875 -0.68375
1 2 0.02625 -0.6875
2 2 0.059 -0.745
0 3 -0.03625 -0.75375
1 3 -0.04 -0.7575
2 3 -0.016 -0.838
0 4 -0.00249996 -0.58
1 4 -0.00399996 -0.583
2 4 0.0296001 -0.6292
0 5 -0.0297999 -0.6076
1 5 -0.0315999 -0.6112
2 5 -0.00279992 -0.6598
0 6 -0.03625 -0.75375
1 6 -0.04 -0.7575
2 6 -0.0153999 -0.838
0 7 0.0965 -0.4285
1 7 0.0980001 -0.4315
2 7 0.1592 -0.4528
0 8 -0.2425 -0.748
1 8 -0.247 -0.751
2 8 -0.32824 -0.86176
0 9 -0.283 -0.7525
1 9 -0.2875 -0.7555
2 9 -0.39088 -0.86824
0 10 -0.0369999 -0.7534
1 10 -0.04 -0.757
2 10 -0.0150399 -0.838
0 11 0.0965 -0.4285
1 11 0.0980001 -0.4315
2 11 0.15776 -0.45136
0 12 -0.0366398 -0.75592
1 12 -0.0387999 -0.75808
2 12 -0.0150398 -0.839296
0 13 -0.0258399 -0.68248
1 13 -0.0279999 -0.68464
2 13 0.00051225 -0.7408
0 14 0.0260002 -0.68248
1 14 0.0238401 -0.6868
2 14 0.0575363 -0.745984
0 15 -0.0323199 -0.68464
1 15 -0.0344798 -0.68896
2 15 -0.00726376 -0.745984
0 16 -0.28 -0.7516
1 16 -0.2836 -0.7552
2 16 -0.385696 -0.867808
0 17 -0.103 -0.439
1 17 -0.1045 -0.4405
2 17 -0.0850238 -0.458272
0 18 -0.0366398 -0.75592
1 18 -0.0383678 -0.764128
2 18 -0.0140029 -0.84137
0 19 -0.0357758 -0.598758
1 19 -0.0357758 -0.601869
2 19 -0.00778211 -0.648525
0 20 -0.0171134 -0.583206
1 20 -0.0202237 -0.586317
2 20 0.0108803 -0.632973
0 21 -0.28288 -0.74512
1 21 -0.2872 -0.74944
2 21 -0.390361 -0.856922
0 22 -0.0326653 -0.583206
1 22 -0.0326653 -0.586317
2 22 -0.00467173 -0.632973
0 23 -0.0108925 -0.59316
1 23 -0.014625 -0.596892
2 23 0.0189673 -0.645414
0 24 -0.2872 -0.748576
1 24 -0.292384 -0.751168
2 24 -0.399071 -0.861898
0 25 -0.0108925 -0.574497
1 25 -0.014625 -0.57823
2 25 0.0189673 -0.623019
0 26 -0.0357758 -0.76361
1 26 -0.0388861 -0.76672
2 26 -0.014625 -0.850701
