46
0 0 0.003125 -0.604167
1 0 0.00104167 -0.596875
2 0 -0.00833333 -0.590625
0 1 -0.03375 -0.6075
1 1 -0.03625 -0.6
2 1 -0.04625 -0.59375
0 2 0.04125 -0.66125
1 2 0.04 -0.65375
2 2 0.0300001 -0.6475
0 3 -0.0562499 -0.73625
1 3 -0.06 -0.73
2 3 -0.0699999 -0.72625
0 4 -0.06 -0.74125
1 4 -0.0624999 -0.73375
2 4 -0.0725 -0.72875
0 5 -0.00499999 -0.6625
1 5 -0.00624994 -0.655
2 5 -0.01625 -0.64875
0 6 -0.0562499 -0.74375
1 6 -0.05875 -0.7375
2 6 -0.0687499 -0.7325
0 7 0.0250001 -0.62375
1 7 0.0225 -0.61625
2 7 0.01375 -0.61
0 8 -0.11125 -0.66375
1 8 -0.11375 -0.65625
2 8 -0.125 -0.65125
0 9 0.03875 -0.71
1 9 0.0375001 -0.7025
2 9 0.0275 -0.69625
0 10 0.0787501 -0.56375
1 10 0.0775 -0.55625
2 10 0.06875 -0.55125
0 11 -0.000999959 -0.6235
1 11 -0.00249996 -0.616
2 11 -0.013 -0.61
0 12 -0.0594999 -0.763
1 12 -0.0624999 -0.757
2 12 -0.0715 -0.7525
0 13 -0.0594999 -0.7405
1 13 -0.0624999 -0.7345
2 13 -0.073 -0.73
0 14 0.0215 -0.6175
1 14 0.02 -0.61
2 14 0.0110001 -0.604
0 15 -0.052 -0.6115
1 15 -0.055 -0.604
2 15 -0.0654999 -0.598
0 16 0.0134001 -0.775
1 16 0.00980008 -0.766
2 16 0.000800069 -0.7606
0 17 -0.0805 -0.916
1 17 -0.0835 -0.91
2 17 -0.0927999 -0.9064
0 18 0.059 -0.9145
1 18 0.0575 -0.9085
2 18 0.0476001 -0.9046
0 19 0.0224001 -0.6184
1 19 0.0206001 -0.6112
2 19 0.0116001 -0.604
0 20 -0.00279992 -0.7768
1 20 -0.00459989 -0.7696
2 20 -0.0153999 -0.7642
0 21 0.0404001 -0.6616
1 21 0.0368001 -0.6544
2 21 0.0278001 -0.6472
0 22 -0.0603999 -0.7426
1 22 -0.0621999 -0.7354
2 22 -0.0729999 -0.73
0 23 0.0422001 -0.667
1 23 0.0404001 -0.6598
2 23 0.0314001 -0.6526
0 24 -0.0801999 -0.919
1 24 -0.0837999 -0.9136
2 24 -0.0949599 -0.91144
0 25 0.0411201 -0.65656
1 25 0.0389601 -0.65008
2 25 0.0281602 -0.6436
0 26 0.0238401 -0.61984
1 26 0.0216801 -0.6112
2 26 0.0130402 -0.60472
0 27 0.0432802 -0.66736
1 27 0.0411201 -0.66088
2 27 0.0303202 -0.6544
0 28 0.0368001 -0.71272
1 28 0.0346401 -0.70408
2 28 0.0260002 -0.6976
0 29 -0.0202237 -0.733024
1 29 -0.0202237 -0.72784
2 29 -0.0305918 -0.722656
0 30 0.0964162 -0.917056
1 30 0.0938243 -0.911872
2 30 0.0860483 -0.90928
0 31 -0.0383678 -0.769312
1 31 -0.0409598 -0.761536
2 31 -0.0513278 -0.756352
0 32 0.0134722 -0.774496
1 32 0.0108802 -0.76672
2 32 0.00051225 -0.761536
0 33 -0.00467173 -0.668224
1 33 -0.00726376 -0.66304
2 33 -0.0176318 -0.655264
0 34 0.0575363 -0.790048
1 34 0.0549442 -0.782272
2 34 0.0445763 -0.777088
0 35 0.0756803 -0.567136
1 35 0.0756803 -0.55936
2 35 0.0627202 -0.554176
0 36 -0.00467173 -0.670297
1 36 -0.00778211 -0.664077
2 36 -0.0171134 -0.657856
0 37 0.0419843 -0.670297
1 37 0.0388739 -0.664077
2 37 0.032653 -0.657856
0 38 -0.0388861 -0.60809
1 38 -0.0419965 -0.601869
2 38 -0.0513278 -0.595648
0 39 -0.0544381 -0.825818
1 39 -0.0575485 -0.819597
2 39 -0.0668798 -0.813376
0 40 0.0388739 -0.835149
1 40 0.0388739 -0.828928
2 40 0.0295427 -0.822707
0 41 -0.0482173 -0.839503
1 41 -0.0556823 -0.832038
2 41 -0.0631472 -0.828306
0 42 0.0264323 -0.623019
1 42 0.0226998 -0.615554
2 42 0.0152349 -0.608089
0 43 0.0376298 -0.835771
1 43 0.0376298 -0.828306
2 43 0.0264323 -0.820841
0 44 -0.0519498 -0.824573
1 44 -0.0556823 -0.817108
2 44 -0.0668797 -0.813376
0 45 0.0637571 -0.809643
1 45 0.0600246 -0.802178
2 45 0.0525597 -0.794714
