63
0 0 0.1 -0.703125
1 0 0.104167 -0.715625
2 0 0.102083 -0.720833
0 1 -0.0475 -0.46625
1 1 -0.0475 -0.47625
2 1 -0.05 -0.480208
0 2 0.25375 -0.4525
1 2 0.257 -0.4615
2 2 0.257292 -0.466667
0 3 -0.0475 -0.466
1 3 -0.046 -0.4765
2 3 -0.0499999 -0.48
0 4 -0.0447917 -0.532292
1 4 -0.0447917 -0.542708
2 4 -0.0475 -0.54625
0 5 0.0987501 -0.6675
1 5 0.1025 -0.67875
2 5 0.1 -0.685
0 6 0.00250003 -0.7675
1 6 0.00500005 -0.78125
2 6 0.00125001 -0.78625
0 7 0.25375 -0.4525
1 7 0.257 -0.4615
2 7 0.2575 -0.46625
0 8 -0.0445 -0.532
1 8 -0.0445 -0.544
2 8 -0.0475 -0.547
0 9 0.1055 -0.664
1 9 0.11 -0.676
2 9 0.107 -0.6805
0 10 0.25375 -0.4525
1 10 0.25625 -0.46125
2 10 0.2555 -0.466
0 11 -0.0475 -0.466
1 11 -0.0477999 -0.4762
2 11 -0.0505 -0.4795
0 12 -0.0189999 -0.6832
1 12 -0.0171999 -0.6958
2 12 -0.0207999 -0.7012
0 13 -0.0445 -0.532
1 13 -0.0441999 -0.5446
2 13 -0.0477999 -0.5482
0 14 -0.0477999 -0.4654
1 14 -0.0477999 -0.4762
2 14 -0.0495999 -0.4798
0 15 0.2525 -0.4525
1 15 0.257 -0.4615
2 15 0.2564 -0.4654
0 16 0.0908001 -0.7876
1 16 0.0944002 -0.802
2 16 0.0908001 -0.8056
0 17 0.107 -0.6652
1 17 0.1106 -0.676
2 17 0.107 -0.6814
0 18 0.1376 -0.6688
1 18 0.143 -0.6814
2 18 0.1394 -0.6868
0 19 0.539 -0.37
1 19 0.5516 -0.37
2 19 0.5624 -0.3682
0 20 0.1394 -0.676
1 20 0.143 -0.6868
2 20 0.1412 -0.6922
0 21 0.5462 -0.3682
1 21 0.557 -0.3664
2 21 0.5696 -0.3646
0 22 0.0692001 -0.7948
1 22 0.0735202 -0.80776
2 22 0.0692001 -0.80992
0 23 0.1448 -0.79048
1 23 0.14912 -0.80344
2 23 0.1448 -0.80776
0 24 0.10808 -0.6652
1 24 0.1124 -0.67816
2 24 0.11024 -0.68248
0 25 -0.0474399 -0.46432
1 25 -0.0477999 -0.4762
2 25 -0.0495998 -0.47944
0 26 0.13832 -0.66952
1 26 0.14264 -0.68032
2 26 0.14048 -0.6868
0 27 0.10808 -0.67168
1 27 0.1124 -0.68464
2 27 0.11024 -0.68896
0 28 0.251936 -0.453088
1 28 0.254528 -0.460864
2 28 0.25496 -0.46648
0 29 0.0800002 -0.78616
1 29 0.0843202 -0.79912
2 29 0.0821602 -0.80344
0 30 0.143072 -0.77968
1 30 0.145664 -0.79264
2 30 0.143072 -0.797824
0 31 0.0886402 -0.665632
1 31 0.0912323 -0.678592
2 31 0.0886402 -0.683776
0 32 0.109376 -0.665632
1 32 0.11456 -0.678592
2 32 0.111968 -0.683776
0 33 0.0990083 -0.676
1 33 0.1016 -0.68896
2 33 0.1016 -0.694144
0 34 0.547424 -0.367552
1 34 0.560384 -0.367552
2 34 0.570752 -0.36496
0 35 0.0679043 -0.704512
1 35 0.0730882 -0.717472
2 35 0.0704962 -0.722656
0 36 0.143072 -0.790048
1 36 0.148256 -0.803008
2 36 0.145664 -0.808192
0 37 -0.0435518 -0.53344
1 37 -0.0435518 -0.5464
2 37 -0.0461438 -0.548992
0 38 0.0679043 -0.68896
1 38 0.0704962 -0.699328
2 38 0.0679043 -0.704512
0 39 0.0808642 -0.784864
1 39 0.0860483 -0.797824
2 39 0.0834563 -0.803008
0 40 -0.0461438 -0.466048
1 40 -0.0461438 -0.476416
2 40 -0.0513278 -0.479008
0 41 0.58112 -0.83152
1 41 0.596672 -0.847072
2 41 0.60704 -0.860032
0 42 0.00310421 -0.769312
1 42 0.00569623 -0.784864
2 42 0.00051225 -0.790048
0 43 0.5552 -0.36496
1 43 0.56816 -0.362368
2 43 0.58112 -0.359776
0 44 0.251936 -0.453088
1 44 0.254528 -0.460864
2 44 0.254528 -0.466048
0 45 0.0668674 -0.704512
1 45 0.0730883 -0.716954
2 45 0.0699778 -0.723174
0 46 0.251936 -0.453088
1 46 0.254528 -0.460864
2 46 0.253492 -0.465011
0 47 -0.0419965 -0.53655
1 47 -0.0419965 -0.545881
2 47 -0.045107 -0.548992
0 48 0.545869 -0.368589
1 48 0.558311 -0.368589
2 48 0.570752 -0.365478
0 49 0.5552 -0.318822
1 49 0.567642 -0.315712
2 49 0.580084 -0.312601
0 50 0.0855298 -0.667187
1 50 0.0886403 -0.679629
2 50 0.0855298 -0.682739
0 51 -0.0202237 -0.68585
1 51 -0.0171134 -0.701402
2 51 -0.0202237 -0.704512
0 52 0.541515 -0.369211
1 52 0.552712 -0.369211
2 52 0.56391 -0.365478
0 53 0.0712221 -0.697669
1 53 0.0749546 -0.708866
2 53 0.0712221 -0.712599
0 54 0.142139 -0.790981
1 54 0.145872 -0.802178
2 54 0.142139 -0.809643
0 55 0.0712221 -0.790981
1 55 0.0749546 -0.805911
2 55 0.0712221 -0.809643
0 56 0.0674896 -0.686472
1 56 0.0712221 -0.701402
2 56 0.0674896 -0.705134
0 57 0.0973494 -0.679007
1 57 0.101082 -0.690204
2 57 0.101082 -0.697669
0 58 0.138407 -0.779784
1 58 0.145872 -0.794714
2 58 0.142139 -0.798446
0 59 0.086152 -0.667809
1 59 0.0898844 -0.679007
2 59 0.086152 -0.686472
0 60 -0.0482173 -0.466255
1 60 -0.0461438 -0.476416
2 60 -0.0482173 -0.477453
0 61 0.250381 -0.452569
1 61 0.254528 -0.460864
2 61 0.254114 -0.466255
0 62 -0.02209 -0.690204
1 62 -0.0183575 -0.701402
2 62 -0.02209 -0.705134
