138
0 0 0.0104167 -0.6
1 0 0.009375 -0.6
2 0 0.00520833 -0.601042
0 1 -0.0229167 -0.601042
1 1 -0.0239583 -0.601042
2 1 -0.028125 -0.603125
0 2 0.401042 -0.905208
1 2 0.4 -0.903125
2 2 0.398958 -0.907292
0 3 0.0177083 -0.573958
1 3 0.0166667 -0.573958
2 3 0.0135417 -0.576042
0 4 -0.10625 -0.459375
1 4 -0.107292 -0.458333
2 4 -0.110417 -0.459375
0 5 0.0541667 -0.453125
1 5 0.0541667 -0.452083
2 5 0.0510417 -0.455208
0 6 -0.204167 -0.701042
1 6 -0.20625 -0.7
2 6 -0.210417 -0.701042
0 7 -0.542708 -0.765625
1 7 -0.54625 -0.7625
2 7 -0.5525 -0.76125
0 8 -0.055 -0.72125
1 8 -0.0562499 -0.72
2 8 -0.06125 -0.7225
0 9 -0.22625 -0.72125
1 9 -0.22875 -0.72
2 9 -0.2325 -0.72125
0 10 0.05375 -0.4525
1 10 0.0525 -0.4525
2 10 0.0500001 -0.455
0 11 -0.22625 -0.705
1 11 -0.22875 -0.70375
2 11 -0.2325 -0.70375
0 12 0.0112501 -0.58375
1 12 0.01 -0.5825
2 12 0.00625006 -0.585
0 13 -0.0324999 -0.6675
1 13 -0.03375 -0.66625
2 13 -0.0374999 -0.66875
0 14 -0.205 -0.70125
1 14 -0.20625 -0.7
2 14 -0.21125 -0.70125
0 15 -0.08625 -0.645
1 15 -0.0874999 -0.64375
2 15 -0.09125 -0.645
0 16 0.505 -0.64375
1 16 0.50625 -0.641667
2 16 0.5075 -0.645
0 17 0.00750001 -0.60375
1 17 0.00625006 -0.60375
2 17 0.00250003 -0.605
0 18 -0.0225 -0.60125
1 18 -0.02375 -0.60125
2 18 -0.0275 -0.60375
0 19 -0.544 -0.619
1 19 -0.545 -0.61625
2 19 -0.55 -0.61375
0 20 -0.04875 -0.6025
1 20 -0.0499999 -0.60125
2 20 -0.05375 -0.60375
0 21 -0.225 -0.7
1 21 -0.22625 -0.69875
2 21 -0.23125 -0.7
0 22 -0.105 -0.4625
1 22 -0.10625 -0.461458
2 22 -0.10875 -0.4625
0 23 -0.10625 -0.45875
1 23 -0.1075 -0.4575
2 23 -0.11 -0.45875
0 24 -0.0199999 -0.57625
1 24 -0.02125 -0.575
2 24 -0.02375 -0.5775
0 25 -0.0187499 -0.58125
1 25 -0.0199999 -0.58
2 25 -0.0225 -0.5825
0 26 -0.0249999 -0.5775
1 26 -0.0262499 -0.5775
2 26 -0.03 -0.57875
0 27 0.0175001 -0.575
1 27 0.01625 -0.575
2 27 0.0125001 -0.57625
0 28 -0.5425 -0.62
1 28 -0.545 -0.61625
2 28 -0.55 -0.6145
0 29 -0.055 -0.721
1 29 -0.0565 -0.721
2 29 -0.0609999 -0.7225
0 30 -0.2065 -0.718
1 30 -0.208 -0.7165
2 30 -0.2125 -0.718
0 31 -0.205 -0.724
1 31 -0.2065 -0.724
2 31 -0.211 -0.724
0 32 -0.049 -0.586
1 32 -0.0505 -0.586
2 32 -0.0535 -0.5875
0 33 -0.2275 -0.706
1 33 -0.229 -0.7045
2 33 -0.2335 -0.7045
0 34 -0.019 -0.5815
1 34 -0.0205 -0.58
2 34 -0.0234999 -0.583
0 35 -0.2305 -0.7015
1 35 -0.232 -0.7
2 35 -0.2365 -0.7015
0 36 -0.2245 -0.7
1 36 -0.2275 -0.6985
2 36 -0.232 -0.7
0 37 -0.2095 -0.697
1 37 -0.211 -0.697
2 37 -0.2155 -0.697
0 38 -0.2035 -0.697
1 38 -0.205 -0.6955
2 38 -0.2095 -0.697
0 39 -0.046 -0.598
1 39 -0.046 -0.595
2 39 -0.0505 -0.598
0 40 -0.5446 -0.7642
1 40 -0.547 -0.763
2 40 -0.553 -0.7615
0 41 -0.049 -0.604
1 41 -0.0505 -0.6025
2 41 -0.0535 -0.604
0 42 0.00650005 -0.604
1 42 0.00500005 -0.604
2 42 0.00200005 -0.6055
0 43 0.1235 -0.3205
1 43 0.1235 -0.3205
2 43 0.122 -0.322
0 44 0.00200005 -0.5785
1 44 0.000500043 -0.5785
2 44 -0.00249996 -0.58
0 45 -0.043 -0.5785
1 45 -0.0445 -0.5785
2 45 -0.0475 -0.58
0 46 -0.0324999 -0.667
1 46 -0.034 -0.6655
2 46 -0.0385 -0.6685
0 47 -0.0865 -0.6445
1 47 -0.0895 -0.6445
2 47 -0.0925 -0.646
0 48 -0.10625 -0.45875
1 48 -0.1075 -0.4575
2 48 -0.1105 -0.4585
0 49 0.505 -0.64375
1 49 0.5066 -0.6436
2 49 0.5075 -0.6445
0 50 -0.2365 -0.334
1 50 -0.2368 -0.3322
2 50 -0.2395 -0.3325
0 51 0.0530001 -0.4525
1 51 0.0530001 -0.4525
2 51 0.0500001 -0.454
0 52 -0.1045 -0.463
1 52 -0.106 -0.4615
2 52 -0.109 -0.463
0 53 0.0242001 -0.6562
1 53 0.0224001 -0.6562
2 53 0.0188001 -0.658
0 54 -0.226 -0.7066
1 54 -0.2278 -0.7048
2 54 -0.2314 -0.7066
0 55 0.1214 -0.3214
1 55 0.1232 -0.3196
2 55 0.1214 -0.3232
0 56 -0.0549999 -0.7228
1 56 -0.0567999 -0.721
2 56 -0.0603999 -0.7228
0 57 -0.2062 -0.703
1 57 -0.208 -0.703
2 57 -0.2116 -0.703
0 58 -0.2134 -0.6994
1 58 -0.2152 -0.6994
2 58 -0.2188 -0.6994
0 59 -0.2296 -0.7246
1 59 -0.2296 -0.7228
2 59 -0.235 -0.7246
0 60 -0.2368 -0.334
1 60 -0.2368 -0.3322
2 60 -0.2386 -0.3322
0 61 0.323 -0.7498
1 61 0.323 -0.7498
2 61 0.3212 -0.7516
0 62 -0.199 -0.703
1 62 -0.2008 -0.7012
2 62 -0.2044 -0.703
0 63 -0.226 -0.7192
1 63 -0.2278 -0.7192
2 63 -0.2314 -0.7192
0 64 0.5045 -0.6445
1 64 0.5066 -0.6436
2 64 0.5084 -0.6454
0 65 -0.5425 -0.62
1 65 -0.5446 -0.6166
2 65 -0.55 -0.6148
0 66 -0.0441999 -0.5986
1 66 -0.0459999 -0.5986
2 66 -0.0495999 -0.6004
0 67 -0.0477999 -0.604
1 67 -0.0495999 -0.604
2 67 -0.0531999 -0.604
0 68 0.0026001 -0.5788
1 68 0.000800069 -0.5788
2 68 -0.000999896 -0.5806
0 69 0.6002 -0.6508
1 69 0.602 -0.649
2 69 0.6056 -0.6508
0 70 -0.0873999 -0.6454
1 70 -0.0891999 -0.6454
2 70 -0.0927999 -0.6472
0 71 0.59408 -0.65656
1 71 0.59624 -0.6544
2 71 0.5984 -0.65656
0 72 0.0238401 -0.65656
1 72 0.0216801 -0.65656
2 72 0.0173601 -0.65872
0 73 -0.21592 -0.7192
1 73 -0.21808 -0.7192
2 73 -0.2224 -0.7192
0 74 -0.20296 -0.7192
1 74 -0.20512 -0.71704
2 74 -0.20944 -0.7192
0 75 0.1232 -0.3196
1 75 0.1232 -0.31744
2 75 0.12104 -0.32176
0 76 -0.23536 -0.33256
1 76 -0.23752 -0.33256
2 76 -0.23752 -0.3304
0 77 -0.20944 -0.6976
1 77 -0.2116 -0.6976
2 77 -0.21592 -0.6976
0 78 -0.543808 -0.764128
1 78 -0.548992 -0.760499
2 78 -0.55288 -0.76024
0 79 -0.0539199 -0.73
1 79 -0.0539198 -0.72784
2 79 -0.0603999 -0.73
0 80 -0.21808 -0.70192
1 80 -0.22024 -0.70192
2 80 -0.22456 -0.70192
0 81 -0.22888 -0.70192
1 81 -0.23104 -0.69976
2 81 -0.23536 -0.70192
0 82 -0.0452799 -0.59824
1 82 -0.0452799 -0.59824
2 82 -0.0495998 -0.59824
0 83 -0.20512 -0.72352
1 83 -0.20728 -0.72352
2 83 -0.2116 -0.72352
0 84 0.0130402 -0.66304
1 84 0.0108802 -0.66304
2 84 0.00872014 -0.6652
0 85 -0.55072 -0.76024
1 85 -0.55288 -0.75592
2 85 -0.55936 -0.75592
0 86 -0.0344798 -0.6652
1 86 -0.0344798 -0.6652
2 86 -0.0387999 -0.66736
0 87 -0.0452799 -0.5788
1 87 -0.0474399 -0.5788
2 87 -0.0495998 -0.58096
0 88 -0.0474399 -0.66952
1 88 -0.0495998 -0.66952
2 88 -0.0539199 -0.67168
0 89 0.00872014 -0.66736
1 89 0.00656013 -0.66736
2 89 0.00224012 -0.66952
0 90 -0.5428 -0.6202
1 90 -0.5446 -0.6166
2 90 -0.55072 -0.61552
0 91 -0.0539199 -0.72352
1 91 -0.0560799 -0.72136
2 91 -0.0603999 -0.72352
0 92 -0.0258399 -0.58528
1 92 -0.0258399 -0.58528
2 92 -0.0301599 -0.58744
0 93 0.2852 -0.82936
1 93 0.28304 -0.8272
2 93 0.28304 -0.83152
0 94 -0.206848 -0.722656
1 94 -0.206848 -0.722656
2 94 -0.212032 -0.722656
0 95 -0.20944 -0.699328
1 95 -0.212032 -0.696736
2 95 -0.214624 -0.699328
0 96 -0.0435518 -0.59824
1 96 -0.0461438 -0.59824
2 96 -0.0487357 -0.600832
0 97 0.599264 -0.65008
1 97 0.601856 -0.65008
2 97 0.604448 -0.65008
0 98 0.122336 -0.320896
1 98 0.122336 -0.320896
2 98 0.119744 -0.320896
0 99 0.00828826 -0.668224
1 99 0.00569623 -0.668224
2 99 0.00310421 -0.670816
0 100 -0.0357758 -0.665632
1 100 -0.0409598 -0.66304
2 100 -0.0435518 -0.665632
0 101 0.0108802 -0.58528
1 101 0.00828826 -0.58528
2 101 0.00569623 -0.587872
0 102 0.59408 -0.657856
1 102 0.596672 -0.655264
2 102 0.599264 -0.657856
0 103 -0.5428 -0.6202
1 103 -0.5464 -0.61768
2 103 -0.551584 -0.616384
0 104 -0.23536 -0.333856
1 104 -0.23536 -0.331264
2 104 -0.237952 -0.331264
0 105 -0.0539199 -0.73
1 105 -0.0539198 -0.72784
2 105 -0.0591038 -0.730432
0 106 -0.0461438 -0.580096
1 106 -0.0487357 -0.577504
2 106 -0.0513278 -0.580096
0 107 -0.0539199 -0.72352
1 107 -0.0560799 -0.72136
2 107 -0.0591038 -0.725248
0 108 -0.0487357 -0.606016
1 108 -0.0487357 -0.606016
2 108 -0.0539198 -0.608608
0 109 -0.543808 -0.764128
1 109 -0.548992 -0.760499
2 109 -0.554176 -0.761536
0 110 0.00569623 -0.577504
1 110 0.00569623 -0.577504
2 110 0.00051225 -0.580096
0 111 0.0523523 -0.71488
1 111 0.0497602 -0.71488
2 111 0.0471682 -0.717472
0 112 -0.227584 -0.70192
1 112 -0.230176 -0.70192
2 112 -0.23536 -0.70192
0 113 -0.227584 -0.725248
1 113 -0.227584 -0.722656
2 113 -0.232768 -0.725248
0 114 -0.0482173 -0.60809
1 114 -0.0513278 -0.60809
2 114 -0.0544381 -0.60809
0 115 0.0077699 -0.667187
1 115 0.00465946 -0.667187
2 115 0.00154908 -0.670297
0 116 -0.228621 -0.713843
1 116 -0.228621 -0.710733
2 116 -0.234841 -0.713843
0 117 0.0077699 -0.586317
1 117 0.0077699 -0.586317
2 117 0.00465946 -0.586317
0 118 0.119744 -0.318822
1 118 0.122336 -0.320896
2 118 0.119744 -0.321933
0 119 -0.234841 -0.334374
1 119 -0.234841 -0.331264
2 119 -0.237952 -0.331264
0 120 0.0077699 -0.576985
1 120 0.00465946 -0.576985
2 120 0.00154908 -0.580096
0 121 0.592525 -0.657856
1 121 0.595636 -0.657856
2 121 0.598746 -0.657856
0 122 -0.045107 -0.598758
1 122 -0.0482173 -0.598758
2 122 -0.0513278 -0.598758
0 123 -0.22551 -0.723174
1 123 -0.228621 -0.723174
2 123 -0.231731 -0.723174
0 124 -0.545881 -0.76361
1 124 -0.548992 -0.760499
2 124 -0.555213 -0.760499
0 125 -0.0482173 -0.589427
1 125 -0.0482173 -0.589427
2 125 -0.0519498 -0.589427
0 126 -0.234841 -0.334374
1 126 -0.234841 -0.331886
2 126 -0.238574 -0.331886
0 127 0.0077699 -0.667809
1 127 0.00403741 -0.667809
2 127 0.000304921 -0.671542
0 128 -0.231109 -0.716331
1 128 -0.231109 -0.712599
2 128 -0.234841 -0.712599
0 129 -0.208714 -0.723796
1 129 -0.208714 -0.723796
2 129 -0.212446 -0.723796
0 130 -0.0295549 -0.667809
1 130 -0.0295549 -0.667809
2 130 -0.0332874 -0.671542
0 131 -0.223644 -0.705134
1 131 -0.227376 -0.701402
2 131 -0.231109 -0.705134
0 132 0.119744 -0.320688
1 132 0.119744 -0.320688
2 132 0.119744 -0.320688
0 133 -0.0258224 -0.589427
1 133 -0.0258224 -0.589427
2 133 -0.0295549 -0.589427
0 134 0.0077699 -0.589427
1 134 0.0077699 -0.589427
2 134 0.00403741 -0.589427
0 135 -0.014625 -0.57823
1 135 -0.014625 -0.57823
2 135 -0.0183575 -0.581962
0 136 -0.545881 -0.76361
1 136 -0.54837 -0.761121
2 136 -0.555835 -0.761121
0 137 -0.223644 -0.723796
1 137 -0.227376 -0.723796
2 137 -0.231109 -0.723796
