49
0 0 0.190625 -0.648958
1 0 0.190625 -0.655208
2 0 0.190625 -0.663542
0 1 0.15125 -0.70125
1 1 0.15125 -0.70875
2 1 0.15 -0.7175
0 2 0.0975001 -0.74375
1 2 0.0975001 -0.75125
2 2 0.09625 -0.76125
0 3 0.1025 -0.634
1 3 0.101 -0.64
2 3 0.0995 -0.6475
0 4 0.101 -0.748
1 4 0.101 -0.7555
2 4 0.0995 -0.766
0 5 0.1505 -0.7015
1 5 0.1505 -0.709
2 5 0.149 -0.718
0 6 0.0995 -0.7255
1 6 0.0995 -0.733
2 6 0.0980001 -0.7405
0 7 0.0605 -0.6835
1 7 0.059 -0.691
2 7 0.0575 -0.6985
0 8 0.164 -0.8005
1 8 0.1655 -0.808
2 8 0.164 -0.8185
0 9 0.0605 -0.6805
1 9 0.059 -0.688
2 9 0.0575 -0.6955
0 10 0.1895 -0.649
1 10 0.1895 -0.655
2 10 0.1895 -0.664
0 11 -0.1825 -0.643
1 11 -0.1885 -0.6505
2 11 -0.196 -0.655
0 12 0.1646 -0.8002
1 12 0.1664 -0.8092
2 12 0.1646 -0.8182
0 13 0.1088 -0.7228
1 13 0.1088 -0.73
2 13 0.107 -0.739
0 14 0.1052 -0.6526
1 14 0.1052 -0.6598
2 14 0.1034 -0.6688
0 15 -0.2062 -0.3322
1 15 -0.2134 -0.3322
2 15 -0.2206 -0.3322
0 16 0.0818001 -0.6418
1 16 0.0818001 -0.6472
2 16 0.0800001 -0.6562
0 17 0.1322 -0.7624
1 17 0.1322 -0.7696
2 17 0.1304 -0.7786
0 18 -0.12736 -0.82504
1 18 -0.13168 -0.83584
2 18 -0.13816 -0.84448
0 19 0.11672 -0.77968
1 19 0.11672 -0.78832
2 19 0.11456 -0.79696
0 20 0.0951201 -0.73
1 20 0.0951201 -0.73648
2 20 0.0951201 -0.74512
0 21 0.0994401 -0.72352
1 21 0.0994401 -0.73
2 21 0.0972801 -0.73864
0 22 0.10808 -0.72136
1 22 0.10808 -0.73
2 22 0.10808 -0.73864
0 23 -0.18352 -0.3304
1 23 -0.19216 -0.3304
2 23 -0.19864 -0.3304
0 24 0.0821602 -0.80128
1 24 0.0821602 -0.80992
2 24 0.0800002 -0.82072
0 25 0.11672 -0.70408
1 25 0.11672 -0.71272
2 25 0.11456 -0.72136
0 26 0.18152 -0.5788
1 26 0.18152 -0.58528
2 26 0.18152 -0.59392
0 27 0.130112 -0.644896
1 27 0.130112 -0.65008
2 27 0.12752 -0.657856
0 28 0.150848 -0.642304
1 28 0.15344 -0.647488
2 28 0.150848 -0.655264
0 29 0.15344 -0.66304
1 29 0.15344 -0.670816
2 29 0.150848 -0.678592
0 30 -0.307936 -0.613792
1 30 -0.315712 -0.618976
2 30 -0.32608 -0.62416
0 31 0.117152 -0.77968
1 31 0.117152 -0.787456
2 31 0.117152 -0.797824
0 32 0.163808 -0.8056
1 32 0.1664 -0.815968
2 32 0.163808 -0.823744
0 33 0.106784 -0.665632
1 33 0.106784 -0.673408
2 33 0.106784 -0.681184
0 34 0.156032 -0.79264
1 34 0.158624 -0.800416
2 34 0.156032 -0.810784
0 35 0.187136 -0.795232
1 35 0.187136 -0.803008
2 35 0.187136 -0.813376
0 36 0.181952 -0.580096
1 36 0.181952 -0.587872
2 36 0.181952 -0.595648
0 37 0.0575363 -0.682739
1 37 0.0575363 -0.69207
2 37 0.0575363 -0.698291
0 38 0.150848 -0.664077
1 38 0.150848 -0.670297
2 38 0.150848 -0.679629
0 39 0.116634 -0.779162
1 39 0.116634 -0.788493
2 39 0.116634 -0.797824
0 40 -0.181965 -0.648525
1 40 -0.188185 -0.654746
2 40 -0.194406 -0.660966
0 41 -0.297049 -0.337485
1 41 -0.305759 -0.343083
2 41 -0.312601 -0.340595
0 42 -0.30327 -0.474342
1 42 -0.312601 -0.480563
2 42 -0.321933 -0.480563
0 43 -0.306381 -0.61431
1 43 -0.315712 -0.620531
2 43 -0.325043 -0.623641
0 44 0.183197 -0.794714
1 44 0.183197 -0.802178
2 44 0.183197 -0.813376
0 45 0.0824195 -0.802178
1 45 0.0824195 -0.809643
2 45 0.0824195 -0.820841
0 46 0.149604 -0.667809
1 46 0.149604 -0.675274
2 46 0.149604 -0.682739
0 47 -0.126599 -0.820841
1 47 -0.126599 -0.832038
2 47 -0.134064 -0.839503
0 48 -0.178854 -0.335618
1 48 -0.186319 -0.335618
2 48 -0.193784 -0.335618
