78
0 0 0.16875 -0.45125
1 0 0.179167 -0.446875
2 0 0.198958 -0.445833
0 1 -0.0824999 -0.45875
1 1 -0.0739583 -0.461458
2 1 -0.0583333 -0.4625
0 2 0.16875 -0.45125
1 2 0.17875 -0.44625
2 2 0.19875 -0.445
0 3 0.0725001 -0.72625
1 3 0.09 -0.72625
2 3 0.11125 -0.72875
0 4 -0.345 -0.88375
1 4 -0.33625 -0.9
2 4 -0.32375 -0.91125
0 5 -0.0824999 -0.45875
1 5 -0.0739583 -0.461458
2 5 -0.0574999 -0.4625
0 6 0.038 -0.631
1 6 0.0515001 -0.631
2 6 0.0725001 -0.634
0 7 0.0665 -0.6355
1 7 0.0800001 -0.6355
2 7 0.101 -0.637
0 8 0.0305 -0.634
1 8 0.0455001 -0.6355
2 8 0.065 -0.637
0 9 0.16875 -0.45125
1 9 0.1775 -0.4465
2 9 0.197 -0.445
0 10 0.0695001 -0.7465
1 10 0.0875 -0.7465
2 10 0.1085 -0.7495
0 11 -0.379 -0.913
1 11 -0.3745 -0.931
2 11 -0.3595 -0.943
0 12 -0.3865 -0.913
1 12 -0.3775 -0.931
2 12 -0.3655 -0.943
0 13 -0.0513999 -0.7228
1 13 -0.0351999 -0.7264
2 13 -0.0153999 -0.73
0 14 0.0314001 -0.6346
1 14 0.0458001 -0.6346
2 14 0.0656001 -0.6364
0 15 -0.0801999 -0.5194
1 15 -0.0693999 -0.5212
2 15 -0.0531999 -0.523
0 16 0.00800012 -0.6346
1 16 0.0224001 -0.6364
2 16 0.0422001 -0.6382
0 17 0.0638001 -0.6418
1 17 0.0800001 -0.6418
2 17 0.0998001 -0.6436
0 18 0.0692001 -0.7462
1 18 0.0872002 -0.7462
2 18 0.1088 -0.7498
0 19 -0.3862 -0.9136
1 19 -0.3772 -0.9316
2 19 -0.3664 -0.9442
0 20 0.000800069 -0.667
1 20 0.0170001 -0.667
2 20 0.0368001 -0.6706
0 21 0.1664 -0.45136
1 21 0.1772 -0.44704
2 21 0.197 -0.4456
0 22 -0.00639985 -0.84448
1 22 0.0116001 -0.8452
2 22 0.0332001 -0.8506
0 23 0.00800012 -0.7444
1 23 0.0260001 -0.7444
2 23 0.0476001 -0.748
0 24 -0.0819998 -0.45784
1 24 -0.0733599 -0.46
2 24 -0.0567999 -0.4636
0 25 -0.3304 -0.86824
1 25 -0.32176 -0.88336
2 25 -0.3088 -0.89416
0 26 0.00224012 -0.66736
1 26 0.0173601 -0.66736
2 26 0.0368001 -0.67168
0 27 0.0670401 -0.74728
1 27 0.0864802 -0.74728
2 27 0.10808 -0.74944
0 28 0.0260002 -0.6436
1 28 0.0411201 -0.6436
2 28 0.0605602 -0.64576
0 29 0.0756802 -0.72784
1 29 0.0929601 -0.72784
2 29 0.11456 -0.73
0 30 -0.39088 -0.87688
1 30 -0.38224 -0.892
2 30 -0.37144 -0.9028
0 31 0.0519201 -0.63712
1 31 0.0648802 -0.63712
2 31 0.0864802 -0.63928
0 32 -0.00639985 -0.84448
1 32 0.0116001 -0.8452
2 32 0.0346401 -0.85096
0 33 0.0670401 -0.73216
1 33 0.0843202 -0.73216
2 33 0.10592 -0.73432
0 34 -0.0517598 -0.72352
1 34 -0.0366398 -0.72784
2 34 -0.0171998 -0.73
0 35 -0.32608 -0.85744
1 35 -0.31744 -0.87256
2 35 -0.30448 -0.88336
0 36 -0.0798399 -0.51832
1 36 -0.0690399 -0.52048
2 36 -0.0517598 -0.52264
0 37 0.1664 -0.45136
1 37 0.1772 -0.44704
2 37 0.19664 -0.44488
0 38 -0.349408 -0.862624
1 38 -0.341632 -0.878176
2 38 -0.328672 -0.888544
0 39 0.0679043 -0.738208
1 39 0.0860483 -0.738208
2 39 0.106784 -0.7408
0 40 0.0756803 -0.72784
1 40 0.0938243 -0.72784
2 40 0.11456 -0.730432
0 41 0.653696 -0.476416
1 41 0.679616 -0.45568
2 41 0.713312 -0.44272
0 42 -0.375328 -0.865216
1 42 -0.367552 -0.880768
2 42 -0.354592 -0.891136
0 43 0.0679043 -0.730432
1 43 0.0834563 -0.730432
2 43 0.106784 -0.733024
0 44 0.00051225 -0.668224
1 44 0.0160643 -0.670816
2 44 0.0368003 -0.673408
0 45 -0.336448 -0.867808
1 45 -0.328672 -0.88336
2 45 -0.315712 -0.893728
0 46 -0.331264 -0.867808
1 46 -0.323488 -0.88336
2 46 -0.310528 -0.893728
0 47 0.0679043 -0.63712
1 47 0.0834563 -0.634528
2 47 0.104192 -0.63712
0 48 -0.00639985 -0.84448
1 48 0.0134722 -0.847072
2 48 0.0342082 -0.852256
0 49 -0.328672 -0.85744
1 49 -0.318304 -0.872992
2 49 -0.305344 -0.88336
0 50 0.0730882 -0.7408
1 50 0.0912323 -0.7408
2 50 0.111968 -0.743392
0 51 0.0679043 -0.745984
1 51 0.0860483 -0.745984
2 51 0.106784 -0.748576
0 52 0.0108802 -0.743392
1 52 0.0264322 -0.743392
2 52 0.0497602 -0.745984
0 53 0.00154908 -0.748058
1 53 0.0186562 -0.751168
2 53 0.0388739 -0.754278
0 54 -0.328153 -0.860032
1 54 -0.318822 -0.872474
2 54 -0.306381 -0.884915
0 55 -0.349926 -0.863142
1 55 -0.340595 -0.878694
2 55 -0.328153 -0.888026
0 56 -0.337485 -0.869363
1 56 -0.328153 -0.884915
2 56 -0.315712 -0.894246
0 57 -0.331264 -0.869363
1 57 -0.321933 -0.884915
2 57 -0.309491 -0.894246
0 58 -0.396582 -0.869363
1 58 -0.390361 -0.884915
2 58 -0.37792 -0.897357
0 59 -0.374809 -0.866253
1 59 -0.368589 -0.881805
2 59 -0.356147 -0.891136
0 60 0.0202115 -0.632973
1 60 0.0357635 -0.632973
2 60 0.0544259 -0.636083
0 61 0.653696 -0.476416
1 61 0.679616 -0.45568
2 61 0.713831 -0.446349
0 62 0.00465946 -0.636083
1 62 0.0202115 -0.636083
2 62 0.0388739 -0.639194
0 63 0.0668674 -0.738726
1 63 0.0824195 -0.738726
2 63 0.104192 -0.741837
0 64 0.0108803 -0.741837
1 64 0.0295427 -0.741837
2 64 0.0513155 -0.744947
0 65 -0.00778211 -0.84448
1 65 0.0139907 -0.84759
2 65 0.0357635 -0.853811
0 66 -0.328153 -0.858166
1 66 -0.320688 -0.873096
2 66 -0.305759 -0.884293
0 67 -0.0668797 -0.727529
1 67 -0.0519498 -0.731261
2 67 -0.0295549 -0.734994
0 68 0.00403741 -0.660344
1 68 0.0189673 -0.660344
2 68 0.0376298 -0.664077
0 69 0.0264323 -0.645414
1 69 0.0413623 -0.645414
2 69 0.0637571 -0.649147
0 70 0.0264323 -0.623019
1 70 0.0413623 -0.623019
2 70 0.0600246 -0.626752
0 71 0.0637571 -0.645414
1 71 0.078687 -0.645414
2 71 0.0973494 -0.645414
0 72 -0.00778211 -0.84448
1 72 0.0139907 -0.84759
2 72 0.0338973 -0.854433
0 73 0.00403741 -0.634217
1 73 0.0189673 -0.637949
2 73 0.0376298 -0.637949
0 74 0.093617 -0.746191
1 74 0.112279 -0.746191
2 74 0.134674 -0.746191
0 75 0.0115024 -0.742459
1 75 0.0301648 -0.742459
2 75 0.0525597 -0.746191
0 76 0.0226998 -0.746191
1 76 0.0413623 -0.749924
2 76 0.0600246 -0.753656
0 77 0.00403741 -0.753656
1 77 0.0189673 -0.749924
2 77 0.0413623 -0.757389
