70
0 0 -0.238542 -0.70625
1 0 -0.247917 -0.708333
2 0 -0.254167 -0.708333
0 1 -0.071875 -0.723958
1 1 -0.0812499 -0.7275
2 1 -0.0864583 -0.726042
0 2 -0.11375 -0.44625
1 2 -0.12 -0.44625
2 2 -0.125 -0.44375
0 3 -0.052 -0.67
1 3 -0.06 -0.67125
2 3 -0.065 -0.67
0 4 0.00625006 -0.57625
1 4 -0.00124995 -0.5775
2 4 -0.00499999 -0.57625
0 5 -0.071875 -0.723958
1 5 -0.0812499 -0.7275
2 5 -0.08625 -0.72625
0 6 -0.2325 -0.69625
1 6 -0.2425 -0.6975
2 6 -0.24875 -0.6975
0 7 -0.00874996 -0.58
1 7 -0.01625 -0.58125
2 7 -0.0199999 -0.58
0 8 0.17 -0.2926
1 8 0.1655 -0.292
2 8 0.164 -0.2905
0 9 -0.2305 -0.691
1 9 -0.241 -0.6925
2 9 -0.247 -0.6925
0 10 -0.0594999 -0.598
1 10 -0.0669999 -0.5965
2 10 -0.0715 -0.5965
0 11 -0.073 -0.727
1 11 -0.082 -0.7285
2 11 -0.0865 -0.727
0 12 -0.235 -0.7225
1 12 -0.244 -0.724
2 12 -0.25 -0.724
0 13 0.287 -0.811
1 13 0.284 -0.82
2 13 0.284 -0.8245
0 14 -0.058 -0.5785
1 14 -0.0639999 -0.5785
2 14 -0.0684999 -0.5785
0 15 -0.2386 -0.6922
1 15 -0.2476 -0.694
2 15 -0.2548 -0.694
0 16 -0.2332 -0.6922
1 16 -0.2422 -0.694
2 16 -0.2476 -0.694
0 17 -0.235 -0.7228
1 17 -0.244 -0.7246
2 17 -0.2494 -0.7246
0 18 -0.0729999 -0.7264
1 18 -0.0819999 -0.7282
2 18 -0.0873999 -0.7282
0 19 -0.0531999 -0.6688
1 19 -0.0603999 -0.6706
2 19 -0.0657999 -0.6688
0 20 0.17 -0.2926
1 20 0.1646 -0.2926
2 20 0.1646 -0.2908
0 21 -0.1018 -0.64
1 21 -0.1108 -0.6418
2 21 -0.1144 -0.64
0 22 -0.0621999 -0.5914
1 22 -0.0711999 -0.5932
2 22 -0.0747999 -0.5914
0 23 -0.1054 -0.6436
1 23 -0.1126 -0.6454
2 23 -0.118 -0.6436
0 24 0.168992 -0.292384
1 24 0.163808 -0.292384
2 24 0.16424 -0.29152
0 25 -0.0733599 -0.72784
1 25 -0.0819998 -0.73
2 25 -0.0863199 -0.72784
0 26 -0.23536 -0.72136
1 26 -0.244 -0.72352
2 26 -0.25048 -0.72352
0 27 -0.0409599 -0.58528
1 27 -0.0495998 -0.58528
2 27 -0.0539199 -0.58528
0 28 -0.23752 -0.70408
1 28 -0.24616 -0.70624
2 28 -0.25264 -0.70624
0 29 -0.0603999 -0.59824
1 29 -0.0668798 -0.59824
2 29 -0.0711999 -0.59824
0 30 -0.0625599 -0.60472
1 30 -0.0711999 -0.60688
2 30 -0.0755199 -0.60472
0 31 -0.0107199 -0.67384
1 31 -0.0171998 -0.67384
2 31 -0.0215199 -0.67384
0 32 -0.2332 -0.69328
1 32 -0.24184 -0.69328
2 32 -0.24832 -0.69328
0 33 -0.22672 -0.6976
1 33 -0.23536 -0.69976
2 33 -0.24184 -0.69976
0 34 -0.10144 -0.63928
1 34 -0.11008 -0.64144
2 34 -0.1144 -0.63928
0 35 -0.67816 -0.56152
1 35 -0.6976 -0.5626
2 35 -0.72136 -0.55936
0 36 -0.0461438 -0.577504
1 36 -0.0539198 -0.577504
2 36 -0.0591038 -0.577504
0 37 -0.237952 -0.694144
1 37 -0.24832 -0.694144
2 37 -0.253504 -0.694144
0 38 -0.232768 -0.691552
1 38 -0.243136 -0.694144
2 38 -0.24832 -0.694144
0 39 -0.22672 -0.6976
1 39 -0.23536 -0.699328
2 39 -0.243136 -0.699328
0 40 -0.0642878 -0.670816
1 40 -0.0720638 -0.673408
2 40 -0.0772478 -0.673408
0 41 -0.0591038 -0.59824
1 41 -0.0668798 -0.59824
2 41 -0.0720638 -0.59824
0 42 -0.00467173 -0.58528
1 42 -0.0124477 -0.587872
2 42 -0.0176318 -0.587872
0 43 -0.00985578 -0.673408
1 43 -0.0176318 -0.676
2 43 -0.0228158 -0.673408
0 44 -0.00467173 -0.580096
1 44 -0.0124477 -0.580096
2 44 -0.0176318 -0.580096
0 45 -0.0699902 -0.726285
1 45 -0.0798398 -0.72784
2 45 -0.0824318 -0.72784
0 46 0.16856 -0.29152
1 46 0.16424 -0.29152
2 46 0.163808 -0.289792
0 47 -0.0409598 -0.567136
1 47 -0.0487357 -0.569728
2 47 -0.0513278 -0.569728
0 48 -0.0720638 -0.733024
1 48 -0.0819998 -0.73648
2 48 -0.0850238 -0.735616
0 49 -0.24832 -0.284608
1 49 -0.256096 -0.284608
2 49 -0.263872 -0.282016
0 50 -0.0419965 -0.567654
1 50 -0.0482173 -0.567654
2 50 -0.0544381 -0.567654
0 51 -0.250393 -0.284608
1 51 -0.256096 -0.284608
2 51 -0.262835 -0.278387
0 52 0.168992 -0.292384
1 52 0.16329 -0.290829
2 52 0.16329 -0.290829
0 53 -0.237952 -0.720064
1 53 -0.247283 -0.723174
2 53 -0.253504 -0.723174
0 54 -0.0108926 -0.673408
1 54 -0.0202237 -0.676518
2 54 -0.0233341 -0.673408
0 55 -0.00467173 -0.580096
1 55 -0.0140029 -0.580096
2 55 -0.0171134 -0.580096
0 56 -0.060659 -0.598758
1 56 -0.0668798 -0.598758
2 56 -0.0731005 -0.598758
0 57 -0.00778211 -0.586317
1 57 -0.0171134 -0.586317
2 57 -0.0233341 -0.586317
0 58 0.0077699 -0.676518
1 58 -0.00156136 -0.676518
2 58 -0.00467173 -0.676518
0 59 -0.0668797 -0.675274
1 59 -0.0743447 -0.675274
2 59 -0.0780772 -0.675274
0 60 -0.682739 -0.5633
1 60 -0.698291 -0.564544
2 60 -0.720064 -0.5633
0 61 -0.0407523 -0.567032
1 61 -0.0482173 -0.570765
2 61 -0.0519498 -0.567032
0 62 -0.0108925 -0.570765
1 62 -0.0183575 -0.570765
2 62 -0.02209 -0.570765
0 63 -0.0482173 -0.57823
1 63 -0.0556823 -0.57823
2 63 -0.0594147 -0.57823
0 64 -0.250393 -0.284608
1 64 -0.257236 -0.283364
2 64 -0.264701 -0.279631
0 65 -0.0108925 -0.675274
1 65 -0.0183575 -0.675274
2 65 -0.02209 -0.675274
0 66 0.168267 -0.290829
1 66 0.164534 -0.290829
2 66 0.160802 -0.290829
0 67 -0.0407523 -0.589427
1 67 -0.0482173 -0.589427
2 67 -0.0519498 -0.589427
0 68 -0.238574 -0.720064
1 68 -0.246039 -0.723796
2 68 -0.253504 -0.723796
0 69 -0.260969 -0.708866
1 69 -0.269056 -0.707622
2 69 -0.275899 -0.708866
