50
0 0 0.601042 -0.792708
1 0 0.60625 -0.8
2 0 0.63125 -0.81875
0 1 -0.16 -0.46625
1 1 -0.18 -0.4625
2 1 -0.18875 -0.46125
0 2 0.00650005 -0.6895
1 2 -0.013 -0.6895
2 2 -0.0219999 -0.694
0 3 0.00350005 -0.6805
1 3 -0.016 -0.6805
2 3 -0.0234999 -0.685
0 4 0.60125 -0.7925
1 4 0.6065 -0.799
2 4 0.6305 -0.8185
0 5 -0.15875 -0.53625
1 5 -0.181 -0.535
2 5 -0.19 -0.535
0 6 -0.1594 -0.4654
1 6 -0.181 -0.463
2 6 -0.1885 -0.4615
0 7 0.1664 -0.45568
1 7 0.152 -0.4564
2 7 0.149 -0.46
0 8 0.000500043 -0.7675
1 8 -0.0205 -0.769
2 8 -0.0294999 -0.772
0 9 0.60125 -0.80625
1 9 0.60625 -0.81375
2 9 0.6305 -0.8335
0 10 0.49 -0.82625
1 10 0.4875 -0.835
2 10 0.5015 -0.8515
0 11 0.00440013 -0.6796
1 11 -0.0153999 -0.6814
2 11 -0.0225999 -0.685
0 12 -0.16 -0.466
1 12 -0.181 -0.463
2 12 -0.1882 -0.4618
0 13 0.0368001 -0.685
1 13 0.0170001 -0.6868
2 13 0.00980008 -0.6904
0 14 -0.15875 -0.53625
1 14 -0.181 -0.5356
2 14 -0.19 -0.5356
0 15 0.1664 -0.45568
1 15 0.152 -0.4564
2 15 0.1484 -0.46
0 16 0.578 -0.2365
1 16 0.5876 -0.2188
2 16 0.6146 -0.2044
0 17 0.5876 -0.8578
1 17 0.5912 -0.8686
2 17 0.6146 -0.8902
0 18 0.0368001 -0.694
1 18 0.0170001 -0.694
2 18 0.00980008 -0.6976
0 19 0.00656013 -0.68896
1 19 -0.0128799 -0.68896
2 19 -0.0215199 -0.69328
0 20 0.0411201 -0.80128
1 20 0.0216801 -0.80344
2 20 0.0130402 -0.80776
0 21 0.00656013 -0.68248
1 21 -0.0128799 -0.68248
2 21 -0.0215199 -0.6868
0 22 0.0411201 -0.80992
1 22 0.0195201 -0.81208
2 22 0.0108802 -0.81856
0 23 0.0368001 -0.6868
1 23 0.0173601 -0.6868
2 23 0.00872014 -0.69112
0 24 0.1664 -0.45568
1 24 0.152 -0.4564
2 24 0.14912 -0.46
0 25 -0.1594 -0.4654
1 25 -0.181 -0.463
2 25 -0.18784 -0.46216
0 26 -0.0150399 -0.68464
1 26 -0.0344798 -0.68464
2 26 -0.0431199 -0.68896
0 27 -0.0387999 -0.81208
1 27 -0.0603999 -0.81424
2 27 -0.0690399 -0.81856
0 28 0.0393922 -0.810784
1 28 0.0186562 -0.810784
2 28 0.0108802 -0.81856
0 29 -0.0228158 -0.808192
1 29 -0.0435518 -0.808192
2 29 -0.0539198 -0.813376
0 30 -0.0357758 -0.704512
1 30 -0.0565118 -0.707104
2 30 -0.0642878 -0.709696
0 31 -0.0331838 -0.696736
1 31 -0.0539198 -0.696736
2 31 -0.0616958 -0.70192
0 32 0.00828826 -0.68896
1 32 -0.0124477 -0.68896
2 32 -0.0202237 -0.694144
0 33 0.0212482 -0.68896
1 33 0.00051225 -0.68896
2 33 -0.00726376 -0.694144
0 34 -0.0305918 -0.686368
1 34 -0.0513278 -0.686368
2 34 -0.0591038 -0.68896
0 35 -0.1594 -0.4654
1 35 -0.181 -0.463
2 35 -0.188704 -0.460864
0 36 0.1664 -0.45568
1 36 0.150848 -0.45568
2 36 0.148256 -0.458272
0 37 -0.0383678 -0.813376
1 37 -0.0591038 -0.813376
2 37 -0.0694718 -0.81856
0 38 -0.157081 -0.539661
1 38 -0.178854 -0.53655
2 38 -0.188185 -0.53655
0 39 0.0388739 -0.800934
1 39 0.0171011 -0.800934
2 39 0.0077699 -0.807155
0 40 0.0388739 -0.810266
1 40 0.0171011 -0.810266
2 40 0.0077699 -0.816486
0 41 -0.0357758 -0.821152
1 41 -0.0575485 -0.816486
2 41 -0.0668798 -0.825818
0 42 0.0376298 -0.802178
1 42 0.0152349 -0.802178
2 42 0.0077699 -0.805911
0 43 -0.00342757 -0.697669
1 43 -0.02209 -0.697669
2 43 -0.0295549 -0.701402
0 44 -0.0332874 -0.686472
1 44 -0.0556823 -0.686472
2 44 -0.0631472 -0.690204
0 45 -0.0233341 -0.807155
1 45 -0.0444848 -0.805911
2 45 -0.0519498 -0.809643
0 46 0.0376298 -0.809643
1 46 0.0152349 -0.813376
2 46 0.0077699 -0.817108
0 47 -0.157081 -0.539661
1 47 -0.178854 -0.540905
2 47 -0.186319 -0.540905
0 48 0.5552 -0.293939
1 48 0.56391 -0.283364
2 48 0.590037 -0.272166
0 49 -0.0370199 -0.813376
1 49 -0.0594147 -0.817108
2 49 -0.0668797 -0.820841
