98
0 0 -0.301042 -0.726042
1 0 -0.304167 -0.728125
2 0 -0.30625 -0.728125
0 1 -0.115625 -0.723958
1 1 -0.11625 -0.72625
2 1 -0.117708 -0.726042
0 2 -0.295833 -0.70625
1 2 -0.298958 -0.708333
2 2 -0.301042 -0.708333
0 3 0.01875 -0.425
1 3 0.0175001 -0.425
2 3 0.0177083 -0.425
0 4 -0.0510417 -0.658333
1 4 -0.0510417 -0.659375
2 4 -0.0520833 -0.659375
0 5 -0.084375 -0.596875
1 5 -0.0864583 -0.597917
2 5 -0.0864583 -0.597917
0 6 -0.29375 -0.715
1 6 -0.29625 -0.71625
2 6 -0.29875 -0.71625
0 7 -0.115625 -0.723958
1 7 -0.11625 -0.72625
2 7 -0.1175 -0.72625
0 8 -0.05375 -0.5675
1 8 -0.055 -0.5675
2 8 -0.055 -0.5675
0 9 -0.29625 -0.70625
1 9 -0.2975 -0.70875
2 9 -0.30125 -0.70875
0 10 -0.055 -0.5975
1 10 -0.0574999 -0.59875
2 10 -0.0574999 -0.5975
0 11 -0.0775 -0.56375
1 11 -0.07875 -0.565
2 11 -0.07875 -0.565
0 12 -0.0512499 -0.65875
1 12 -0.0512499 -0.66
2 12 -0.0525 -0.66
0 13 0.01875 -0.425
1 13 0.0175001 -0.425
2 13 0.0175001 -0.425
0 14 -0.0374999 -0.56375
1 14 -0.0387499 -0.56375
2 14 -0.0387499 -0.56375
0 15 -0.298 -0.7075
1 15 -0.2995 -0.709
2 15 -0.3025 -0.709
0 16 -0.106 -0.5905
1 16 -0.1075 -0.5905
2 16 -0.1075 -0.5905
0 17 -0.1165 -0.7255
1 17 -0.1165 -0.727
2 17 -0.118 -0.727
0 18 -0.301 -0.727
1 18 -0.3025 -0.7285
2 18 -0.3055 -0.7285
0 19 -0.052 -0.5725
1 19 -0.0535 -0.574
2 19 -0.0535 -0.5725
0 20 -0.0535 -0.568
1 20 -0.055 -0.568
2 20 -0.055 -0.568
0 21 -0.0835 -0.5665
1 21 -0.085 -0.5665
2 21 -0.085 -0.5665
0 22 -0.052 -0.6565
1 22 -0.0535 -0.6565
2 22 -0.052 -0.6565
0 23 -0.295 -0.7015
1 23 -0.2965 -0.703
2 23 -0.2995 -0.703
0 24 -0.0445 -0.6475
1 24 -0.0445 -0.649
2 24 -0.0445 -0.649
0 25 -0.109 -0.595
1 25 -0.1108 -0.595
2 25 -0.1108 -0.595
0 26 -0.298 -0.7372
1 26 -0.2998 -0.739
2 26 -0.3016 -0.739
0 27 -0.2998 -0.7012
1 27 -0.3016 -0.703
2 27 -0.3052 -0.703
0 28 -0.3034 -0.7012
1 28 -0.307 -0.703
2 28 -0.3088 -0.703
0 29 -0.307 -0.7048
1 29 -0.3106 -0.7066
2 29 -0.3124 -0.7066
0 30 -0.0531999 -0.568
1 30 -0.0549999 -0.568
2 30 -0.0549999 -0.568
0 31 -0.1036 -0.568
1 31 -0.1054 -0.568
2 31 -0.1054 -0.568
0 32 -0.1504 -0.6382
1 32 -0.154 -0.64
2 32 -0.154 -0.64
0 33 -0.1036 -0.66088
1 33 -0.1054 -0.6634
2 33 -0.1072 -0.6634
0 34 -0.1162 -0.7264
1 34 -0.11656 -0.72784
2 34 -0.118 -0.7282
0 35 -0.1108 -0.6634
1 35 -0.1126 -0.6634
2 35 -0.1126 -0.6634
0 36 -0.109 -0.5824
1 36 -0.1108 -0.5824
2 36 -0.1108 -0.5824
0 37 -0.2944 -0.7156
1 37 -0.298 -0.7156
2 37 -0.2998 -0.7174
0 38 -0.0657999 -0.5698
1 38 -0.0675999 -0.5698
2 38 -0.0675999 -0.5698
0 39 -0.1036 -0.568
1 39 -0.10576 -0.568
2 39 -0.10576 -0.568
0 40 -0.0517598 -0.568
1 40 -0.0539199 -0.568
2 40 -0.0539199 -0.568
0 41 -0.0927999 -0.56584
1 41 -0.0949599 -0.56584
2 41 -0.0949599 -0.56584
0 42 -0.0517598 -0.57448
1 42 -0.0539199 -0.57448
2 42 -0.0539199 -0.57448
0 43 -0.0884799 -0.57448
1 43 -0.0906399 -0.57448
2 43 -0.0906399 -0.57448
0 44 -0.11008 -0.59392
1 44 -0.11008 -0.59608
2 44 -0.11224 -0.59608
0 45 -0.33256 -0.73648
1 45 -0.33472 -0.73864
2 45 -0.33472 -0.7408
0 46 -0.298 -0.73648
1 46 -0.30016 -0.73864
2 46 -0.30232 -0.73864
0 47 -0.32824 -0.73
1 47 -0.3304 -0.73216
2 47 -0.33472 -0.73216
0 48 -0.1144 -0.72568
1 48 -0.11656 -0.72784
2 48 -0.11656 -0.72784
0 49 -0.29584 -0.70192
1 49 -0.298 -0.70408
2 49 -0.30016 -0.70408
0 50 -0.30448 -0.70192
1 50 -0.30664 -0.70408
2 50 -0.3088 -0.70408
0 51 -0.29152 -0.70408
1 51 -0.29152 -0.7084
2 51 -0.29584 -0.70624
0 52 -0.1162 -0.7336
1 52 -0.116128 -0.735616
2 52 -0.11656 -0.73648
0 53 -0.0884799 -0.5572
1 53 -0.0906399 -0.5572
2 53 -0.0906399 -0.5572
0 54 -0.0517598 -0.65656
1 54 -0.0539199 -0.65656
2 54 -0.0539199 -0.65656
0 55 0.168992 -0.237952
1 55 0.169511 -0.231731
2 55 0.174176 -0.230176
0 56 -0.100576 -0.660448
1 56 -0.103168 -0.660448
2 56 -0.103168 -0.660448
0 57 -0.108352 -0.665632
1 57 -0.110944 -0.665632
2 57 -0.110944 -0.665632
0 58 -0.336448 -0.735616
1 58 -0.33904 -0.735616
2 58 -0.341632 -0.738208
0 59 -0.108352 -0.595648
1 59 -0.110944 -0.595648
2 59 -0.110944 -0.595648
0 60 -0.10576 -0.587872
1 60 -0.108352 -0.587872
2 60 -0.108352 -0.587872
0 61 -0.294976 -0.70192
1 61 -0.297568 -0.704512
2 61 -0.30016 -0.704512
0 62 -0.331264 -0.707104
1 62 -0.333856 -0.707104
2 62 -0.336448 -0.707104
0 63 -0.302752 -0.70192
1 63 -0.305344 -0.704512
2 63 -0.307936 -0.704512
0 64 -0.307936 -0.704512
1 64 -0.310528 -0.707104
2 64 -0.31312 -0.707104
0 65 -0.323488 -0.707104
1 65 -0.32608 -0.707104
2 65 -0.328672 -0.707104
0 66 -0.336448 -0.709696
1 66 -0.33904 -0.709696
2 66 -0.341632 -0.709696
0 67 -0.0876158 -0.574912
1 67 -0.0902078 -0.574912
2 67 -0.0902078 -0.574912
0 68 -0.0513278 -0.574912
1 68 -0.0539198 -0.574912
2 68 -0.0539198 -0.574912
0 69 -0.32608 -0.71488
1 69 -0.331264 -0.717472
2 69 -0.333856 -0.717472
0 70 0.00310421 -0.717472
1 70 0.00310421 -0.720064
2 70 0.00310421 -0.720064
0 71 -0.0513278 -0.567136
1 71 -0.0513278 -0.567136
2 71 -0.0513278 -0.567136
0 72 -0.0876158 -0.556768
1 72 -0.0902078 -0.55936
2 72 -0.0902078 -0.556768
0 73 -0.116128 -0.733024
1 73 -0.116128 -0.735616
2 73 -0.116128 -0.735616
0 74 -0.0699902 -0.567654
1 74 -0.0699902 -0.567654
2 74 -0.0699902 -0.567654
0 75 -0.0575485 -0.573875
1 75 -0.0575485 -0.573875
2 75 -0.0575485 -0.573875
0 76 -0.0855422 -0.573875
1 76 -0.0886525 -0.576985
2 76 -0.0886525 -0.573875
0 77 -0.30327 -0.704512
1 77 -0.306381 -0.704512
2 77 -0.309491 -0.704512
0 78 -0.107315 -0.589427
1 78 -0.107315 -0.589427
2 78 -0.107315 -0.589427
0 79 0.1664 -0.234841
1 79 0.169511 -0.231731
2 79 0.172621 -0.228621
0 80 -0.113536 -0.732506
1 80 -0.116646 -0.735616
2 80 -0.116646 -0.735616
0 81 -0.331264 -0.735616
1 81 -0.334374 -0.738726
2 81 -0.337485 -0.738726
0 82 -0.0917629 -0.564544
1 82 -0.0948734 -0.567654
2 82 -0.0948734 -0.564544
0 83 -0.0544381 -0.664077
1 83 -0.0544381 -0.664077
2 83 -0.0544381 -0.664077
0 84 -0.0886525 -0.555213
1 84 -0.0886525 -0.558323
2 84 -0.0886525 -0.555213
0 85 0.00154908 -0.716954
1 85 0.00154908 -0.720064
2 85 0.00154908 -0.720064
0 86 -0.107937 -0.667809
1 86 -0.111669 -0.667809
2 86 -0.111669 -0.667809
0 87 -0.0556823 -0.585695
1 87 -0.0556823 -0.585695
2 87 -0.0556823 -0.585695
0 88 -0.107937 -0.589427
1 88 -0.107937 -0.589427
2 88 -0.107937 -0.589427
0 89 -0.0855421 -0.57823
1 89 -0.0892746 -0.57823
2 89 -0.0892746 -0.57823
0 90 0.1664 -0.234841
1 90 0.168267 -0.234841
2 90 0.171999 -0.231109
0 91 -0.343705 -0.241062
1 91 -0.346816 -0.238574
2 91 -0.350548 -0.234841
0 92 -0.0556823 -0.57823
1 92 -0.0556823 -0.57823
2 92 -0.0556823 -0.57823
0 93 -0.302026 -0.734994
1 93 -0.302026 -0.738726
2 93 -0.305759 -0.738726
0 94 -0.312601 -0.732506
1 94 -0.313223 -0.738726
2 94 -0.316956 -0.738726
0 95 -0.331886 -0.708866
1 95 -0.331886 -0.708866
2 95 -0.335618 -0.708866
0 96 -0.0556823 -0.559567
1 96 -0.0594147 -0.559567
2 96 -0.0594147 -0.559567
0 97 -0.0855421 -0.555835
1 97 -0.0892746 -0.559567
2 97 -0.0892746 -0.555835
