90
0 0 0.0625001 -0.72875
1 0 0.06375 -0.72625
2 0 0.0583333 -0.726042
0 1 0.438542 -0.815625
1 1 0.442708 -0.811458
2 1 0.440625 -0.8125
0 2 0.0875 -0.678125
1 2 0.0885417 -0.675
2 2 0.0833333 -0.673958
0 3 0.0625001 -0.72875
1 3 0.06375 -0.72625
2 3 0.0575 -0.72625
0 4 0.0975001 -0.58625
1 4 0.0987501 -0.58375
2 4 0.0925001 -0.5825
0 5 -0.11625 -0.71625
1 5 -0.115 -0.71375
2 5 -0.1225 -0.7125
0 6 -0.11375 -0.69875
1 6 -0.1125 -0.6975
2 6 -0.12 -0.69625
0 7 0.03375 -0.65
1 7 0.035 -0.6475
2 7 0.02875 -0.64625
0 8 0.42375 -0.805
1 8 0.42625 -0.8
2 8 0.42375 -0.80125
0 9 0.4325 -0.8125
1 9 0.43625 -0.8075
2 9 0.43375 -0.81
0 10 0.104 -0.586
1 10 0.104 -0.5815
2 10 0.0995 -0.5815
0 11 0.0725001 -0.61
1 11 0.074 -0.6085
2 11 0.068 -0.607
0 12 -0.0999999 -0.694
1 12 -0.0984999 -0.6925
2 12 -0.106 -0.691
0 13 0.032 -0.6505
1 13 0.0335 -0.6475
2 13 0.0275 -0.6475
0 14 0.269 -0.3175
1 14 0.26875 -0.31375
2 14 0.2645 -0.313
0 15 -0.451 -0.5824
1 15 -0.4575 -0.58
2 15 -0.469 -0.5755
0 16 0.1325 -0.676
1 16 0.134 -0.6715
2 16 0.128 -0.6715
0 17 0.071 -0.6805
1 17 0.0725001 -0.676
2 17 0.0665 -0.676
0 18 0.0860001 -0.676
1 18 0.0875 -0.673
2 18 0.0815 -0.673
0 19 0.104 -0.5905
1 19 0.104 -0.586
2 19 0.0995 -0.586
0 20 0.134 -0.5935
1 20 0.134 -0.5905
2 20 0.1295 -0.5905
0 21 0.0215 -0.5995
1 21 0.023 -0.595
2 21 0.0170001 -0.5935
0 22 0.1322 -0.676
1 22 0.134 -0.6724
2 22 0.1286 -0.6724
0 23 -0.0909999 -0.694
1 23 -0.0891999 -0.6904
2 23 -0.0963999 -0.6904
0 24 0.269 -0.3175
1 24 0.2672 -0.3124
2 24 0.2636 -0.3124
0 25 -0.1126 -0.6958
1 25 -0.1108 -0.6922
2 25 -0.118 -0.6922
0 26 0.1034 -0.586
1 26 0.1052 -0.5824
2 26 0.0998001 -0.5824
0 27 0.1448 -0.6706
1 27 0.1466 -0.667
2 27 0.1394 -0.667
0 28 -0.0909999 -0.7138
1 28 -0.0909999 -0.712
2 28 -0.0981999 -0.7102
0 29 0.0854001 -0.676
1 29 0.0872002 -0.6724
2 29 0.0818001 -0.6724
0 30 -0.1216 -0.7156
1 30 -0.1216 -0.7138
2 30 -0.1288 -0.712
0 31 0.0728001 -0.6004
1 31 0.0746001 -0.5968
2 31 0.0692001 -0.5968
0 32 0.0620001 -0.73
1 32 0.0638001 -0.7264
2 32 0.0584001 -0.7264
0 33 0.0980001 -0.5932
1 33 0.0998001 -0.5896
2 33 0.0944002 -0.5896
0 34 0.0764001 -0.5878
1 34 0.0782001 -0.5842
2 34 0.0728001 -0.5842
0 35 -0.4564 -0.5896
1 35 -0.4636 -0.586
2 35 -0.4744 -0.5824
0 36 -0.451 -0.583
1 36 -0.45784 -0.58096
2 36 -0.469 -0.577
0 37 0.0627202 -0.73
1 37 0.0638001 -0.7264
2 37 0.0584002 -0.72784
0 38 0.1448 -0.66952
1 38 0.1448 -0.66736
2 38 0.14048 -0.6652
0 39 -0.45136 -0.58312
1 39 -0.45784 -0.58096
2 39 -0.46864 -0.57664
0 40 0.26792 -0.31744
1 40 0.26792 -0.31312
2 40 0.2636 -0.31096
0 41 -0.0992798 -0.69544
1 41 -0.0992798 -0.69328
2 41 -0.10576 -0.69112
0 42 0.0735202 -0.59824
1 42 0.0756802 -0.59608
2 42 0.0692001 -0.59608
0 43 -0.0906399 -0.71488
1 43 -0.0884799 -0.71272
2 43 -0.0949599 -0.71272
0 44 -0.11224 -0.7192
1 44 -0.11224 -0.71704
2 44 -0.11872 -0.71704
0 45 0.0713601 -0.68032
1 45 0.0735202 -0.676
2 45 0.0670401 -0.676
0 46 -0.0927999 -0.7192
1 46 -0.0927999 -0.71704
2 46 -0.0992798 -0.71704
0 47 0.12752 -0.5896
1 47 0.12968 -0.58528
2 47 0.1232 -0.58528
0 48 -0.11224 -0.3196
1 48 -0.11224 -0.31528
2 48 -0.11872 -0.31312
0 49 0.0627202 -0.730432
1 49 0.0653123 -0.725248
2 49 0.0601283 -0.725248
0 50 -0.113536 -0.704512
1 50 -0.113536 -0.70192
2 50 -0.121312 -0.70192
0 51 0.0730882 -0.59824
1 51 0.0756803 -0.595648
2 51 0.0704962 -0.595648
0 52 0.0730882 -0.678592
1 52 0.0730882 -0.676
2 52 0.0679043 -0.676
0 53 -0.453088 -0.58528
1 53 -0.45784 -0.58096
2 53 -0.471232 -0.577504
0 54 0.446336 -0.860032
1 54 0.45152 -0.854848
2 54 0.448928 -0.85744
0 55 0.0637571 -0.735616
1 55 0.0653123 -0.733024
2 55 0.0601283 -0.733024
0 56 -0.0927998 -0.720064
1 56 -0.0927998 -0.717472
2 56 -0.0979838 -0.717472
0 57 -0.0953918 -0.694144
1 57 -0.0953918 -0.691552
2 57 -0.100576 -0.691552
0 58 0.267488 -0.315712
1 58 0.26792 -0.31312
2 58 0.264896 -0.310528
0 59 0.130112 -0.587872
1 59 0.130112 -0.58528
2 59 0.124928 -0.58528
0 60 0.767744 -0.642304
1 60 0.778112 -0.631936
2 60 0.78848 -0.631936
0 61 0.435968 -0.815968
1 61 0.43856 -0.810784
2 61 0.435968 -0.813376
0 62 0.267488 -0.315712
1 62 0.267488 -0.31312
2 62 0.262823 -0.309491
0 63 0.132186 -0.595648
1 63 0.132186 -0.592537
2 63 0.125965 -0.592537
0 64 0.0979715 -0.595648
1 64 0.0979715 -0.592537
2 64 0.0917507 -0.592537
0 65 0.0730883 -0.598758
1 65 0.0761987 -0.592537
2 65 0.0699778 -0.592537
0 66 -0.0917629 -0.695181
1 66 -0.0917629 -0.69207
2 66 -0.0979837 -0.69207
0 67 -0.116646 -0.707622
1 67 -0.113536 -0.704512
2 67 -0.122867 -0.704512
0 68 0.0637571 -0.735616
1 68 0.0637571 -0.732506
2 68 0.0606467 -0.732506
0 69 0.141517 -0.682739
1 69 0.144628 -0.679629
2 69 0.138407 -0.679629
0 70 0.0761987 -0.604979
1 70 0.0761987 -0.601869
2 70 0.0699778 -0.601869
0 71 0.0730882 -0.683776
1 71 0.0730883 -0.676518
2 71 0.0668674 -0.676518
0 72 0.125965 -0.679629
1 72 0.129075 -0.676518
2 72 0.122855 -0.676518
0 73 0.0637571 -0.729395
1 73 0.0668674 -0.726285
2 73 0.0606467 -0.726285
0 74 0.0730883 -0.61431
1 74 0.0730883 -0.6112
2 74 0.0668674 -0.6112
0 75 -0.0948734 -0.720064
1 75 -0.0948734 -0.716954
2 75 -0.101094 -0.716954
0 76 -0.110425 -0.318822
1 76 -0.110944 -0.315712
2 76 -0.116646 -0.312601
0 77 -0.45136 -0.58312
1 77 -0.45784 -0.58096
2 77 -0.471232 -0.576985
0 78 0.766708 -0.642304
1 78 0.776039 -0.632973
2 78 0.788481 -0.632973
0 79 -0.116646 -0.720064
1 79 -0.113536 -0.716954
2 79 -0.119757 -0.716954
0 80 0.108547 -0.589427
1 80 0.108547 -0.585695
2 80 0.104814 -0.585695
0 81 0.142139 -0.682739
1 81 0.142139 -0.679007
2 81 0.138407 -0.679007
0 82 0.127209 -0.682739
1 82 0.127209 -0.679007
2 82 0.123477 -0.679007
0 83 0.0898844 -0.679007
1 83 0.093617 -0.675274
2 83 0.086152 -0.675274
0 84 0.0338973 -0.469988
1 84 0.0338973 -0.466255
2 84 0.0301648 -0.466255
0 85 -0.0855421 -0.701402
1 85 -0.0855421 -0.701402
2 85 -0.0930071 -0.697669
0 86 -0.116646 -0.707622
1 86 -0.113536 -0.704512
2 86 -0.122867 -0.705134
0 87 0.265311 -0.316956
1 87 0.265311 -0.313223
2 87 0.261579 -0.313223
0 88 -0.110425 -0.318822
1 88 -0.111669 -0.316956
2 88 -0.115402 -0.313223
0 89 -0.0930071 -0.720064
1 89 -0.0930071 -0.720064
2 89 -0.100472 -0.716331
