43
0 0 0.0552083 -0.765625
1 0 0.0354167 -0.766667
2 0 0.0208333 -0.765625
0 1 0.0520833 -0.692708
1 1 0.0325 -0.69375
2 1 0.01875 -0.691667
0 2 0.0770833 -0.66875
1 2 0.053125 -0.669792
2 2 0.040625 -0.667708
0 3 0.0541667 -0.816667
1 3 0.0333333 -0.817708
2 3 0.0177083 -0.815625
0 4 0.0550001 -0.765
1 4 0.035 -0.76625
2 4 0.02125 -0.765
0 5 0.0950001 -0.66625
1 5 0.075 -0.66625
2 5 0.0612501 -0.665
0 6 0.05375 -0.67
1 6 0.0325 -0.67
2 6 0.0187501 -0.6675
0 7 0.0525 -0.6925
1 7 0.0325 -0.69375
2 7 0.0187501 -0.69125
0 8 0.134375 -0.907292
1 8 0.10875 -0.91125
2 8 0.09 -0.91125
0 9 0.0950001 -0.6655
1 9 0.074 -0.667
2 9 0.0605 -0.6655
0 10 0.0965 -0.6685
1 10 0.0755 -0.67
2 10 0.062 -0.6685
0 11 0.074 -0.67
1 11 0.0530001 -0.67
2 11 0.0395 -0.6685
0 12 0.0530001 -0.6925
1 12 0.032 -0.694
2 12 0.0185 -0.691
0 13 0.137 -0.676
1 13 0.1175 -0.6775
2 13 0.104 -0.676
0 14 -0.2944 -0.9046
1 14 -0.3304 -0.91
2 14 -0.361 -0.9082
0 15 0.0314001 -0.667
1 15 0.00980008 -0.6688
2 15 -0.00459989 -0.6652
0 16 0.0540801 -0.6868
1 16 0.0324802 -0.68896
2 16 0.0195201 -0.6868
0 17 0.0540801 -0.69328
1 17 0.0346401 -0.69328
2 17 0.0195201 -0.69112
0 18 0.0519201 -0.6976
1 18 0.0303202 -0.69976
2 18 0.0173601 -0.6976
0 19 0.0476002 -0.67384
1 19 0.0260002 -0.67384
2 19 0.0130402 -0.67168
0 20 0.0692001 -0.80344
1 20 0.0454402 -0.8056
2 20 0.0324802 -0.80344
0 21 0.0562401 -0.82072
1 21 0.0346401 -0.82288
2 21 0.0195201 -0.82072
0 22 0.13184 -0.60688
1 22 0.11456 -0.60904
2 22 0.1016 -0.60688
0 23 0.13616 -0.676
1 23 0.11672 -0.67816
2 23 0.10376 -0.676
0 24 -0.29584 -0.90496
1 24 -0.331264 -0.90928
2 24 -0.362368 -0.906688
0 25 0.0445763 -0.660448
1 25 0.0238403 -0.660448
2 25 0.00828826 -0.657856
0 26 0.109376 -0.849664
1 26 0.0860483 -0.854848
2 26 0.0679043 -0.852256
0 27 0.0964162 -0.665632
1 27 0.0756803 -0.668224
2 27 0.0627202 -0.665632
0 28 0.0186562 -0.847072
1 28 -0.00467173 -0.849664
2 28 -0.0202237 -0.847072
0 29 0.0523523 -0.699328
1 29 0.0316163 -0.70192
2 29 0.0186562 -0.699328
0 30 -0.0171134 -0.707622
1 30 -0.0388861 -0.707622
2 30 -0.0544381 -0.704512
0 31 0.0699778 -0.670297
1 31 0.0513155 -0.670297
2 31 0.0357635 -0.667187
0 32 0.107303 -0.850701
1 32 0.0824195 -0.853811
2 32 0.0668674 -0.850701
0 33 0.0450947 -0.660966
1 33 0.0233219 -0.660966
2 33 0.0108803 -0.657856
0 34 0.125965 -0.828928
1 34 0.104192 -0.832038
2 34 0.0886403 -0.828928
0 35 0.129075 -0.6112
1 35 0.110413 -0.6112
2 35 0.0979715 -0.6112
0 36 0.104814 -0.835771
1 36 0.0824195 -0.835771
2 36 0.0637571 -0.835771
0 37 0.0973494 -0.667809
1 37 0.078687 -0.667809
2 37 0.0637571 -0.667809
0 38 0.127209 -0.835771
1 38 0.104814 -0.839503
2 38 0.0898844 -0.839503
0 39 -0.014625 -0.712599
1 39 -0.0370199 -0.712599
2 39 -0.0519498 -0.708866
0 40 -0.014625 -0.720064
1 40 -0.0370199 -0.720064
2 40 -0.0519498 -0.716331
0 41 0.000304921 -0.686472
1 41 -0.02209 -0.686472
2 41 -0.0370199 -0.682739
0 42 -0.0108925 -0.667809
1 42 -0.0332874 -0.667809
2 42 -0.0482173 -0.664077
