69
0 0 0.1 -0.636458
1 0 0.110417 -0.644792
2 0 0.1125 -0.648958
0 1 0.198958 -0.445833
1 1 0.21 -0.4525
2 1 0.213542 -0.45625
0 2 0.0333333 -0.848958
1 2 0.0416667 -0.859375
2 2 0.0416667 -0.864583
0 3 -0.32375 -0.91125
1 3 -0.3275 -0.92125
2 3 -0.34 -0.93125
0 4 0.0437501 -0.6375
1 4 0.0525 -0.645
2 4 0.0550001 -0.64875
0 5 0.1 -0.6375
1 5 0.11125 -0.645
2 5 0.1125 -0.64875
0 6 0.198958 -0.445833
1 6 0.21 -0.4525
2 6 0.21375 -0.45625
0 7 0.03375 -0.84875
1 7 0.04125 -0.86
2 7 0.04125 -0.86375
0 8 0.197 -0.445
1 8 0.21 -0.4525
2 8 0.2135 -0.4555
0 9 0.0725001 -0.634
1 9 0.0815 -0.6415
2 9 0.0830001 -0.646
0 10 0.035 -0.634
1 10 0.0455001 -0.643
2 10 0.0470001 -0.646
0 11 0.0335 -0.85
1 11 0.041 -0.8605
2 11 0.041 -0.865
0 12 0.0368001 -0.6706
1 12 0.0458001 -0.6778
2 12 0.0476001 -0.6814
0 13 0.3842 -0.3988
1 13 0.4022 -0.4024
2 13 0.4094 -0.4042
0 14 0.1088 -0.7498
1 14 0.1178 -0.7588
2 14 0.1196 -0.7642
0 15 0.0350001 -0.658
1 15 0.0440001 -0.6652
2 15 0.0458001 -0.6688
0 16 -0.0153999 -0.73
1 16 -0.00639992 -0.739
2 16 -0.00639992 -0.7426
0 17 0.0422001 -0.6382
1 17 0.0512001 -0.6454
2 17 0.0530001 -0.649
0 18 0.1016 -0.6364
1 18 0.1106 -0.6454
2 18 0.1142 -0.649
0 19 0.0346401 -0.85096
1 19 0.0422001 -0.8614
2 19 0.0422001 -0.865
0 20 -0.0531999 -0.523
1 20 -0.0459999 -0.5284
2 20 -0.0441999 -0.5302
0 21 0.0566001 -0.7498
1 21 0.0656001 -0.7588
2 21 0.0674001 -0.7606
0 22 0.0476001 -0.748
1 22 0.0548001 -0.757
2 22 0.0566001 -0.7606
0 23 -0.0567999 -0.4636
1 23 -0.0495999 -0.4672
2 23 -0.0477999 -0.469
0 24 0.197 -0.4456
1 24 0.209 -0.4525
2 24 0.2132 -0.4564
0 25 0.0389601 -0.75376
1 25 0.0476002 -0.7624
2 25 0.0497601 -0.76672
0 26 0.10808 -0.74944
1 26 0.11672 -0.75808
2 26 0.11888 -0.7624
0 27 0.0540801 -0.63712
1 27 0.0627202 -0.6436
2 27 0.0648802 -0.64792
0 28 -0.3088 -0.89416
1 28 -0.31312 -0.9028
2 28 -0.32392 -0.91144
0 29 0.0368001 -0.67168
1 29 0.0454402 -0.67816
2 29 0.0476002 -0.68248
0 30 -0.0517598 -0.52264
1 30 -0.0452799 -0.52912
2 30 -0.0431199 -0.53128
0 31 0.11456 -0.73
1 31 0.12536 -0.73864
2 31 0.12536 -0.74296
0 32 0.10376 -0.7408
1 32 0.11456 -0.74944
2 32 0.11456 -0.75376
0 33 0.0332001 -0.8506
1 33 0.0411201 -0.86176
2 33 0.0411201 -0.86608
0 34 -0.0567999 -0.4636
1 34 -0.0495998 -0.46648
2 34 -0.0474399 -0.46864
0 35 0.106784 -0.733024
1 35 0.11456 -0.743392
2 35 0.117152 -0.745984
0 36 0.0393922 -0.639712
1 36 0.0497602 -0.647488
2 36 0.0523523 -0.65008
0 37 0.0393922 -0.75376
1 37 0.0482051 -0.760499
2 37 0.0497602 -0.76672
0 38 -0.310528 -0.893728
1 38 -0.31312 -0.904096
2 38 -0.323488 -0.911872
0 39 -0.359776 -0.901504
1 39 -0.36496 -0.911872
2 39 -0.37792 -0.919648
0 40 0.71288 -0.44272
1 40 0.739232 -0.450496
2 40 0.752192 -0.453088
0 41 0.0601283 -0.644896
1 41 0.0704962 -0.655264
2 41 0.0730882 -0.657856
0 42 0.106784 -0.748576
1 42 0.117152 -0.758944
2 42 0.117152 -0.761536
0 43 0.0342082 -0.852256
1 43 0.0419842 -0.862624
2 43 0.0419842 -0.867808
0 44 -0.0567999 -0.4636
1 44 -0.0487357 -0.466048
2 44 -0.0461438 -0.46864
0 45 -0.354592 -0.891136
1 45 -0.359776 -0.901504
2 45 -0.372736 -0.90928
0 46 -0.0513278 -0.523072
1 46 -0.0435518 -0.528256
2 46 -0.0435518 -0.53344
0 47 -0.0357758 -0.657856
1 47 -0.0279998 -0.66304
2 47 -0.0279998 -0.668224
0 48 0.0513155 -0.744947
1 48 0.0575363 -0.754278
2 48 0.0606467 -0.757389
0 49 0.407456 -0.704512
1 49 0.421453 -0.713843
2 49 0.427674 -0.720064
0 50 0.0357635 -0.673408
1 50 0.0450947 -0.679629
2 50 0.0482051 -0.68585
0 51 0.0388739 -0.664077
1 51 0.0482051 -0.670297
2 51 0.0513155 -0.676518
0 52 0.0388739 -0.639194
1 52 0.0482051 -0.645414
2 52 0.0513155 -0.651635
0 53 0.0761987 -0.636083
1 53 0.0855298 -0.642304
2 53 0.0886403 -0.648525
0 54 0.713312 -0.44272
1 54 0.738714 -0.452569
2 54 0.751156 -0.45568
0 55 0.194394 -0.44386
1 55 0.207872 -0.450496
2 55 0.209946 -0.45568
0 56 0.0357635 -0.853811
1 56 0.0419843 -0.863142
2 56 0.0419843 -0.866253
0 57 0.104192 -0.741837
1 57 0.113523 -0.751168
2 57 0.113523 -0.754278
0 58 -0.0513278 -0.524109
1 58 -0.045107 -0.530329
2 58 -0.0419965 -0.53344
0 59 -0.0357758 -0.660966
1 59 -0.0295549 -0.664077
2 59 -0.0264446 -0.670297
0 60 -0.0295549 -0.734994
1 60 -0.02209 -0.742459
2 60 -0.02209 -0.746191
0 61 0.0525597 -0.746191
1 61 0.0600246 -0.753656
2 61 0.0600246 -0.757389
0 62 0.0376298 -0.637949
1 62 0.0450947 -0.645414
2 62 0.0488272 -0.649147
0 63 0.0973494 -0.645414
1 63 0.104814 -0.652879
2 63 0.108547 -0.660344
0 64 0.0637571 -0.649147
1 64 0.0712221 -0.656612
2 64 0.0749546 -0.660344
0 65 0.0376298 -0.664077
1 65 0.0488272 -0.671542
2 65 0.0488272 -0.675274
0 66 -0.0370199 -0.664077
1 66 -0.0295549 -0.667809
2 66 -0.0295549 -0.671542
0 67 0.194394 -0.44386
1 67 0.205591 -0.451325
2 67 0.209324 -0.455058
0 68 -0.0556823 -0.462523
1 68 -0.0482173 -0.466255
2 68 -0.0482173 -0.469988
