57
0 0 -0.10125 -0.745
1 0 -0.09125 -0.74125
2 0 -0.08625 -0.73625
0 1 -0.09125 -0.6725
1 1 -0.08375 -0.6675
2 1 -0.08 -0.6625
0 2 -0.1175 -0.67
1 2 -0.11 -0.66625
2 2 -0.10625 -0.66125
0 3 -0.0949999 -0.67625
1 3 -0.08625 -0.67125
2 3 -0.08375 -0.66625
0 4 -0.3025 -0.6745
1 4 -0.298 -0.6745
2 4 -0.298 -0.67
0 5 0.176 -0.3415
1 5 0.1805 -0.3235
2 5 0.188 -0.31
0 6 -0.109 -0.6706
1 6 -0.0999999 -0.667
2 6 -0.0963999 -0.6616
0 7 -0.2692 -0.8056
1 7 -0.2602 -0.8056
2 7 -0.2584 -0.802
0 8 -0.0225999 -0.6832
1 8 -0.0135999 -0.676
2 8 -0.00999991 -0.6706
0 9 -0.1378 -0.6706
1 9 -0.1306 -0.667
2 9 -0.127 -0.6616
0 10 0.176 -0.3415
1 10 0.1808 -0.3232
2 10 0.188 -0.3106
0 11 -0.0261999 -0.6814
1 11 -0.0171999 -0.676
2 11 -0.0135999 -0.6688
0 12 -0.133 -0.814
1 12 -0.1216 -0.811
2 12 -0.1162 -0.8074
0 13 -0.0949599 -0.7624
1 13 -0.0841599 -0.75808
2 13 -0.0798399 -0.75376
0 14 -0.13384 -0.81424
1 14 -0.12088 -0.80992
2 14 -0.11656 -0.8056
0 15 -0.27424 -0.80992
1 15 -0.2656 -0.80992
2 15 -0.26344 -0.8056
0 16 -0.0582399 -0.81856
1 16 -0.0452799 -0.81424
2 16 -0.0409599 -0.80992
0 17 -0.0582399 -0.67384
1 17 -0.0495998 -0.66736
2 17 -0.0474399 -0.66304
0 18 -0.302752 -0.678592
1 18 -0.297568 -0.678592
2 18 -0.297568 -0.673408
0 19 -0.142048 -0.707104
1 19 -0.13168 -0.704512
2 19 -0.129088 -0.699328
0 20 -0.269056 -0.803008
1 20 -0.26128 -0.803008
2 20 -0.258688 -0.800416
0 21 -0.13168 -0.813376
1 21 -0.121312 -0.810784
2 21 -0.116128 -0.8056
0 22 -0.0591038 -0.81856
1 22 -0.0461438 -0.813376
2 22 -0.0409598 -0.808192
0 23 -0.27424 -0.810784
1 23 -0.266464 -0.810784
2 23 -0.263872 -0.808192
0 24 -0.0565118 -0.673408
1 24 -0.0487357 -0.668224
2 24 -0.0461438 -0.66304
0 25 -0.0953918 -0.668224
1 25 -0.0876158 -0.66304
2 25 -0.0850238 -0.657856
0 26 -0.0279998 -0.683776
1 26 -0.0202237 -0.678592
2 26 -0.0150398 -0.670816
0 27 -0.152416 -0.836704
1 27 -0.139456 -0.834112
2 27 -0.134272 -0.828928
0 28 -0.10576 -0.738208
1 28 -0.0953918 -0.735616
2 28 -0.0902078 -0.730432
0 29 -0.289792 -0.44272
1 29 -0.292384 -0.440128
2 29 -0.292384 -0.432352
0 30 0.17504 -0.3412
1 30 0.17936 -0.323488
2 30 0.187136 -0.310528
0 31 -0.399693 -0.343705
1 31 -0.409024 -0.340595
2 31 -0.419392 -0.333856
0 32 -0.272166 -0.804045
1 32 -0.262835 -0.804045
2 32 -0.259725 -0.800934
0 33 -0.122867 -0.670297
1 33 -0.116646 -0.667187
2 33 -0.113536 -0.660966
0 34 -0.14464 -0.720064
1 34 -0.135309 -0.716954
2 34 -0.132198 -0.710733
0 35 -0.14464 -0.704512
1 35 -0.135309 -0.704512
2 35 -0.132198 -0.698291
0 36 -0.132198 -0.813376
1 36 -0.119757 -0.810266
2 36 -0.116646 -0.807155
0 37 -0.272166 -0.443238
1 37 -0.275277 -0.437017
2 37 -0.275277 -0.430797
0 38 0.174176 -0.341632
1 38 0.17936 -0.323488
2 38 0.185063 -0.309491
0 39 -0.399693 -0.343705
1 39 -0.409024 -0.340595
2 39 -0.418355 -0.331264
0 40 -0.104205 -0.738726
1 40 -0.0948734 -0.735616
2 40 -0.0917629 -0.729395
0 41 -0.150861 -0.835149
1 41 -0.138419 -0.832038
2 41 -0.135309 -0.828928
0 42 -0.0482173 -0.791603
1 42 -0.0388861 -0.785382
2 42 -0.0326653 -0.779162
0 43 0.171999 -0.339351
1 43 0.179464 -0.324421
2 43 0.183197 -0.309491
0 44 -0.111669 -0.664077
1 44 -0.104205 -0.660344
2 44 -0.100472 -0.656612
0 45 -0.141529 -0.690204
1 45 -0.134064 -0.690204
2 45 -0.130332 -0.682739
0 46 -0.0556823 -0.675274
1 46 -0.0482173 -0.667809
2 46 -0.0444848 -0.664077
0 47 -0.371699 -0.443238
1 47 -0.372943 -0.44386
2 47 -0.376676 -0.436395
0 48 -0.122867 -0.671542
1 48 -0.115402 -0.667809
2 48 -0.111669 -0.660344
0 49 -0.0258224 -0.813376
1 49 -0.014625 -0.805911
2 49 -0.0108925 -0.802178
0 50 -0.130332 -0.813376
1 50 -0.119134 -0.809643
2 50 -0.115402 -0.805911
0 51 -0.150861 -0.835149
1 51 -0.137797 -0.832038
2 51 -0.134064 -0.828306
0 52 -0.272166 -0.802178
1 52 -0.260969 -0.802178
2 52 -0.260969 -0.802178
0 53 -0.0407523 -0.809643
1 53 -0.0295549 -0.802178
2 53 -0.02209 -0.798446
0 54 -0.272166 -0.813376
1 54 -0.264701 -0.813376
2 54 -0.260969 -0.809643
0 55 -0.399071 -0.346816
1 55 -0.410268 -0.343083
2 55 -0.417733 -0.335618
0 56 -0.0332874 -0.667809
1 56 -0.0258224 -0.664077
2 56 -0.02209 -0.656612
