68
0 0 -0.108333 -0.585417
1 0 -0.117708 -0.584375
2 0 -0.120833 -0.583333
0 1 -0.135417 -0.729167
1 1 -0.145833 -0.73125
2 1 -0.147917 -0.73125
0 2 -0.078125 -0.647917
1 2 -0.0885417 -0.647917
2 2 -0.090625 -0.647917
0 3 -0.0291667 -0.651042
1 3 -0.0385417 -0.651042
2 3 -0.0416667 -0.651042
0 4 -0.0175 -0.915
1 4 -0.0249999 -0.9175
2 4 -0.0249999 -0.92
0 5 -0.07125 -0.6075
1 5 -0.0812499 -0.60625
2 5 -0.0824999 -0.60625
0 6 -0.03 -0.65125
1 6 -0.0387499 -0.65125
2 6 -0.04125 -0.65125
0 7 -0.0775 -0.6475
1 7 -0.088 -0.6475
2 7 -0.09125 -0.6475
0 8 -0.12625 -0.6
1 8 -0.13625 -0.59875
2 8 -0.14 -0.5975
0 9 -0.0639999 -0.76
1 9 -0.073 -0.7615
2 9 -0.0745 -0.7615
0 10 -0.127 -0.5995
1 10 -0.1375 -0.598
2 10 -0.1405 -0.598
0 11 -0.139 -0.727
1 11 -0.148 -0.727
2 11 -0.151 -0.7285
0 12 -0.0294999 -0.652
1 12 -0.04 -0.652
2 12 -0.0415 -0.652
0 13 -0.0309999 -0.643
1 13 -0.0415 -0.643
2 13 -0.043 -0.643
0 14 -0.034 -0.8155
1 14 -0.0445 -0.817
2 14 -0.0445 -0.817
0 15 -0.1915 -0.6445
1 15 -0.202 -0.6445
2 15 -0.205 -0.6445
0 16 -0.0175 -0.9115
1 16 -0.0261999 -0.9136
2 16 -0.0261999 -0.9154
0 17 -0.0297999 -0.6526
1 17 -0.0405999 -0.6526
2 17 -0.0423999 -0.6526
0 18 -0.0315999 -0.6436
1 18 -0.0423999 -0.6436
2 18 -0.0441999 -0.6436
0 19 -0.0207999 -0.766
1 19 -0.0297999 -0.7678
2 19 -0.0315999 -0.7678
0 20 -0.1756 -0.919
1 20 -0.18352 -0.92224
2 20 -0.18568 -0.9244
0 21 -0.1684 -0.9154
1 21 -0.17488 -0.91792
2 21 -0.17704 -0.92008
0 22 -0.0193598 -0.91576
1 22 -0.0258399 -0.91792
2 22 -0.0279999 -0.92008
0 23 -0.0323199 -0.65224
1 23 -0.0409599 -0.6544
2 23 -0.0431199 -0.6544
0 24 -0.0971199 -0.72136
1 24 -0.10576 -0.72136
2 24 -0.10792 -0.72136
0 25 -0.13816 -0.72784
1 25 -0.14896 -0.73
2 25 -0.15112 -0.73
0 26 -0.0971199 -0.75592
1 26 -0.10576 -0.75592
2 26 -0.10792 -0.75808
0 27 -0.0841599 -0.72136
1 27 -0.0927999 -0.72136
2 27 -0.0949599 -0.72136
0 28 -0.0369999 -0.6976
1 28 -0.0474399 -0.6976
2 28 -0.0495998 -0.6976
0 29 -0.20512 -0.6652
1 29 -0.21592 -0.6652
2 29 -0.21808 -0.6652
0 30 -0.0733599 -0.7732
1 30 -0.0819998 -0.7732
2 30 -0.0841599 -0.7732
0 31 -0.0884799 -0.784
1 31 -0.0949599 -0.78616
2 31 -0.0992798 -0.78616
0 32 -0.0711999 -0.76672
1 32 -0.0798399 -0.76672
2 32 -0.0819998 -0.76672
0 33 -0.0193598 -0.77968
1 33 -0.0279999 -0.77968
2 33 -0.0301599 -0.77968
0 34 -0.11872 -0.75592
1 34 -0.12736 -0.75592
2 34 -0.12952 -0.75808
0 35 -0.0798399 -0.76456
1 35 -0.0884799 -0.76456
2 35 -0.0906399 -0.76456
0 36 0.00872014 -0.61336
1 36 8.01722e-05 -0.61336
2 36 -0.00207984 -0.61336
0 37 -0.20944 -0.647488
1 37 -0.219808 -0.647488
2 37 -0.2224 -0.647488
0 38 -0.0305918 -0.655264
1 38 -0.0409598 -0.655264
2 38 -0.0435518 -0.655264
0 39 -0.129088 -0.593056
1 39 -0.139456 -0.590464
2 39 -0.142048 -0.590464
0 40 -0.0953918 -0.720064
1 40 -0.10576 -0.720064
2 40 -0.108352 -0.720064
0 41 -0.0876158 -0.784864
1 41 -0.0953918 -0.784864
2 41 -0.0979838 -0.784864
0 42 -0.0798398 -0.655264
1 42 -0.0902078 -0.655264
2 42 -0.0927998 -0.655264
0 43 -0.0383678 -0.699328
1 43 -0.0487357 -0.699328
2 43 -0.0513278 -0.699328
0 44 -0.0798398 -0.764128
1 44 -0.0876158 -0.764128
2 44 -0.0902078 -0.764128
0 45 0.00310421 -0.616384
1 45 -0.00467173 -0.613792
2 45 -0.00726376 -0.613792
0 46 -0.076211 -0.601869
1 46 -0.0855422 -0.601869
2 46 -0.0886525 -0.601869
0 47 -0.045107 -0.598758
1 47 -0.0544381 -0.598758
2 47 -0.0575485 -0.598758
0 48 -0.0326653 -0.654746
1 48 -0.0419965 -0.654746
2 48 -0.045107 -0.654746
0 49 -0.0357758 -0.825818
1 49 -0.045107 -0.825818
2 49 -0.0482173 -0.825818
0 50 -0.0388861 -0.772941
1 50 -0.0482173 -0.772941
2 50 -0.0513278 -0.772941
0 51 -0.0295549 -0.776051
1 51 -0.0388861 -0.776051
2 51 -0.0419965 -0.776051
0 52 -0.0326653 -0.68585
1 52 -0.0419965 -0.682739
2 52 -0.045107 -0.68585
0 53 -0.113536 -0.604979
1 53 -0.122867 -0.601869
2 53 -0.125977 -0.601869
0 54 -0.101094 -0.620531
1 54 -0.110425 -0.617421
2 54 -0.113536 -0.617421
0 55 0.0077699 -0.552102
1 55 -0.00156136 -0.548992
2 55 -0.00467173 -0.548992
0 56 0.0077699 -0.61431
1 56 -0.00156136 -0.61431
2 56 -0.00156136 -0.61431
0 57 -0.137797 -0.731261
1 57 -0.148994 -0.731261
2 57 -0.152727 -0.731261
0 58 -0.0407523 -0.600625
1 58 -0.0519498 -0.600625
2 58 -0.0556823 -0.600625
0 59 -0.0780772 -0.604357
1 59 -0.0892746 -0.600625
2 59 -0.0892746 -0.600625
0 60 -0.0370199 -0.776051
1 60 -0.0482173 -0.776051
2 60 -0.0482173 -0.776051
0 61 -0.208714 -0.645414
1 61 -0.219911 -0.645414
2 61 -0.223644 -0.645414
0 62 -0.197517 -0.649147
1 62 -0.208714 -0.649147
2 62 -0.212446 -0.649147
0 63 -0.0818097 -0.776051
1 63 -0.0892746 -0.776051
2 63 -0.0930071 -0.776051
0 64 -0.197517 -0.667809
1 64 -0.208714 -0.667809
2 64 -0.212446 -0.667809
0 65 -0.134064 -0.813376
1 65 -0.141529 -0.817108
2 65 -0.145262 -0.817108
0 66 -0.130332 -0.596892
1 66 -0.141529 -0.596892
2 66 -0.145262 -0.596892
0 67 -0.00716 -0.809643
1 67 -0.0183575 -0.809643
2 67 -0.0183575 -0.809643
