29
0 0 -0.00499999 -0.5575
1 0 -0.00624994 -0.555
2 0 -0.0499999 -0.55125
0 1 -0.00124995 -0.55875
1 1 -0.00374997 -0.55625
2 1 -0.04625 -0.5525
0 2 0.06625 -0.56875
1 2 0.06375 -0.56625
2 2 0.0225 -0.5625
0 3 0.0850001 -0.63125
1 3 0.0800001 -0.63
2 3 0.0362501 -0.6275
0 4 0.0375001 -0.6325
1 4 0.0325 -0.63125
2 4 -0.01125 -0.62875
0 5 0.0250001 -0.755
1 5 0.02125 -0.75375
2 5 -0.0225 -0.7525
0 6 -0.052 -0.925
1 6 -0.055 -0.9265
2 6 -0.0955 -0.9265
0 7 0.0395 -0.6775
1 7 0.035 -0.676
2 7 -0.00849997 -0.673
0 8 0.068 -0.577
1 8 0.0665 -0.574
2 8 0.026 -0.5695
0 9 0.0395 -0.577
1 9 0.035 -0.574
2 9 -0.00549997 -0.571
0 10 0.0692001 -0.577
1 10 0.0674001 -0.5734
2 10 0.0260001 -0.5698
0 11 0.0332001 -0.7714
1 11 0.0296001 -0.7696
2 11 -0.0135999 -0.7678
0 12 0.0350001 -0.6382
1 12 0.0314001 -0.6364
2 12 -0.0117999 -0.6346
0 13 0.0386001 -0.6328
1 13 0.0332001 -0.631
2 13 -0.00999991 -0.6292
0 14 -0.0963999 -0.6256
1 14 -0.0999999 -0.6238
2 14 -0.1432 -0.6238
0 15 -0.0531999 -0.9244
1 15 -0.0560799 -0.92656
2 15 -0.0971199 -0.92656
0 16 -0.0495998 -0.92008
1 16 -0.0517598 -0.92224
2 16 -0.0927999 -0.92224
0 17 0.15776 -0.92008
1 17 0.15776 -0.92008
2 17 0.11888 -0.91792
0 18 0.0843202 -0.62632
1 18 0.0800002 -0.62416
2 18 0.0368001 -0.622
0 19 -0.0971199 -0.65008
1 19 -0.10144 -0.65008
2 19 -0.14464 -0.64792
0 20 0.0471682 -0.758944
1 20 0.0419842 -0.758944
2 20 0.00051225 -0.756352
0 21 0.0860483 -0.639712
1 21 0.0808642 -0.63712
2 21 0.0368003 -0.634528
0 22 0.0855298 -0.639194
1 22 0.0793091 -0.639194
2 22 0.0357635 -0.636083
0 23 0.0171011 -0.76361
1 23 0.0139907 -0.76361
2 23 -0.0295549 -0.760499
0 24 0.000304921 -0.705134
1 24 -0.00342757 -0.705134
2 24 -0.0482173 -0.705134
0 25 -0.0295549 -0.720064
1 25 -0.0295549 -0.716331
2 25 -0.0743447 -0.716331
0 26 0.0712221 -0.574497
1 26 0.0674896 -0.570765
2 26 0.0264323 -0.567032
0 27 0.086152 -0.813376
1 27 0.086152 -0.813376
2 27 0.0413623 -0.809643
0 28 -0.0108925 -0.802178
1 28 -0.0183575 -0.805911
2 28 -0.0594147 -0.802178
