43
0 0 -0.0666667 -0.778125
1 0 -0.0885417 -0.780208
2 0 -0.096875 -0.780208
0 1 0.0260417 -0.546875
1 1 0.0104167 -0.546875
2 1 0.00104167 -0.545833
0 2 0.00500005 -0.91125
1 2 -0.0175 -0.915
2 2 -0.0249999 -0.9175
0 3 -0.0312499 -0.59875
1 3 -0.0475 -0.5975
2 3 -0.0574999 -0.59625
0 4 -0.10875 -0.60125
1 4 -0.12625 -0.6
2 4 -0.13625 -0.59875
0 5 -0.04625 -0.76125
1 5 -0.0675 -0.76125
2 5 -0.0762499 -0.7625
0 6 -0.0639999 -0.652
1 6 -0.082 -0.652
2 6 -0.091 -0.652
0 7 -0.013 -0.6505
1 7 -0.0294999 -0.652
2 7 -0.04 -0.652
0 8 -0.1135 -0.7315
1 8 -0.1345 -0.7315
2 8 -0.145 -0.7315
0 9 -0.0775 -0.7225
1 9 -0.097 -0.7225
2 9 -0.106 -0.7225
0 10 -0.1705 -0.6475
1 10 -0.1915 -0.6445
2 10 -0.202 -0.6445
0 11 -0.0135999 -0.6508
1 11 -0.0297999 -0.6526
2 11 -0.0405999 -0.6526
0 12 0.0260001 -0.6148
1 12 0.00980008 -0.613
2 12 0.000800069 -0.613
0 13 0.0432802 -0.91144
1 13 0.0216801 -0.91576
2 13 0.0152002 -0.91792
0 14 -0.18352 -0.66736
1 14 -0.20512 -0.6652
2 14 -0.21592 -0.6652
0 15 -0.18352 -0.65008
1 15 -0.20512 -0.64792
2 15 -0.21592 -0.64792
0 16 -0.0135999 -0.6922
1 16 -0.0344798 -0.69328
2 16 -0.0431199 -0.69328
0 17 -0.1792 -0.66952
1 17 -0.2008 -0.66736
2 17 -0.2116 -0.66736
0 18 -0.0517598 -0.77104
1 18 -0.0733599 -0.7732
2 18 -0.0819998 -0.7732
0 19 -0.0971199 -0.75592
1 19 -0.11872 -0.75592
2 19 -0.12736 -0.75592
0 20 -0.0128799 -0.65224
1 20 -0.0323199 -0.65224
2 20 -0.0409599 -0.6544
0 21 -0.0171998 -0.6976
1 21 -0.0369999 -0.6976
2 21 -0.0474399 -0.6976
0 22 -0.0776799 -0.72136
1 22 -0.0971199 -0.72136
2 22 -0.10576 -0.72136
0 23 -0.0755199 -0.75592
1 23 -0.0971199 -0.75592
2 23 -0.10576 -0.75592
0 24 8.01722e-05 -0.77536
1 24 -0.0193598 -0.77968
2 24 -0.0279999 -0.77968
0 25 -0.0603999 -0.7624
1 25 -0.0798399 -0.76456
2 25 -0.0884799 -0.76456
0 26 0.0445763 -0.911872
1 26 0.0212482 -0.917056
2 26 0.0160643 -0.919648
0 27 -0.188704 -0.65008
1 27 -0.20944 -0.647488
2 27 -0.219808 -0.647488
0 28 -0.18352 -0.668224
1 28 -0.204256 -0.665632
2 28 -0.214624 -0.665632
0 29 -0.0772478 -0.720064
1 29 -0.0953918 -0.720064
2 29 -0.10576 -0.720064
0 30 -0.0668798 -0.782272
1 30 -0.0876158 -0.784864
2 30 -0.0953918 -0.784864
0 31 -0.0140029 -0.822707
1 31 -0.0357758 -0.825818
2 31 -0.045107 -0.825818
0 32 -0.0264446 -0.601869
1 32 -0.045107 -0.598758
2 32 -0.0544381 -0.598758
0 33 -0.0295549 -0.61431
1 33 -0.045107 -0.6112
2 33 -0.0544381 -0.6112
0 34 -0.076211 -0.720064
1 34 -0.0948734 -0.720064
2 34 -0.104205 -0.720064
0 35 -0.0140029 -0.682739
1 35 -0.0326653 -0.68585
2 35 -0.0419965 -0.682739
0 36 0.0233219 -0.552102
1 36 0.0077699 -0.552102
2 36 -0.00156136 -0.548992
0 37 -0.113536 -0.813376
1 37 -0.134064 -0.813376
2 37 -0.14464 -0.816486
0 38 -0.119134 -0.749924
1 38 -0.137797 -0.749924
2 38 -0.148994 -0.749924
0 39 -0.0743447 -0.720064
1 39 -0.0930071 -0.720064
2 39 -0.104205 -0.720064
0 40 -0.0818097 -0.776051
1 40 -0.104205 -0.776051
2 40 -0.111669 -0.776051
0 41 -0.119134 -0.731261
1 41 -0.137797 -0.731261
2 41 -0.148994 -0.731261
0 42 -0.111669 -0.813376
1 42 -0.134064 -0.813376
2 42 -0.141529 -0.817108
