74
0 0 0.0645833 -0.791667
1 0 0.05625 -0.788542
2 0 0.0395833 -0.786458
0 1 0.0135417 -0.729167
1 1 0.00520833 -0.727083
2 1 -0.0125 -0.726042
0 2 -0.166667 -0.521875
1 2 -0.178 -0.52
2 2 -0.202083 -0.517708
0 3 -0.0187499 -0.71375
1 3 -0.0275 -0.7125
2 3 -0.0449999 -0.7125
0 4 -0.0187499 -0.7225
1 4 -0.0275 -0.72125
2 4 -0.0449999 -0.72125
0 5 -0.13 -0.69875
1 5 -0.14 -0.69875
2 5 -0.15875 -0.69875
0 6 0.203125 -0.442708
1 6 0.197917 -0.439583
2 6 0.18125 -0.43375
0 7 -0.166667 -0.521875
1 7 -0.178 -0.52
2 7 -0.20125 -0.51875
0 8 0.203125 -0.442708
1 8 0.197 -0.439
2 8 0.1805 -0.433
0 9 -0.1675 -0.5215
1 9 -0.178 -0.52
2 9 -0.202 -0.5185
0 10 -0.1675 -0.5215
1 10 -0.178 -0.52
2 10 -0.199 -0.52
0 11 -0.0175 -0.7255
1 11 -0.0249999 -0.7255
2 11 -0.043 -0.724
0 12 0.0530001 -0.691
1 12 0.0440001 -0.6895
2 12 0.026 -0.688
0 13 0.0245 -0.691
1 13 0.0170001 -0.6895
2 13 -0.000999959 -0.688
0 14 0.0365 -0.6925
1 14 0.029 -0.691
2 14 0.0110001 -0.6895
0 15 0.02 -0.694
1 15 0.0125001 -0.6925
2 15 -0.00549997 -0.691
0 16 0.0815 -0.6985
1 16 0.074 -0.697
2 16 0.056 -0.694
0 17 0.0530001 -0.6985
1 17 0.0455001 -0.6955
2 17 0.0275 -0.694
0 18 -0.0145 -0.817
1 18 -0.0234999 -0.8155
2 18 -0.04 -0.8155
0 19 0.0188001 -0.685
1 19 0.00980008 -0.6832
2 19 -0.00819988 -0.6814
0 20 0.0206001 -0.694
1 20 0.0134001 -0.6922
2 20 -0.00459989 -0.6904
0 21 0.0530001 -0.6976
1 21 0.0458001 -0.6958
2 21 0.0278001 -0.694
0 22 -0.1684 -0.523
1 22 -0.178 -0.52
2 22 -0.2008 -0.5194
0 23 0.0548001 -0.8218
1 23 0.0476001 -0.8182
2 23 0.0314001 -0.8182
0 24 0.0638001 -0.7948
1 24 0.0566001 -0.7948
2 24 0.0404001 -0.793
0 25 0.2024 -0.442
1 25 0.197 -0.439
2 25 0.1808 -0.433
0 26 -0.1666 -0.4474
1 26 -0.1756 -0.4456
2 26 -0.2008 -0.442
0 27 0.0242001 -0.6904
1 27 0.0170001 -0.6904
2 27 -0.000999896 -0.6886
0 28 -0.0135999 -0.8164
1 28 -0.0234999 -0.8155
2 28 -0.0387999 -0.8146
0 29 0.0216801 -0.69328
1 29 0.0130402 -0.69112
2 29 -0.00423985 -0.69112
0 30 0.2024 -0.442
1 30 0.19664 -0.4384
2 30 0.17936 -0.43192
0 31 -0.0193598 -0.71704
1 31 -0.0258399 -0.71704
2 31 -0.0452799 -0.71704
0 32 -0.16624 -0.44704
1 32 -0.1756 -0.4456
2 32 -0.19864 -0.44272
0 33 -0.1684 -0.52696
1 33 -0.1792 -0.52264
2 33 -0.2008 -0.52264
0 34 0.0605602 -0.80344
1 34 0.0519201 -0.80128
2 34 0.0346401 -0.79912
0 35 0.0540801 -0.82072
1 35 0.0454402 -0.81856
2 35 0.0303202 -0.8164
0 36 0.0540801 -0.69112
1 36 0.0454402 -0.68896
2 36 0.0281602 -0.6868
0 37 -0.13168 -0.69976
1 37 -0.14032 -0.69976
2 37 -0.15976 -0.69976
0 38 -0.0128799 -0.81424
1 38 -0.0215199 -0.81424
2 38 -0.0387999 -0.81424
0 39 -0.00207984 -0.8164
1 39 -0.0107199 -0.8164
2 39 -0.0279999 -0.81424
0 40 0.20096 -0.44272
1 40 0.194912 -0.437536
2 40 0.17936 -0.432352
0 41 0.0134722 -0.730432
1 41 0.00569623 -0.730432
2 41 -0.0124477 -0.72784
0 42 -0.165376 -0.447904
1 42 -0.175744 -0.445312
2 42 -0.199072 -0.44272
0 43 -0.0264446 -0.828928
1 43 -0.0331838 -0.828928
2 43 -0.0513278 -0.828928
0 44 -0.0202237 -0.717472
1 44 -0.0279998 -0.717472
2 44 -0.0461438 -0.717472
0 45 0.0627202 -0.797824
1 45 0.0549442 -0.795232
2 45 0.0393922 -0.79264
0 46 -0.0228158 -0.709696
1 46 -0.0305918 -0.707104
2 46 -0.0487357 -0.707104
0 47 0.0523523 -0.800416
1 47 0.0445763 -0.797824
2 47 0.0290243 -0.797824
0 48 -0.16624 -0.52264
1 48 -0.178336 -0.523072
2 48 -0.199072 -0.52048
0 49 0.56816 -0.63712
1 49 0.58544 -0.6328
2 49 0.604448 -0.626752
0 50 -0.0176318 -0.68896
1 50 -0.0254078 -0.68896
2 50 -0.0435518 -0.686368
0 51 0.0212482 -0.686368
1 51 0.0134722 -0.686368
2 51 -0.00467173 -0.683776
0 52 -0.0124477 -0.815968
1 52 -0.0202237 -0.813376
2 52 -0.0383678 -0.813376
0 53 0.200615 -0.440128
1 53 0.194912 -0.437536
2 53 0.178842 -0.430797
0 54 0.0482051 -0.698291
1 54 0.0419843 -0.698291
2 54 0.0233219 -0.695181
0 55 -0.0264446 -0.828928
1 55 -0.0331838 -0.828928
2 55 -0.0513278 -0.828928
0 56 -0.0108926 -0.813376
1 56 -0.0202237 -0.813376
2 56 -0.0357758 -0.813376
0 57 0.0544259 -0.810266
1 57 0.0450947 -0.807155
2 57 0.0295427 -0.807155
0 58 0.0637571 -0.797824
1 58 0.0544259 -0.794714
2 58 0.0388739 -0.794714
0 59 -0.110425 -0.800934
1 59 -0.119757 -0.800934
2 59 -0.135309 -0.804045
0 60 -0.02209 -0.720064
1 60 -0.0295549 -0.720064
2 60 -0.0482173 -0.716331
0 61 -0.02209 -0.690204
1 61 -0.0295549 -0.686472
2 61 -0.0482173 -0.686472
0 62 -0.0264446 -0.828928
1 62 -0.0332874 -0.820841
2 62 -0.0482173 -0.824573
0 63 0.0525597 -0.820841
1 63 0.0450947 -0.817108
2 63 0.0264323 -0.817108
0 64 0.0115024 -0.701402
1 64 0.00403741 -0.701402
2 64 -0.014625 -0.697669
0 65 -0.0108925 -0.813376
1 65 -0.0183575 -0.813376
2 65 -0.0332874 -0.813376
0 66 0.0525597 -0.809643
1 66 0.0450947 -0.809643
2 66 0.0264323 -0.805911
0 67 -0.166413 -0.446349
1 67 -0.178854 -0.44386
2 67 -0.197517 -0.44386
0 68 0.567642 -0.639194
1 68 0.586304 -0.641682
2 68 0.604967 -0.634217
0 69 0.0525597 -0.798446
1 69 0.0450947 -0.798446
2 69 0.0264323 -0.794714
0 70 0.0824195 -0.817108
1 70 0.0749546 -0.817108
2 70 0.0600246 -0.813376
0 71 0.200615 -0.440128
1 71 0.194394 -0.436395
2 71 0.179464 -0.432663
0 72 -0.163924 -0.525975
1 72 -0.178854 -0.525975
2 72 -0.201249 -0.525975
0 73 -0.00342757 -0.690204
1 73 -0.0108925 -0.686472
2 73 -0.0295549 -0.686472
