75
0 0 0.059375 -0.676042
1 0 0.0572917 -0.673958
2 0 0.0552083 -0.676042
0 1 0.186458 -0.646875
1 1 0.185417 -0.646875
2 1 0.183333 -0.647917
0 2 0.05375 -0.68625
1 2 0.0525 -0.68375
2 2 0.0500001 -0.68625
0 3 0.16125 -0.79375
1 3 0.15875 -0.7925
2 3 0.1575 -0.795
0 4 0.11 -0.7225
1 4 0.10875 -0.72125
2 4 0.10625 -0.72375
0 5 0.18625 -0.6475
1 5 0.185 -0.64625
2 5 0.18375 -0.6475
0 6 0.113 -0.6985
1 6 0.1115 -0.697
2 6 0.1085 -0.6985
0 7 0.1475 -0.6985
1 7 0.146 -0.697
2 7 0.1445 -0.6985
0 8 0.1085 -0.6955
1 8 0.107 -0.694
2 8 0.1055 -0.6955
0 9 -0.1105 -0.811
1 9 -0.1165 -0.811
2 9 -0.124 -0.817
0 10 0.0995 -0.631
1 10 0.0995 -0.6295
2 10 0.0965 -0.631
0 11 0.1505 -0.658
1 11 0.149 -0.6565
2 11 0.1475 -0.658
0 12 0.128 -0.6415
1 12 0.1265 -0.64
2 12 0.125 -0.6415
0 13 0.0530001 -0.6715
1 13 0.0500001 -0.67
2 13 0.0485001 -0.6715
0 14 0.0935 -0.6385
1 14 0.0920001 -0.637
2 14 0.0905 -0.6385
0 15 0.059 -0.676
1 15 0.0575 -0.6745
2 15 0.0545001 -0.676
0 16 0.1805 -0.577
1 16 0.1805 -0.5755
2 16 0.179 -0.577
0 17 0.1595 -0.772
1 17 0.158 -0.7705
2 17 0.1565 -0.7735
0 18 0.0575 -0.67
1 18 0.056 -0.6685
2 18 0.0530001 -0.67
0 19 0.185 -0.6475
1 19 0.185 -0.646
2 19 0.1835 -0.6475
0 20 0.161 -0.7945
1 20 0.158 -0.793
2 20 0.1565 -0.796
0 21 0.1106 -0.7228
1 21 0.1088 -0.721
2 21 0.1052 -0.7246
0 22 0.1052 -0.6598
1 22 0.1034 -0.658
2 22 0.1016 -0.6598
0 23 0.0530001 -0.6724
1 23 0.0512001 -0.6706
2 23 0.0494001 -0.6724
0 24 0.0584001 -0.676
1 24 0.0566001 -0.6742
2 24 0.0548001 -0.676
0 25 0.0584001 -0.6796
1 25 0.0566001 -0.6778
2 25 0.0548001 -0.6796
0 26 0.1502 -0.694
1 26 0.1484 -0.6922
2 26 0.1466 -0.694
0 27 0.1142 -0.6994
1 27 0.1124 -0.6976
2 27 0.1106 -0.6994
0 28 0.17 -0.7696
1 28 0.1682 -0.7678
2 28 0.1664 -0.7696
0 29 0.1466 -0.6994
1 29 0.1448 -0.6976
2 29 0.143 -0.6994
0 30 -0.1162 -0.8092
1 30 -0.1216 -0.811
2 30 -0.1288 -0.8146
0 31 0.161 -0.7678
1 31 0.1592 -0.7642
2 31 0.1574 -0.7678
0 32 0.1106 -0.694
1 32 0.1088 -0.6922
2 32 0.107 -0.694
0 33 0.0530001 -0.685
1 33 0.0512001 -0.6832
2 33 0.0494001 -0.685
0 34 -0.271 -0.6958
1 34 -0.28 -0.6958
2 34 -0.2908 -0.6976
0 35 0.11888 -0.76672
1 35 0.11888 -0.76456
2 35 0.11672 -0.76672
0 36 0.10376 -0.65008
1 36 0.10376 -0.64792
2 36 0.1016 -0.65008
0 37 0.10592 -0.66088
1 37 0.10376 -0.65872
2 37 0.1016 -0.66088
0 38 0.0584002 -0.67816
1 38 0.0562401 -0.67816
2 38 0.0540801 -0.67816
0 39 0.10376 -0.6328
1 39 0.1016 -0.63064
2 39 0.0994401 -0.6328
0 40 0.15992 -0.80128
1 40 0.15776 -0.79912
2 40 0.1556 -0.80344
0 41 0.11024 -0.72136
1 41 0.10808 -0.72136
2 41 0.10592 -0.72352
0 42 -0.271 -0.6958
1 42 -0.28 -0.6958
2 42 -0.29152 -0.6976
0 43 0.18152 -0.5788
1 43 0.17936 -0.5788
2 43 0.17936 -0.5788
0 44 0.0778402 -0.79696
1 44 0.0756802 -0.7948
2 44 0.0735202 -0.79912
0 45 0.19016 -0.65008
1 45 0.188 -0.64792
2 45 0.188 -0.65008
0 46 0.0584002 -0.63928
1 46 0.0562401 -0.63712
2 46 0.0540801 -0.63712
0 47 0.0575363 -0.678592
1 47 0.0575363 -0.678592
2 47 0.0549442 -0.678592
0 48 0.0523523 -0.673408
1 48 0.0497602 -0.673408
2 48 0.0471682 -0.673408
0 49 0.168992 -0.769312
1 49 0.1664 -0.76672
2 49 0.1664 -0.769312
0 50 0.106784 -0.644896
1 50 0.104192 -0.642304
2 50 0.104192 -0.644896
0 51 -0.165376 -0.642304
1 51 -0.173152 -0.639712
2 51 -0.180928 -0.639712
0 52 0.0756803 -0.639712
1 52 0.0756803 -0.639712
2 52 0.0730882 -0.639712
0 53 -0.279424 -0.4816
1 53 -0.2872 -0.47512
2 53 -0.297568 -0.471232
0 54 0.0782722 -0.797824
1 54 0.0756803 -0.795232
2 54 0.0730882 -0.797824
0 55 0.145664 -0.70192
1 55 0.145664 -0.699328
2 55 0.143072 -0.70192
0 56 0.158624 -0.800416
1 56 0.156032 -0.797824
2 56 0.156032 -0.803008
0 57 0.150848 -0.660448
1 57 0.148256 -0.657856
2 57 0.148256 -0.660448
0 58 0.178842 -0.788493
1 58 0.178842 -0.788493
2 58 0.175732 -0.791603
0 59 0.153959 -0.785382
1 59 0.150848 -0.785382
2 59 0.150848 -0.788493
0 60 -0.113536 -0.804045
1 60 -0.119757 -0.807155
2 60 -0.125977 -0.810266
0 61 0.0575363 -0.679629
1 61 0.0544259 -0.679629
2 61 0.0544259 -0.679629
0 62 0.107303 -0.660966
1 62 0.104192 -0.660966
2 62 0.104192 -0.660966
0 63 0.147738 -0.660966
1 63 0.147738 -0.657856
2 63 0.144628 -0.660966
0 64 0.0575363 -0.654746
1 64 0.0575363 -0.654746
2 64 0.0544259 -0.654746
0 65 0.150848 -0.639194
1 65 0.147738 -0.639194
2 65 0.147738 -0.639194
0 66 0.0544259 -0.639194
1 66 0.0544259 -0.639194
2 66 0.0513155 -0.639194
0 67 0.150848 -0.68585
1 67 0.147738 -0.68585
2 67 0.147738 -0.68585
0 68 0.149604 -0.664077
1 68 0.145872 -0.660344
2 68 0.145872 -0.664077
0 69 0.078687 -0.794714
1 69 0.078687 -0.794714
2 69 0.078687 -0.794714
0 70 -0.122867 -0.813376
1 70 -0.126599 -0.813376
2 70 -0.134064 -0.820841
0 71 0.0525597 -0.641682
1 71 0.0525597 -0.637949
2 71 0.0488272 -0.641682
0 72 0.0749546 -0.637949
1 72 0.0749546 -0.637949
2 72 0.0712221 -0.637949
0 73 -0.272166 -0.354281
1 73 -0.281497 -0.343705
2 73 -0.290829 -0.339351
0 74 0.0562922 -0.820841
1 74 0.0525597 -0.820841
2 74 0.0488272 -0.824573
