70
0 0 0.146875 -0.272917
1 0 0.14375 -0.26625
2 0 0.144792 -0.261458
0 1 -0.105208 -0.722917
1 1 -0.105 -0.72125
2 1 -0.103125 -0.721875
0 2 -0.135 -0.635
1 2 -0.135 -0.63375
2 2 -0.135 -0.63375
0 3 -0.10625 -0.7225
1 3 -0.105 -0.72125
2 3 -0.10375 -0.72125
0 4 0.1475 -0.27375
1 4 0.14375 -0.26625
2 4 0.145 -0.26125
0 5 -0.04125 -0.57375
1 5 -0.0425 -0.57125
2 5 -0.04125 -0.57
0 6 -0.0637499 -0.56875
1 6 -0.065 -0.56625
2 6 -0.065 -0.56625
0 7 0.0275 -0.4375
1 7 0.0237501 -0.435
2 7 0.0237501 -0.4325
0 8 -0.04125 -0.6025
1 8 -0.0425 -0.6
2 8 -0.04125 -0.6
0 9 -0.0699999 -0.6025
1 9 -0.0699999 -0.6
2 9 -0.0699999 -0.6
0 10 0.251042 -0.807292
1 10 0.25875 -0.80375
2 10 0.26625 -0.80375
0 11 -0.0699999 -0.57125
1 11 -0.07125 -0.57
2 11 -0.07125 -0.56875
0 12 -0.13625 -0.63875
1 12 -0.13625 -0.6375
2 12 -0.13625 -0.6375
0 13 -0.03 -0.65125
1 13 -0.03 -0.65125
2 13 -0.02875 -0.65
0 14 -0.1375 -0.6385
1 14 -0.1375 -0.6385
2 14 -0.1375 -0.6385
0 15 -0.298 -0.718
1 15 -0.298 -0.7195
2 15 -0.2995 -0.721
0 16 -0.037 -0.5785
1 16 -0.0385 -0.577
2 16 -0.0385 -0.5755
0 17 -0.0415 -0.574
1 17 -0.0415 -0.571
2 17 -0.0415 -0.5695
0 18 0.146 -0.2725
1 18 0.143 -0.2656
2 18 0.1445 -0.2605
0 19 -0.0405999 -0.667
1 19 -0.0405999 -0.6652
2 19 -0.0405999 -0.6634
0 20 -0.0621999 -0.5752
1 20 -0.0639999 -0.5734
2 20 -0.0639999 -0.5716
0 21 -0.2728 -0.6922
1 21 -0.2728 -0.6922
2 21 -0.2746 -0.694
0 22 -0.28 -0.6922
1 22 -0.28 -0.6922
2 22 -0.28 -0.694
0 23 -0.0963999 -0.586
1 23 -0.0963999 -0.5842
2 23 -0.0963999 -0.5842
0 24 -0.0405999 -0.5734
1 24 -0.0405999 -0.5716
2 24 -0.0405999 -0.5698
0 25 -0.0963999 -0.5986
1 25 -0.0963999 -0.5968
2 25 -0.0963999 -0.595
0 26 0.3086 -0.8362
1 26 0.3194 -0.8326
2 26 0.3284 -0.8344
0 27 0.2528 -0.8038
1 27 0.26 -0.8002
2 27 0.2672 -0.8002
0 28 -0.0639999 -0.5698
1 28 -0.0639999 -0.5698
2 28 -0.0639999 -0.568
0 29 -0.1054 -0.7228
1 29 -0.1036 -0.721
2 29 -0.1036 -0.721
0 30 -0.3052 -0.7228
1 30 -0.3052 -0.7246
2 30 -0.307 -0.7264
0 31 -0.1378 -0.64
1 31 -0.1378 -0.6382
2 31 -0.1378 -0.6382
0 32 -0.0927999 -0.6634
1 32 -0.0909999 -0.6616
2 32 -0.0909999 -0.6616
0 33 -0.29584 -0.72136
1 33 -0.29584 -0.72352
2 33 -0.29584 -0.72568
0 34 -0.2764 -0.72352
1 34 -0.2764 -0.72352
2 34 -0.2764 -0.72568
0 35 -0.0949599 -0.58528
1 35 -0.0949599 -0.58312
2 35 -0.0949599 -0.58312
0 36 -0.10576 -0.72352
1 36 -0.1036 -0.72136
2 36 -0.1036 -0.72136
0 37 -0.0927999 -0.59176
1 37 -0.0927999 -0.5896
2 37 -0.0927999 -0.5896
0 38 -0.1054 -0.7228
1 38 -0.1036 -0.721
2 38 -0.0992798 -0.72136
0 39 -0.27424 -0.71704
1 39 -0.27424 -0.71704
2 39 -0.2764 -0.7192
0 40 -0.3088 -0.6976
1 40 -0.3088 -0.69976
2 40 -0.31096 -0.69976
0 41 -0.0953918 -0.600832
1 41 -0.0953918 -0.59824
2 41 -0.0953918 -0.59824
0 42 -0.271648 -0.717472
1 42 -0.271648 -0.717472
2 42 -0.27424 -0.720064
0 43 -0.276832 -0.722656
1 43 -0.276832 -0.722656
2 43 -0.276832 -0.725248
0 44 -0.0927998 -0.593056
1 44 -0.0927998 -0.590464
2 44 -0.0927998 -0.590464
0 45 -0.0953918 -0.58528
1 45 -0.0953918 -0.582688
2 45 -0.0953918 -0.582688
0 46 -0.0383678 -0.580096
1 46 -0.0383678 -0.577504
2 46 -0.0383678 -0.577504
0 47 -0.0927998 -0.57232
1 47 -0.0927998 -0.569728
2 47 -0.0927998 -0.569728
0 48 -0.0409598 -0.668224
1 48 -0.0409598 -0.665632
2 48 -0.0409598 -0.665632
0 49 -0.30016 -0.722656
1 49 -0.30016 -0.725248
2 49 -0.30016 -0.72784
0 50 -0.10576 -0.730432
1 50 -0.101094 -0.729395
2 50 -0.103168 -0.730432
0 51 -0.103168 -0.722656
1 51 -0.1036 -0.72136
2 51 -0.103168 -0.722656
0 52 0.145664 -0.271648
1 52 0.143072 -0.266464
2 52 0.143072 -0.26128
0 53 0.00828826 -0.717472
1 53 0.0108802 -0.717472
2 53 0.0108802 -0.71488
0 54 -0.0388861 -0.573875
1 54 -0.0388861 -0.570765
2 54 -0.0388861 -0.570765
0 55 -0.0793214 -0.570765
1 55 -0.0793214 -0.567654
2 55 -0.0793214 -0.567654
0 56 -0.269056 -0.704512
1 56 -0.269056 -0.707622
2 56 -0.269056 -0.707622
0 57 -0.0793214 -0.667187
1 57 -0.0793214 -0.664077
2 57 -0.076211 -0.664077
0 58 -0.30016 -0.695181
1 58 -0.30016 -0.698291
2 58 -0.30016 -0.698291
0 59 -0.278387 -0.69207
1 59 -0.281497 -0.695181
2 59 -0.281497 -0.695181
0 60 -0.0419965 -0.667187
1 60 -0.0419965 -0.664077
2 60 -0.0419965 -0.664077
0 61 -0.0731005 -0.580096
1 61 -0.0731005 -0.576985
2 61 -0.0731005 -0.576985
0 62 -0.0388861 -0.580096
1 62 -0.0388861 -0.576985
2 62 -0.0388861 -0.576985
0 63 0.144628 -0.272166
1 63 0.142139 -0.264701
2 63 0.141517 -0.259725
0 64 -0.305759 -0.697669
1 64 -0.309491 -0.701402
2 64 -0.309491 -0.701402
0 65 -0.0967396 -0.671542
1 65 -0.0967396 -0.667809
2 65 -0.0930071 -0.667809
0 66 -0.0370199 -0.574497
1 66 -0.0370199 -0.570765
2 66 -0.0370199 -0.570765
0 67 0.144628 -0.272166
1 67 0.142139 -0.264701
2 67 0.142139 -0.260969
0 68 -0.0258224 -0.671542
1 68 -0.0258224 -0.667809
2 68 -0.02209 -0.667809
0 69 -0.298294 -0.268434
1 69 -0.309491 -0.268434
2 69 -0.313223 -0.268434
