47
0 0 0.0175001 -0.68
1 0 0.03375 -0.68
2 0 0.04625 -0.68
0 1 -0.15625 -0.835
1 1 -0.13875 -0.84125
2 1 -0.1275 -0.845
0 2 -0.0187499 -0.67125
1 2 -0.00249996 -0.6725
2 2 0.00875003 -0.67375
0 3 0.203125 -0.403125
1 3 0.215 -0.395
2 3 0.225 -0.39125
0 4 0.0485001 -0.8125
1 4 0.0695001 -0.814
2 4 0.0830001 -0.8155
0 5 0.0215 -0.793
1 5 0.0395 -0.7945
2 5 0.0545001 -0.796
0 6 -0.1576 -0.7912
1 6 -0.1414 -0.7948
2 6 -0.1306 -0.7984
0 7 -0.0423999 -0.8128
1 7 -0.0225999 -0.8146
2 7 -0.00819988 -0.8182
0 8 -0.2224 -0.9154
1 8 -0.2044 -0.9226
2 8 -0.1936 -0.9298
0 9 -0.0409599 -0.81208
1 9 -0.0215199 -0.81424
2 9 -0.00855986 -0.8164
0 10 -0.2332 -0.48808
1 10 -0.227584 -0.491968
2 10 -0.22456 -0.49024
0 11 -0.16192 -0.7948
1 11 -0.1468 -0.80128
2 11 -0.136 -0.8056
0 12 -0.0171998 -0.67384
1 12 8.01722e-05 -0.67384
2 12 0.0108802 -0.676
0 13 0.0195201 -0.6868
1 13 0.0368001 -0.6868
2 13 0.0476002 -0.68896
0 14 -0.18352 -0.68248
1 14 -0.17056 -0.6868
2 14 -0.16192 -0.68896
0 15 0.2006 -0.4024
1 15 0.2132 -0.3952
2 15 0.22256 -0.38872
0 16 -0.0531999 -0.811
1 16 -0.0323199 -0.81208
2 16 -0.0193598 -0.8164
0 17 0.0195201 -0.8164
1 17 0.0389601 -0.81856
2 17 0.0519201 -0.82072
0 18 0.0186562 -0.815968
1 18 0.0368003 -0.81856
2 18 0.0497602 -0.821152
0 19 0.0368003 -0.808192
1 19 0.0575363 -0.808192
2 19 0.0704962 -0.810784
0 20 -0.18352 -0.683776
1 20 -0.17056 -0.68896
2 20 -0.162784 -0.691552
0 21 -0.232768 -0.489376
1 21 -0.227584 -0.491968
2 21 -0.224992 -0.491968
0 22 0.0342082 -0.803008
1 22 0.0549442 -0.803008
2 22 0.0679043 -0.8056
0 23 0.0160643 -0.68896
1 23 0.0342082 -0.68896
2 23 0.0471682 -0.68896
0 24 -0.230176 -0.40384
1 24 -0.22672 -0.406
2 24 -0.224992 -0.40384
0 25 0.200096 -0.401248
1 25 0.213056 -0.393472
2 25 0.223424 -0.39088
0 26 -0.0140029 -0.673408
1 26 0.00154908 -0.676518
2 26 0.0139907 -0.676518
0 27 0.200615 -0.402803
1 27 0.213056 -0.396064
2 27 0.222388 -0.390361
0 28 -0.0575485 -0.676518
1 28 -0.0419965 -0.676518
2 28 -0.0295549 -0.679629
0 29 -0.185075 -0.68585
1 29 -0.172633 -0.68896
2 29 -0.163302 -0.69207
0 30 -0.230176 -0.40384
1 30 -0.224992 -0.406432
2 30 -0.22551 -0.402803
0 31 0.0482051 -0.813376
1 31 0.0668674 -0.813376
2 31 0.0824195 -0.816486
0 32 -0.0482173 -0.807155
1 32 -0.0295549 -0.810266
2 32 -0.0171134 -0.813376
0 33 0.0264323 -0.791603
1 33 0.0482051 -0.791603
2 33 0.0606467 -0.794714
0 34 -0.0668798 -0.825818
1 34 -0.0482173 -0.828928
2 34 -0.0357758 -0.832038
0 35 -0.172633 -0.489894
1 35 -0.163302 -0.489894
2 35 -0.157081 -0.489894
0 36 -0.186319 -0.686472
1 36 -0.171389 -0.693937
2 36 -0.163924 -0.693937
0 37 0.200615 -0.402803
1 37 0.213056 -0.395338
2 37 0.220521 -0.391606
0 38 -0.160192 -0.790981
1 38 -0.145262 -0.794714
2 38 -0.134064 -0.798446
0 39 -0.227376 -0.402803
1 39 -0.223644 -0.406536
2 39 -0.223644 -0.406536
0 40 0.0152349 -0.794714
1 40 0.0338973 -0.794714
2 40 0.0488272 -0.798446
0 41 -0.0594147 -0.679007
1 41 -0.0444848 -0.679007
2 41 -0.0332874 -0.679007
0 42 -0.160192 -0.798446
1 42 -0.145262 -0.805911
2 42 -0.134064 -0.809643
0 43 -0.0668797 -0.824573
1 43 -0.0482173 -0.828306
2 43 -0.0332874 -0.832038
0 44 -0.0407523 -0.675274
1 44 -0.0258224 -0.679007
2 44 -0.014625 -0.679007
0 45 0.0488272 -0.813376
1 45 0.0674896 -0.813376
2 45 0.0824195 -0.817108
0 46 0.0152349 -0.817108
1 46 0.0338973 -0.817108
2 46 0.0488272 -0.820841
