77
0 0 -0.0385417 -0.676042
1 0 -0.0489583 -0.675
2 0 -0.0635417 -0.676042
0 1 -0.0699999 -0.745
1 1 -0.0812499 -0.745
2 1 -0.0975 -0.74625
0 2 -0.10625 -0.70125
1 2 -0.1175 -0.70125
2 2 -0.13375 -0.70125
0 3 -0.00999997 -0.7825
1 3 -0.02125 -0.7825
2 3 -0.0374999 -0.78375
0 4 0.015 -0.8125
1 4 0.003125 -0.814583
2 4 -0.0124999 -0.81625
0 5 -0.0175 -0.81
1 5 -0.02875 -0.81125
2 5 -0.0449999 -0.8125
0 6 0.1835 -0.364
1 6 0.1808 -0.3592
2 6 0.173 -0.3565
0 7 -0.106 -0.7015
1 7 -0.118 -0.7015
2 7 -0.133 -0.7015
0 8 0.00625006 -0.66625
1 8 -0.00399996 -0.667
2 8 -0.019 -0.667
0 9 -0.0355 -0.745
1 9 -0.0445 -0.745
2 9 -0.0609999 -0.7465
0 10 -0.00999997 -0.7825
1 10 -0.0219999 -0.7825
2 10 -0.037 -0.784
0 11 0.0140001 -0.8125
1 11 0.00200005 -0.8125
2 11 -0.013 -0.8155
0 12 -0.2155 -0.8515
1 12 -0.229 -0.8515
2 12 -0.2485 -0.8515
0 13 -0.0117999 -0.7966
1 13 -0.0225999 -0.7966
2 13 -0.0387999 -0.7984
0 14 -0.0711999 -0.757
1 14 -0.0819999 -0.757
2 14 -0.0981999 -0.7588
0 15 -0.0711999 -0.7462
1 15 -0.0819999 -0.7462
2 15 -0.0981999 -0.7462
0 16 -0.0837999 -0.667
1 16 -0.0927999 -0.667
2 16 -0.109 -0.667
0 17 -0.0981999 -0.6724
1 17 -0.109 -0.6724
2 17 -0.1252 -0.6724
0 18 0.1835 -0.364
1 18 0.1808 -0.3592
2 18 0.1718 -0.3574
0 19 -0.00819988 -0.7912
1 19 -0.0189999 -0.7912
2 19 -0.0351999 -0.793
0 20 -0.0603999 -0.7948
1 20 -0.0729999 -0.7948
2 20 -0.0891999 -0.7966
0 21 -0.1036 -0.685
1 21 -0.1144 -0.6832
2 21 -0.1306 -0.685
0 22 -0.1036 -0.6976
1 22 -0.1144 -0.6976
2 22 -0.1306 -0.6976
0 23 -0.2188 -0.8056
1 23 -0.2314 -0.8056
2 23 -0.2512 -0.8056
0 24 -0.0243999 -0.7192
1 24 -0.0351999 -0.7192
2 24 -0.0495999 -0.721
0 25 -0.1036 -0.7156
1 25 -0.1144 -0.7156
2 25 -0.1306 -0.7156
0 26 0.0134001 -0.8128
1 26 0.0026001 -0.8128
2 26 -0.0135999 -0.8146
0 27 0.00620009 -0.667
1 27 -0.00459989 -0.667
2 27 -0.0189999 -0.6688
0 28 -0.0927999 -0.8128
1 28 -0.1036 -0.8146
2 28 -0.1216 -0.8146
0 29 -0.0603999 -0.7804
1 29 -0.0711999 -0.7804
2 29 -0.0873999 -0.7822
0 30 -0.0819998 -0.67384
1 30 -0.0927999 -0.67384
2 30 -0.10792 -0.67384
0 31 0.18368 -0.3628
1 31 0.1808 -0.3592
2 31 0.17072 -0.35632
0 32 -0.0560799 -0.78616
1 32 -0.0668798 -0.78832
2 32 -0.0841599 -0.78832
0 33 -0.0517598 -0.676
1 33 -0.0625599 -0.676
2 33 -0.0776799 -0.676
0 34 -0.0279999 -0.72568
1 34 -0.0387999 -0.72568
2 34 -0.0539199 -0.72784
0 35 -0.0193598 -0.8164
1 35 -0.0279999 -0.81856
2 35 -0.0452799 -0.81856
0 36 -0.0927999 -0.81208
1 36 -0.1036 -0.81424
2 36 -0.12088 -0.81424
0 37 0.00224012 -0.80776
1 37 -0.0107199 -0.80776
2 37 -0.0258399 -0.80992
0 38 0.18368 -0.3628
1 38 0.18152 -0.35848
2 38 0.171584 -0.357184
0 39 -0.0228158 -0.71488
1 39 -0.0331838 -0.71488
2 39 -0.0487357 -0.71488
0 40 -0.0565118 -0.678592
1 40 -0.0668798 -0.678592
2 40 -0.0824318 -0.678592
0 41 -0.0124477 -0.790048
1 41 -0.0228158 -0.790048
2 41 -0.0383678 -0.79264
0 42 -0.100576 -0.676
1 42 -0.110944 -0.673408
2 42 -0.126496 -0.673408
0 43 -0.108352 -0.83152
1 43 -0.121312 -0.834112
2 43 -0.136864 -0.834112
0 44 -0.0668798 -0.673408
1 44 -0.0772478 -0.673408
2 44 -0.0927998 -0.673408
0 45 -0.0565118 -0.670816
1 45 -0.0668798 -0.670816
2 45 -0.0824318 -0.670816
0 46 -0.0202237 -0.815968
1 46 -0.0305918 -0.81856
2 46 -0.0487357 -0.81856
0 47 0.00656013 -0.61552
1 47 -0.00207977 -0.618976
2 47 -0.0176318 -0.618976
0 48 -0.0668798 -0.738208
1 48 -0.0772478 -0.738208
2 48 -0.0927998 -0.738208
0 49 -0.237952 -0.466048
1 49 -0.250912 -0.458272
2 49 -0.266464 -0.45568
0 50 -0.104205 -0.698291
1 50 -0.116646 -0.698291
2 50 -0.132198 -0.698291
0 51 -0.104205 -0.707622
1 51 -0.116646 -0.707622
2 51 -0.132198 -0.707622
0 52 -0.318822 -0.468121
1 52 -0.331264 -0.460864
2 52 -0.349926 -0.45568
0 53 -0.247283 -0.68585
1 53 -0.262835 -0.682739
2 53 -0.281497 -0.682739
0 54 -0.0171134 -0.673408
1 54 -0.0295549 -0.673408
2 54 -0.0419965 -0.673408
0 55 0.181952 -0.362368
1 55 0.178842 -0.356147
2 55 0.169511 -0.356147
0 56 -0.0108926 -0.788493
1 56 -0.0202237 -0.791603
2 56 -0.0388861 -0.791603
0 57 -0.0824317 -0.673408
1 57 -0.0948734 -0.670297
2 57 -0.110425 -0.670297
0 58 -0.0731005 -0.664077
1 58 -0.0824317 -0.664077
2 58 -0.0979837 -0.664077
0 59 -0.0886525 -0.810266
1 59 -0.101094 -0.813376
2 59 -0.116646 -0.813376
0 60 -0.00156136 -0.807155
1 60 -0.0140029 -0.807155
2 60 -0.0295549 -0.810266
0 61 -0.02209 -0.805911
1 61 -0.0295549 -0.805911
2 61 -0.0482173 -0.805911
0 62 -0.0258224 -0.686472
1 62 -0.0370199 -0.686472
2 62 -0.0519498 -0.686472
0 63 -0.02209 -0.817108
1 63 -0.0332874 -0.817108
2 63 -0.0482173 -0.817108
0 64 -0.0706122 -0.664077
1 64 -0.0818097 -0.664077
2 64 -0.0967396 -0.664077
0 65 -0.0183575 -0.675274
1 65 -0.0295549 -0.675274
2 65 -0.0444848 -0.675274
0 66 -0.0108925 -0.790981
1 66 -0.02209 -0.790981
2 66 -0.0370199 -0.794714
0 67 -0.02209 -0.794714
1 67 -0.0332874 -0.794714
2 67 -0.0482173 -0.798446
0 68 -0.0892746 -0.809643
1 68 -0.100472 -0.813376
2 68 -0.115402 -0.813376
0 69 -0.104205 -0.675274
1 69 -0.115402 -0.675274
2 69 -0.130332 -0.675274
0 70 -0.318822 -0.468121
1 70 -0.331264 -0.461901
2 70 -0.350548 -0.45879
0 71 0.179464 -0.361746
1 71 0.179464 -0.358013
2 71 0.168267 -0.358013
0 72 -0.324421 -0.372943
1 72 -0.339351 -0.365478
2 72 -0.358013 -0.358013
0 73 -0.0556823 -0.671542
1 73 -0.0668797 -0.671542
2 73 -0.0818097 -0.671542
0 74 -0.0668797 -0.738726
1 74 -0.0780772 -0.738726
2 74 -0.0930071 -0.738726
0 75 -0.0444848 -0.675274
1 75 -0.0556823 -0.675274
2 75 -0.0706122 -0.675274
0 76 0.0115024 -0.813376
1 76 0.000304921 -0.813376
2 76 -0.014625 -0.813376
