62
0 0 -0.334375 -0.915625
1 0 -0.333333 -0.925
2 0 -0.322917 -0.941667
0 1 0.159375 -0.453125
1 1 0.16875 -0.45125
2 1 0.179167 -0.446875
0 2 0.02875 -0.63
1 2 0.0375001 -0.63125
2 2 0.05125 -0.63125
0 3 0.0575 -0.63375
1 3 0.06625 -0.635
2 3 0.08125 -0.635
0 4 -0.00249996 -0.66125
1 4 0.00625006 -0.6625
2 4 0.02125 -0.66375
0 5 0.159375 -0.453125
1 5 0.167 -0.451
2 5 0.17875 -0.44625
0 6 0.06625 -0.71875
1 6 0.0762501 -0.72125
2 6 0.09375 -0.72
0 7 0.029 -0.6295
1 7 0.038 -0.631
2 7 0.0515001 -0.631
0 8 0.065 -0.7195
1 8 0.0755 -0.721
2 8 0.0920001 -0.721
0 9 0.158 -0.4525
1 9 0.16875 -0.45125
2 9 0.1775 -0.4465
0 10 0.059 -0.745
1 10 0.0695001 -0.7465
2 10 0.0875 -0.7465
0 11 0.0494001 -0.6706
1 11 0.0602001 -0.6706
2 11 0.0746001 -0.6706
0 12 -0.3862 -0.9046
1 12 -0.3862 -0.9136
2 12 -0.3772 -0.9316
0 13 -0.0567999 -0.7156
1 13 -0.0477999 -0.7174
2 13 -0.0333999 -0.721
0 14 0.0548001 -0.6418
1 14 0.0638001 -0.6418
2 14 0.0800001 -0.6418
0 15 -0.000999896 -0.7408
1 15 0.00800012 -0.7444
2 15 0.0260001 -0.7444
0 16 0.0224001 -0.6328
1 16 0.0314001 -0.6346
2 16 0.0458001 -0.6346
0 17 0.0296001 -0.6292
1 17 0.0386001 -0.631
2 17 0.0530001 -0.631
0 18 -0.3286 -0.8614
1 18 -0.3304 -0.8668
2 18 -0.3214 -0.8812
0 19 -0.3322 -0.8596
1 19 -0.334 -0.8668
2 19 -0.3178 -0.8848
0 20 -0.085 -0.517
1 20 -0.0801999 -0.5194
2 20 -0.0693999 -0.5212
0 21 0.158 -0.4525
1 21 0.167 -0.451
2 21 0.1772 -0.4456
0 22 -0.0585999 -0.721
1 22 -0.0513999 -0.7228
2 22 -0.0351999 -0.7264
0 23 -0.0850238 -0.458272
1 23 -0.0835 -0.4585
2 23 -0.0747999 -0.46
0 24 -0.38656 -0.90496
1 24 -0.38656 -0.9136
2 24 -0.37792 -0.93088
0 25 -0.00639985 -0.6652
1 25 0.00224012 -0.66736
2 25 0.0173601 -0.66736
0 26 -0.33904 -0.89416
1 26 -0.33904 -0.9028
2 26 -0.32824 -0.92008
0 27 -0.33256 -0.8596
1 27 -0.3304 -0.86824
2 27 -0.32176 -0.88336
0 28 -0.39088 -0.86824
1 28 -0.39088 -0.87688
2 28 -0.38224 -0.892
0 29 -0.38008 -0.86608
1 29 -0.38008 -0.87472
2 29 -0.37144 -0.88984
0 30 -0.38656 -0.90496
1 30 -0.38656 -0.9136
2 30 -0.3736 -0.93088
0 31 -0.0153999 -0.838
1 31 -0.00639985 -0.84448
2 31 0.0130402 -0.84664
0 32 -0.0603999 -0.72136
1 32 -0.0517598 -0.72352
2 32 -0.0366398 -0.72784
0 33 0.0562401 -0.73
1 33 0.0670401 -0.73216
2 33 0.0843202 -0.73216
0 34 0.15776 -0.45136
1 34 0.1664 -0.45136
2 34 0.1772 -0.44704
0 35 0.33272 -0.43192
1 35 0.35 -0.42328
2 35 0.36296 -0.41248
0 36 -0.0850238 -0.458272
1 36 -0.0819998 -0.45784
2 36 -0.0733599 -0.46
0 37 0.00051225 -0.7408
1 37 0.0108802 -0.743392
2 37 0.0264322 -0.743392
0 38 -0.385696 -0.867808
1 38 -0.385696 -0.875584
2 38 -0.37792 -0.891136
0 39 0.625184 -0.484192
1 39 0.653696 -0.476416
2 39 0.679616 -0.45568
0 40 -0.0150398 -0.839296
1 40 -0.00639985 -0.84448
2 40 0.0134722 -0.847072
0 41 -0.328672 -0.849664
1 41 -0.328672 -0.85744
2 41 -0.318304 -0.872992
0 42 -0.00207977 -0.634528
1 42 0.00569623 -0.63712
2 42 0.0212482 -0.63712
0 43 -0.0850238 -0.458272
1 43 -0.0819998 -0.45784
2 43 -0.0720638 -0.460864
0 44 0.15776 -0.45136
1 44 0.1664 -0.45136
2 44 0.176768 -0.445312
0 45 -0.00778211 -0.748058
1 45 0.00154908 -0.748058
2 45 0.0202115 -0.751168
0 46 -0.321933 -0.853811
1 46 -0.321933 -0.863142
2 46 -0.312601 -0.878694
0 47 -0.37792 -0.856922
1 47 -0.374809 -0.866253
2 47 -0.368589 -0.881805
0 48 -0.0140029 -0.84137
1 48 -0.00778211 -0.84448
2 48 0.0139907 -0.84759
0 49 0.0637571 -0.738726
1 49 0.0730883 -0.738726
2 49 0.0917507 -0.738726
0 50 0.00154908 -0.738726
1 50 0.0108803 -0.741837
2 50 0.0295427 -0.741837
0 51 -0.328153 -0.850701
1 51 -0.328153 -0.858166
2 51 -0.320688 -0.873096
0 52 -0.014625 -0.850701
1 52 -0.00716 -0.854433
2 52 0.0152349 -0.858166
0 53 0.0115024 -0.634217
1 53 0.0189673 -0.634217
2 53 0.0338973 -0.634217
0 54 -0.391606 -0.858166
1 54 -0.391606 -0.865631
2 54 -0.380408 -0.884293
0 55 0.0189673 -0.645414
1 55 0.0264323 -0.645414
2 55 0.0413623 -0.645414
0 56 -0.00342757 -0.660344
1 56 0.00403741 -0.660344
2 56 0.0189673 -0.660344
0 57 -0.00716 -0.667809
1 57 0.000304921 -0.671542
2 57 0.0152349 -0.671542
0 58 0.0189673 -0.623019
1 58 0.0264323 -0.623019
2 58 0.0413623 -0.623019
0 59 0.00403741 -0.738726
1 59 0.0115024 -0.742459
2 59 0.0301648 -0.742459
0 60 0.0562922 -0.746191
1 60 0.0637571 -0.749924
2 60 0.0824195 -0.749924
0 61 0.0152349 -0.746191
1 61 0.0226998 -0.746191
2 61 0.0413623 -0.749924
