33
0 0 0.0552083 -0.652083
1 0 0.0666667 -0.648958
2 0 0.075 -0.648958
0 1 0.01625 -0.75625
1 1 0.02875 -0.75375
2 1 0.03875 -0.75625
0 2 0.015 -0.6825
1 2 0.025 -0.680208
2 2 0.035 -0.6825
0 3 0.015 -0.6825
1 3 0.026 -0.6805
2 3 0.035 -0.6835
0 4 0.00200005 -0.7525
1 4 0.0125001 -0.7495
2 4 0.023 -0.7525
0 5 0.0665 -0.838
1 5 0.0800001 -0.835
2 5 0.0890001 -0.8395
0 6 -0.00999991 -0.649
1 6 -0.000999896 -0.6454
2 6 0.00800012 -0.6454
0 7 0.0152001 -0.811
1 7 0.0260001 -0.8092
2 7 0.0368001 -0.8128
0 8 0.00656013 -0.66088
1 8 0.0173601 -0.65656
2 8 0.0260002 -0.65872
0 9 -0.3934 -0.91
1 9 -0.39304 -0.90928
2 9 -0.39736 -0.92008
0 10 -0.0668798 -0.90928
1 10 -0.0560799 -0.90712
2 10 -0.0474399 -0.9136
0 11 0.0584002 -0.72568
1 11 0.0692001 -0.72352
2 11 0.0800002 -0.72568
0 12 0.0972801 -0.59608
1 12 0.10808 -0.59176
2 12 0.11672 -0.59392
0 13 0.00224012 -0.7516
1 13 0.0130402 -0.74944
2 13 0.0238401 -0.7516
0 14 -0.40384 -0.904096
1 14 -0.40384 -0.904096
2 14 -0.409024 -0.914464
0 15 0.00310421 -0.751168
1 15 0.0134722 -0.748576
2 15 0.0238403 -0.751168
0 16 0.00310421 -0.644896
1 16 0.0108802 -0.642304
2 16 0.0212482 -0.642304
0 17 -0.0124477 -0.782272
1 17 -0.00207977 -0.77968
2 17 0.00828826 -0.782272
0 18 0.0601283 -0.720064
1 18 0.0704962 -0.717472
2 18 0.0808642 -0.720064
0 19 0.0653123 -0.84448
1 19 0.0782722 -0.841888
2 19 0.0886402 -0.847072
0 20 0.119744 -0.906688
1 20 0.132704 -0.904096
2 20 0.145664 -0.90928
0 21 0.0964162 -0.59824
1 21 0.106784 -0.593056
2 21 0.117152 -0.595648
0 22 -0.0140029 -0.751168
1 22 -0.00156136 -0.748058
2 22 0.0077699 -0.751168
0 23 0.0637571 -0.84448
1 23 0.0761987 -0.84137
2 23 0.0855298 -0.84759
0 24 0.0450947 -0.664077
1 24 0.0544259 -0.660966
2 24 0.0637571 -0.660966
0 25 0.0948611 -0.598758
1 25 0.104192 -0.595648
2 25 0.113523 -0.595648
0 26 0.0202115 -0.794714
1 26 0.0295427 -0.791603
2 26 0.0419843 -0.794714
0 27 0.0388739 -0.794714
1 27 0.0482051 -0.791603
2 27 0.0606467 -0.794714
0 28 -0.00156136 -0.804045
1 28 0.0108803 -0.800934
2 28 0.0202115 -0.807155
0 29 0.0077699 -0.660344
1 29 0.0189673 -0.656612
2 29 0.0264323 -0.656612
0 30 0.0637571 -0.843236
1 30 0.0749546 -0.843236
2 30 0.086152 -0.846968
0 31 0.086152 -0.832038
1 31 0.101082 -0.828306
2 31 0.112279 -0.832038
0 32 0.000304921 -0.805911
1 32 0.0115024 -0.802178
2 32 0.0226998 -0.805911
