99
0 0 -0.0541667 -0.56875
1 0 -0.05375 -0.5675
2 0 -0.0552083 -0.567708
0 1 -0.297917 -0.708333
1 1 -0.301042 -0.70625
2 1 -0.301042 -0.708333
0 2 0.0177083 -0.428125
1 2 0.0187501 -0.425
2 2 0.0177083 -0.425
0 3 -0.0770833 -0.571875
1 3 -0.0760417 -0.569792
2 3 -0.078125 -0.570833
0 4 -0.116667 -0.726042
1 4 -0.115625 -0.723958
2 4 -0.116667 -0.726042
0 5 -0.0562499 -0.59875
1 5 -0.055 -0.5975
2 5 -0.0574999 -0.59875
0 6 -0.11 -0.665
1 6 -0.11 -0.66375
2 6 -0.11125 -0.665
0 7 -0.29375 -0.71
1 7 -0.29625 -0.70625
2 7 -0.2975 -0.70875
0 8 -0.0775 -0.56625
1 8 -0.0775 -0.56375
2 8 -0.07875 -0.565
0 9 -0.0762499 -0.57125
1 9 -0.0762499 -0.57
2 9 -0.07875 -0.57
0 10 -0.05375 -0.56875
1 10 -0.05375 -0.5675
2 10 -0.055 -0.5675
0 11 -0.11625 -0.72625
1 11 -0.1165 -0.7255
2 11 -0.11625 -0.72625
0 12 -0.08375 -0.56875
1 12 -0.08375 -0.56625
2 12 -0.085 -0.5675
0 13 0.01625 -0.4275
1 13 0.0187501 -0.425
2 13 0.0175001 -0.425
0 14 0.09625 -0.45625
1 14 0.0987501 -0.4525
2 14 0.0987501 -0.45125
0 15 -0.0512499 -0.66
1 15 -0.0512499 -0.65875
2 15 -0.0512499 -0.66
0 16 -0.0374999 -0.565
1 16 -0.0374999 -0.56375
2 16 -0.0387499 -0.56375
0 17 -0.2995 -0.709
1 17 -0.301 -0.7075
2 17 -0.304 -0.709
0 18 -0.2965 -0.709
1 18 -0.298 -0.7075
2 18 -0.2995 -0.709
0 19 -0.106 -0.5905
1 19 -0.106 -0.5905
2 19 -0.1075 -0.5905
0 20 -0.322 -0.739
1 20 -0.3235 -0.7375
2 20 -0.3265 -0.739
0 21 -0.1165 -0.727
1 21 -0.1165 -0.7255
2 21 -0.1165 -0.727
0 22 -0.0535 -0.5695
1 22 -0.0535 -0.568
2 22 -0.055 -0.568
0 23 -0.0775 -0.5725
1 23 -0.076 -0.5695
2 23 -0.0775 -0.571
0 24 -0.052 -0.5755
1 24 -0.052 -0.5725
2 24 -0.0535 -0.574
0 25 -0.2935 -0.703
1 25 -0.295 -0.7015
2 25 -0.2965 -0.703
0 26 -0.0835 -0.568
1 26 -0.0835 -0.5665
2 26 -0.085 -0.5665
0 27 -0.0565 -0.5995
1 27 -0.0565 -0.598
2 27 -0.058 -0.5995
0 28 -0.109 -0.67
1 28 -0.109 -0.6685
2 28 -0.1105 -0.67
0 29 0.0170001 -0.4285
1 29 0.0187501 -0.425
2 29 0.0170001 -0.4255
0 30 -0.2944 -0.703
1 30 -0.2962 -0.703
2 30 -0.298 -0.703
0 31 -0.3016 -0.7102
1 31 -0.3034 -0.7084
2 31 -0.3052 -0.7102
0 32 -0.2962 -0.739
1 32 -0.298 -0.7372
2 32 -0.2998 -0.739
0 33 -0.1108 -0.6652
1 33 -0.1108 -0.6634
2 33 -0.1126 -0.6634
0 34 -0.1162 -0.7264
1 34 -0.1165 -0.7255
2 34 -0.1162 -0.7264
0 35 0.1628 -0.2422
1 35 0.16856 -0.23752
2 35 0.17 -0.2332
0 36 -0.1036 -0.5698
1 36 -0.1036 -0.568
2 36 -0.1054 -0.568
0 37 -0.3214 -0.739
1 37 -0.3232 -0.7372
2 37 -0.3268 -0.739
0 38 -0.109 -0.595
1 38 -0.109 -0.595
2 38 -0.1108 -0.595
0 39 -0.1108 -0.5842
1 39 -0.109 -0.5824
2 39 -0.1108 -0.5824
0 40 -0.298 -0.703
1 40 -0.2998 -0.7012
2 40 -0.3016 -0.703
0 41 -0.3304 -0.73864
1 41 -0.33256 -0.73648
2 41 -0.33472 -0.73864
0 42 -0.32176 -0.73864
1 42 -0.32392 -0.73648
2 42 -0.32608 -0.73864
0 43 -0.29584 -0.73864
1 43 -0.298 -0.73648
2 43 -0.30016 -0.73864
0 44 -0.32608 -0.73216
1 44 -0.32824 -0.73
2 44 -0.3304 -0.73216
0 45 -0.29584 -0.73
1 45 -0.298 -0.72784
2 45 -0.30016 -0.73
0 46 -0.1144 -0.72784
1 46 -0.1144 -0.72568
2 46 -0.11656 -0.72784
0 47 -0.0927999 -0.568
1 47 -0.0927999 -0.56584
2 47 -0.0949599 -0.56584
0 48 -0.11008 -0.59608
1 48 -0.11008 -0.59392
2 48 -0.11008 -0.59608
0 49 -0.298 -0.71056
1 49 -0.298 -0.7084
2 49 -0.30232 -0.71056
0 50 -0.30232 -0.70408
1 50 -0.30448 -0.70192
2 50 -0.30664 -0.70408
0 51 -0.29368 -0.70408
1 51 -0.29584 -0.70192
2 51 -0.298 -0.70408
0 52 -0.113536 -0.735616
1 52 -0.116128 -0.733024
2 52 -0.11656 -0.73432
0 53 -0.0517598 -0.65872
1 53 -0.0517598 -0.65656
2 53 -0.0539199 -0.65656
0 54 -0.297568 -0.738208
1 54 -0.297568 -0.735616
2 54 -0.30016 -0.738208
0 55 -0.328672 -0.738208
1 55 -0.331264 -0.738208
2 55 -0.333856 -0.738208
0 56 -0.10576 -0.590464
1 56 -0.10576 -0.587872
2 56 -0.108352 -0.587872
0 57 -0.32608 -0.730432
1 57 -0.328672 -0.730432
2 57 -0.331264 -0.730432
0 58 -0.100576 -0.660448
1 58 -0.100576 -0.660448
2 58 -0.103168 -0.660448
0 59 -0.294976 -0.704512
1 59 -0.294976 -0.70192
2 59 -0.297568 -0.704512
0 60 -0.323488 -0.707104
1 60 -0.323488 -0.707104
2 60 -0.32608 -0.707104
0 61 -0.328672 -0.709696
1 61 -0.331264 -0.707104
2 61 -0.333856 -0.707104
0 62 -0.333856 -0.709696
1 62 -0.336448 -0.709696
2 62 -0.33904 -0.709696
0 63 -0.0694718 -0.569728
1 63 -0.0694718 -0.567136
2 63 -0.0694718 -0.569728
0 64 -0.113536 -0.735616
1 64 -0.116128 -0.733024
2 64 -0.116128 -0.735616
0 65 0.00310421 -0.720064
1 65 0.00310421 -0.717472
2 65 0.00310421 -0.720064
0 66 -0.0886525 -0.576985
1 66 -0.0855422 -0.573875
2 66 -0.0886525 -0.576985
0 67 0.161216 -0.240544
1 67 0.1664 -0.234841
2 67 0.169511 -0.231731
0 68 -0.287718 -0.710733
1 68 -0.290829 -0.710733
2 68 -0.293939 -0.710733
0 69 -0.343705 -0.247283
1 69 -0.343705 -0.241062
2 69 -0.349926 -0.237952
0 70 0.00154908 -0.720064
1 70 0.00154908 -0.716954
2 70 0.00154908 -0.720064
0 71 -0.321933 -0.707622
1 71 -0.325043 -0.707622
2 71 -0.328153 -0.707622
0 72 -0.107315 -0.589427
1 72 -0.107315 -0.589427
2 72 -0.107315 -0.589427
0 73 -0.0948734 -0.567654
1 73 -0.0917629 -0.564544
2 73 -0.0948734 -0.567654
0 74 -0.0544381 -0.667187
1 74 -0.0544381 -0.664077
2 74 -0.0544381 -0.664077
0 75 -0.312601 -0.707622
1 75 -0.315712 -0.707622
2 75 -0.318822 -0.707622
0 76 -0.0513278 -0.567654
1 76 -0.0513278 -0.567654
2 76 -0.0513278 -0.567654
0 77 -0.30327 -0.704512
1 77 -0.30327 -0.704512
2 77 -0.306381 -0.704512
0 78 -0.297049 -0.704512
1 78 -0.297049 -0.704512
2 78 -0.30016 -0.704512
0 79 -0.325043 -0.738726
1 79 -0.331264 -0.735616
2 79 -0.334374 -0.738726
0 80 -0.0886525 -0.558323
1 80 -0.0886525 -0.555213
2 80 -0.0886525 -0.558323
0 81 -0.113536 -0.735616
1 81 -0.113536 -0.732506
2 81 -0.116646 -0.735616
0 82 -0.110425 -0.667187
1 82 -0.107315 -0.667187
2 82 -0.110425 -0.667187
0 83 -0.309491 -0.735616
1 83 -0.312601 -0.732506
2 83 -0.315712 -0.735616
0 84 -0.325043 -0.738726
1 84 -0.325043 -0.735616
2 84 -0.328153 -0.738726
0 85 -0.331886 -0.738726
1 85 -0.335618 -0.734994
2 85 -0.335618 -0.738726
0 86 -0.0556823 -0.57823
1 86 -0.0556823 -0.57823
2 86 -0.0556823 -0.57823
0 87 -0.309491 -0.738726
1 87 -0.309491 -0.738726
2 87 -0.313223 -0.738726
0 88 -0.0855421 -0.57823
1 88 -0.0855421 -0.57823
2 88 -0.0892746 -0.57823
0 89 -0.298294 -0.738726
1 89 -0.302026 -0.734994
2 89 -0.302026 -0.738726
0 90 -0.0892746 -0.664077
1 90 -0.0892746 -0.664077
2 90 -0.0930071 -0.667809
0 91 -0.290829 -0.712599
1 91 -0.290829 -0.708866
2 91 -0.294561 -0.712599
0 92 -0.0556823 -0.667809
1 92 -0.0556823 -0.664077
2 92 -0.0556823 -0.664077
0 93 -0.298294 -0.705134
1 93 -0.298294 -0.705134
2 93 -0.302026 -0.705134
0 94 -0.324421 -0.708866
1 94 -0.331886 -0.708866
2 94 -0.331886 -0.708866
0 95 -0.0892746 -0.559567
1 95 -0.0855421 -0.555835
2 95 -0.0892746 -0.559567
0 96 -0.0556823 -0.585695
1 96 -0.0556823 -0.585695
2 96 -0.0556823 -0.585695
0 97 0.160802 -0.242306
1 97 0.164534 -0.234841
2 97 0.168267 -0.234841
0 98 -0.0332874 -0.664077
1 98 -0.0332874 -0.660344
2 98 -0.0332874 -0.664077
