37
0 0 -0.00374997 -0.7075
1 0 -0.03 -0.70875
2 0 -0.0512499 -0.71
0 1 0.188 -0.4585
1 1 0.1675 -0.4575
2 1 0.1525 -0.4575
0 2 -0.133333 -0.467708
1 2 -0.159375 -0.466667
2 2 -0.18 -0.4625
0 3 0.498958 -0.826042
1 3 0.49 -0.82625
2 3 0.4875 -0.835
0 4 0.0635 -0.6835
1 4 0.0365 -0.685
2 4 0.0170001 -0.6865
0 5 0.188 -0.4585
1 5 0.167 -0.457
2 5 0.152 -0.457
0 6 -0.1325 -0.4675
1 6 -0.1594 -0.4654
2 6 -0.181 -0.463
0 7 -0.132292 -0.5375
1 7 -0.15875 -0.53625
2 7 -0.181 -0.535
0 8 -0.132292 -0.5375
1 8 -0.15875 -0.53625
2 8 -0.181 -0.5356
0 9 0.188 -0.4585
1 9 0.1664 -0.45568
2 9 0.152 -0.4564
0 10 0.0692001 -0.80776
1 10 0.0411201 -0.80992
2 10 0.0195201 -0.81208
0 11 -0.00423985 -0.68464
1 11 -0.0279999 -0.6868
2 11 -0.0495998 -0.6868
0 12 0.5732 -0.2944
1 12 0.57032 -0.27208
2 12 0.57896 -0.25912
0 13 0.188 -0.45784
1 13 0.1664 -0.45568
2 13 0.15128 -0.45568
0 14 0.4922 -0.829
1 14 0.48176 -0.82936
2 14 0.4796 -0.83584
0 15 0.5732 -0.2278
1 15 0.57248 -0.20512
2 15 0.58112 -0.18784
0 16 0.0679043 -0.808192
1 16 0.0393922 -0.810784
2 16 0.0186562 -0.810784
0 17 -0.00467173 -0.683776
1 17 -0.0305918 -0.686368
2 17 -0.0513278 -0.686368
0 18 0.0653123 -0.691552
1 18 0.0368003 -0.694144
2 18 0.0186562 -0.694144
0 19 -0.00726376 -0.694144
1 19 -0.0331838 -0.696736
2 19 -0.0539198 -0.696736
0 20 -0.00985578 -0.720064
1 20 -0.0357758 -0.722656
2 20 -0.0565118 -0.722656
0 21 -0.00985578 -0.704512
1 21 -0.0357758 -0.704512
2 21 -0.0565118 -0.707104
0 22 0.0653123 -0.790048
1 22 0.0393922 -0.79264
2 22 0.0186562 -0.795232
0 23 0.0342082 -0.681184
1 23 0.00828826 -0.683776
2 23 -0.0124477 -0.683776
0 24 0.00310421 -0.803008
1 24 -0.0228158 -0.808192
2 24 -0.0435518 -0.808192
0 25 0.188 -0.45784
1 25 0.1664 -0.45568
2 25 0.150848 -0.45568
0 26 -0.0108926 -0.720064
1 26 -0.0357758 -0.723174
2 26 -0.0575485 -0.723174
0 27 -0.129088 -0.542771
1 27 -0.157081 -0.539661
2 27 -0.178854 -0.53655
0 28 0.0637571 -0.797824
1 28 0.0388739 -0.800934
2 28 0.0171011 -0.800934
0 29 0.185063 -0.45568
1 29 0.1664 -0.45568
2 29 0.147738 -0.45568
0 30 0.093617 -0.802178
1 30 0.0674896 -0.805911
2 30 0.0450947 -0.809643
0 31 0.0637571 -0.805911
1 31 0.0376298 -0.809643
2 31 0.0152349 -0.813376
0 32 -0.00716 -0.813376
1 32 -0.0370199 -0.813376
2 32 -0.0594147 -0.817108
0 33 0.00403741 -0.802178
1 33 -0.02209 -0.805911
2 33 -0.0444848 -0.805911
0 34 -0.129088 -0.542771
1 34 -0.157081 -0.539661
2 34 -0.178854 -0.540905
0 35 0.0637571 -0.787249
1 35 0.0376298 -0.790981
2 35 0.0189673 -0.794714
0 36 0.0637571 -0.798446
1 36 0.0376298 -0.802178
2 36 0.0152349 -0.802178
