67
0 0 0.078125 -0.729167
1 0 0.0822917 -0.728125
2 0 0.0822917 -0.728125
0 1 0.0541667 -0.655208
1 1 0.0583333 -0.654167
2 1 0.059375 -0.655208
0 2 0.08125 -0.72375
1 2 0.0850001 -0.7225
2 2 0.0850001 -0.72375
0 3 0.0362501 -0.72625
1 3 0.04 -0.725
2 3 0.04 -0.725
0 4 0.0312501 -0.655
1 4 0.035 -0.65375
2 4 0.035 -0.655
0 5 0.075 -0.64875
1 5 0.0787501 -0.64875
2 5 0.0787501 -0.64875
0 6 0.0825001 -0.685
1 6 0.0862501 -0.685
2 6 0.0862501 -0.685
0 7 0.035 -0.6825
1 7 0.0375001 -0.6825
2 7 0.03875 -0.6825
0 8 0.0362501 -0.80875
1 8 0.04 -0.80875
2 8 0.03875 -0.80875
0 9 0.05125 -0.80125
1 9 0.0562501 -0.80125
2 9 0.0550001 -0.80125
0 10 0.11375 -0.90875
1 10 0.11625 -0.91
2 10 0.1175 -0.9125
0 11 0.00650005 -0.7585
1 11 0.00950006 -0.7585
2 11 0.00950006 -0.76
0 12 0.035 -0.6835
1 12 0.038 -0.682
2 12 0.0395 -0.682
0 13 0.0890001 -0.8395
1 13 0.0935 -0.838
2 13 0.0935 -0.8395
0 14 0.0365 -0.8095
1 14 0.0395 -0.8095
2 14 0.0395 -0.8095
0 15 0.0890001 -0.811
1 15 0.0920001 -0.811
2 15 0.0920001 -0.811
0 16 0.0818001 -0.6868
1 16 0.0854001 -0.6868
2 16 0.0854001 -0.6868
0 17 0.0980001 -0.7966
1 17 0.1016 -0.7966
2 17 0.1016 -0.7966
0 18 0.0926001 -0.793
1 18 0.0962001 -0.7912
2 18 0.0962001 -0.793
0 19 0.0764001 -0.6508
1 19 0.0800001 -0.6508
2 19 0.0800001 -0.6508
0 20 0.0782001 -0.6814
1 20 0.0818001 -0.6814
2 20 0.0818001 -0.6814
0 21 0.0224001 -0.7516
1 21 0.0260001 -0.7516
2 21 0.0260001 -0.7534
0 22 0.0368001 -0.6832
1 22 0.0404001 -0.6814
2 22 0.0404001 -0.6814
0 23 0.0368001 -0.8128
1 23 0.0404001 -0.8128
2 23 0.0404001 -0.8128
0 24 0.0494001 -0.802
1 24 0.0530001 -0.802
2 24 0.0530001 -0.802
0 25 -0.4078 -0.9118
1 25 -0.42112 -0.92224
2 25 -0.43624 -0.93088
0 26 0.0800002 -0.676
1 26 0.0821602 -0.676
2 26 0.0843202 -0.676
0 27 0.0368001 -0.81208
1 27 0.0411201 -0.81208
2 27 0.0411201 -0.81208
0 28 0.0519201 -0.6544
1 28 0.0562401 -0.6544
2 28 0.0562401 -0.6544
0 29 0.0238401 -0.7516
1 29 0.0260002 -0.7516
2 29 0.0260002 -0.75376
0 30 0.0886402 -0.84016
1 30 0.0929601 -0.84016
2 30 0.0929601 -0.84016
0 31 0.0411201 -0.7948
1 31 0.0454402 -0.7948
2 31 0.0454402 -0.7948
0 32 0.0886402 -0.84664
1 32 0.0929601 -0.84664
2 32 0.0929601 -0.84664
0 33 0.0368001 -0.68248
1 33 0.0411201 -0.68248
2 33 0.0411201 -0.68248
0 34 0.117152 -0.595648
1 34 0.119744 -0.593056
2 34 0.122336 -0.593056
0 35 0.0212482 -0.642304
1 35 0.0238403 -0.642304
2 35 0.0238403 -0.642304
0 36 0.0886402 -0.847072
1 36 0.0938243 -0.847072
2 36 0.0912323 -0.847072
0 37 0.0368003 -0.813376
1 37 0.0419842 -0.813376
2 37 0.0419842 -0.813376
0 38 0.0497602 -0.795232
1 38 0.0523523 -0.795232
2 38 0.0523523 -0.795232
0 39 0.0445763 -0.803008
1 39 0.0497602 -0.803008
2 39 0.0497602 -0.803008
0 40 -0.0435518 -0.694144
1 40 -0.0409598 -0.694144
2 40 -0.0409598 -0.694144
0 41 0.0419842 -0.795232
1 41 0.0445763 -0.795232
2 41 0.0445763 -0.795232
0 42 0.0793091 -0.651635
1 42 0.0824195 -0.651635
2 42 0.0824195 -0.651635
0 43 0.0419843 -0.794714
1 43 0.0450947 -0.794714
2 43 0.0450947 -0.794714
0 44 0.0264323 -0.657856
1 44 0.0295427 -0.657856
2 44 0.0295427 -0.657856
0 45 0.0793091 -0.68896
1 45 0.0824195 -0.68896
2 45 0.0824195 -0.68896
0 46 0.0855298 -0.84759
1 46 0.0917507 -0.84448
2 46 0.0917507 -0.84759
0 47 0.0824195 -0.813376
1 47 0.0886403 -0.813376
2 47 0.0886403 -0.813376
0 48 -0.00156136 -0.838259
1 48 0.00154908 -0.838259
2 48 0.00154908 -0.838259
0 49 0.0419843 -0.804045
1 49 0.0450947 -0.804045
2 49 0.0450947 -0.804045
0 50 0.0513155 -0.654746
1 50 0.0544259 -0.654746
2 50 0.0544259 -0.654746
0 51 0.0077699 -0.648525
1 51 0.0108803 -0.648525
2 51 0.0108803 -0.648525
0 52 0.0357635 -0.813376
1 52 0.0419843 -0.813376
2 52 0.0419843 -0.813376
0 53 -0.0140029 -0.651635
1 53 -0.0108926 -0.651635
2 53 -0.0108926 -0.651635
0 54 -0.508557 -0.601869
1 54 -0.524109 -0.601869
2 54 -0.542771 -0.601869
0 55 -0.0419965 -0.695181
1 55 -0.0388861 -0.695181
2 55 -0.0388861 -0.695181
0 56 -0.014625 -0.652879
1 56 -0.0108925 -0.652879
2 56 -0.0108925 -0.652879
0 57 0.0488272 -0.652879
1 57 0.0525597 -0.652879
2 57 0.0525597 -0.652879
0 58 0.086152 -0.846968
1 58 0.0898844 -0.846968
2 58 0.0898844 -0.846968
0 59 0.078687 -0.652879
1 59 0.0824195 -0.652879
2 59 0.0824195 -0.652879
0 60 0.112279 -0.832038
1 60 0.116012 -0.832038
2 60 0.116012 -0.832038
0 61 0.0077699 -0.649147
1 61 0.0115024 -0.649147
2 61 0.0115024 -0.649147
0 62 0.108547 -0.824573
1 62 0.112279 -0.824573
2 62 0.112279 -0.824573
0 63 0.0637571 -0.664077
1 63 0.0674896 -0.664077
2 63 0.0674896 -0.664077
0 64 0.0973494 -0.805911
1 64 0.101082 -0.805911
2 64 0.101082 -0.805911
0 65 0.0264323 -0.656612
1 65 0.0301648 -0.656612
2 65 0.0301648 -0.656612
0 66 -0.0370199 -0.652879
1 66 -0.0332874 -0.652879
2 66 -0.0332874 -0.652879
