28
0 0 0.185417 -0.870833
1 0 0.18875 -0.88
2 0 0.211458 -0.888542
0 1 0.130208 -0.658333
1 1 0.135417 -0.664583
2 1 0.157292 -0.670833
0 2 0.185 -0.87125
1 2 0.18875 -0.88
2 2 0.21125 -0.88875
0 3 0.165 -0.8175
1 3 0.16875 -0.825
2 3 0.19 -0.8325
0 4 0.10625 -0.67375
1 4 0.11125 -0.68
2 4 0.1325 -0.68625
0 5 -0.13 -0.8475
1 5 -0.1325 -0.8525
2 5 -0.1195 -0.862
0 6 0.1034 -0.6688
1 6 0.1088 -0.6742
2 6 0.1304 -0.6796
0 7 -0.136 -0.8452
1 7 -0.1396 -0.8506
2 7 -0.127 -0.8596
0 8 0.0497601 -0.70624
1 8 0.0540801 -0.71056
2 8 0.0735202 -0.71704
0 9 -0.13816 -0.84448
1 9 -0.14032 -0.85096
2 9 -0.12736 -0.8596
0 10 0.15128 -0.67816
1 10 0.1556 -0.68464
2 10 0.1772 -0.68896
0 11 0.10808 -0.67384
1 11 0.1124 -0.68032
2 11 0.134 -0.6868
0 12 0.16424 -0.82504
1 12 0.16856 -0.83368
2 12 0.19016 -0.84016
0 13 0.12752 -0.657856
1 13 0.132704 -0.665632
2 13 0.15344 -0.670816
0 14 0.0575363 -0.699328
1 14 0.0601283 -0.704512
2 14 0.0808642 -0.709696
0 15 0.0497602 -0.694144
1 15 0.0523523 -0.699328
2 15 0.0730882 -0.704512
0 16 0.163808 -0.823744
1 16 0.1664 -0.83152
2 16 0.189728 -0.839296
0 17 -0.139456 -0.847072
1 17 -0.142048 -0.852256
2 17 -0.129088 -0.860032
0 18 0.107303 -0.682739
1 18 0.110413 -0.68896
2 18 0.132186 -0.695181
0 19 0.125965 -0.657856
1 19 0.129075 -0.664077
2 19 0.150848 -0.670297
0 20 0.149604 -0.682739
1 20 0.153337 -0.690204
2 20 0.175732 -0.693937
0 21 0.160802 -0.824573
1 21 0.164534 -0.832038
2 21 0.186929 -0.839503
0 22 0.0562922 -0.701402
1 22 0.0600246 -0.705134
2 22 0.078687 -0.712599
0 23 0.153337 -0.656612
1 23 0.157069 -0.664077
2 23 0.179464 -0.667809
0 24 0.123477 -0.656612
1 24 0.130942 -0.667809
2 24 0.149604 -0.671542
0 25 0.183197 -0.813376
1 25 0.186929 -0.820841
2 25 0.209324 -0.828306
0 26 -0.197517 -0.660344
1 26 -0.197517 -0.664077
2 26 -0.186319 -0.667809
0 27 0.0749546 -0.656612
1 27 0.078687 -0.664077
2 27 0.0973494 -0.667809
