82
0 0 0.0125001 -0.7225
1 0 0.0114583 -0.722917
2 0 0.00833333 -0.725
0 1 -0.145 -0.7175
1 1 -0.145 -0.7175
2 1 -0.14875 -0.71875
0 2 -0.53375 -0.57125
1 2 -0.536458 -0.571875
2 2 -0.54125 -0.56875
0 3 0.03875 -0.58
1 3 0.03875 -0.58
2 3 0.035 -0.58
0 4 0.23 -0.30625
1 4 0.2315 -0.3055
2 4 0.23375 -0.305
0 5 0.0125001 -0.7225
1 5 0.0114583 -0.722917
2 5 0.00875003 -0.725
0 6 -0.1465 -0.688
1 6 -0.1465 -0.688
2 6 -0.1495 -0.688
0 7 -0.53375 -0.57125
1 7 -0.5365 -0.571
2 7 -0.541 -0.568
0 8 0.2285 -0.307
1 8 0.2325 -0.305
2 8 0.233 -0.304
0 9 0.0125001 -0.7225
1 9 0.0110001 -0.724
2 9 0.00800006 -0.7255
0 10 -0.1435 -0.688
1 10 -0.1435 -0.688
2 10 -0.1465 -0.6895
0 11 -0.1495 -0.688
1 11 -0.1495 -0.688
2 11 -0.1525 -0.6895
0 12 0.0755 -0.5815
1 12 0.0755 -0.5815
2 12 0.0725001 -0.5815
0 13 0.0470001 -0.58
1 13 0.0470001 -0.58
2 13 0.0440001 -0.58
0 14 -0.163 -0.3052
1 14 -0.163 -0.3034
2 14 -0.163 -0.3016
0 15 -0.1666 -0.7174
1 15 -0.1666 -0.7174
2 15 -0.1702 -0.7174
0 16 -0.1504 -0.6886
1 16 -0.1504 -0.6886
2 16 -0.154 -0.6886
0 17 -0.5482 -0.7318
1 17 -0.5518 -0.7336
2 17 -0.5572 -0.7336
0 18 0.0130402 -0.72352
1 18 0.0116001 -0.7246
2 18 0.00800012 -0.7264
0 19 0.0764001 -0.5824
1 19 0.0764001 -0.5806
2 19 0.0728001 -0.5824
0 20 0.0224001 -0.5932
1 20 0.0224001 -0.5932
2 20 0.0188001 -0.5932
0 21 0.0224001 -0.6058
1 21 0.0224001 -0.6058
2 21 0.0188001 -0.6058
0 22 -0.1468 -0.694
1 22 -0.1468 -0.694
2 22 -0.1504 -0.6958
0 23 -0.1432 -0.6886
1 23 -0.1432 -0.6886
2 23 -0.1468 -0.6886
0 24 -0.1756 -0.6922
1 24 -0.1756 -0.6922
2 24 -0.1774 -0.6922
0 25 -0.1396 -0.6904
1 25 -0.1396 -0.6904
2 25 -0.1432 -0.6904
0 26 0.0278001 -0.6688
1 26 0.0260001 -0.6688
2 26 0.0224001 -0.6706
0 27 0.0764001 -0.6742
1 27 0.0764001 -0.6742
2 27 0.0728001 -0.6742
0 28 0.2276 -0.307
1 28 0.2312 -0.3052
2 28 0.233 -0.3052
0 29 -0.5395 -0.577
1 29 -0.5425 -0.577
2 29 -0.5482 -0.5752
0 30 -0.0189999 -0.6436
1 30 -0.0189999 -0.6436
2 30 -0.0225999 -0.6454
0 31 0.0130402 -0.72352
1 31 0.0116001 -0.7246
2 31 0.00872014 -0.72784
0 32 0.0238401 -0.60688
1 32 0.0216801 -0.60472
2 32 0.0195201 -0.60688
0 33 0.22688 -0.30664
1 33 0.2312 -0.30448
2 33 0.23336 -0.30448
0 34 -0.1468 -0.71704
1 34 -0.1468 -0.71704
2 34 -0.14896 -0.7192
0 35 0.0778402 -0.58096
1 35 0.0778402 -0.58096
2 35 0.0756802 -0.58096
0 36 0.0389601 -0.5788
1 36 0.0389601 -0.5788
2 36 0.0346401 -0.5788
0 37 0.0562401 -0.5788
1 37 0.0540801 -0.5788
2 37 0.0519201 -0.5788
0 38 -0.1468 -0.69976
1 38 -0.1468 -0.69976
2 38 -0.15112 -0.70192
0 39 -0.17488 -0.69328
1 39 -0.17488 -0.69328
2 39 -0.17704 -0.69328
0 40 -0.64576 -0.57016
1 40 -0.65008 -0.57016
2 40 -0.65656 -0.568
0 41 -0.16408 -0.30448
1 41 -0.162784 -0.302752
2 41 -0.16408 -0.30232
0 42 0.0238403 -0.606016
1 42 0.0212482 -0.608608
2 42 0.0186562 -0.608608
0 43 -0.543808 -0.735616
1 43 -0.5464 -0.738208
2 43 -0.554176 -0.738208
0 44 0.0264322 -0.600832
1 44 0.0264322 -0.600832
2 44 0.0238403 -0.600832
0 45 -0.147232 -0.717472
1 45 -0.147232 -0.717472
2 45 -0.149824 -0.717472
0 46 -0.142048 -0.712288
1 46 -0.142048 -0.712288
2 46 -0.147232 -0.712288
0 47 0.0808642 -0.587872
1 47 0.0808642 -0.587872
2 47 0.0782722 -0.587872
0 48 -0.152416 -0.707104
1 48 -0.152416 -0.707104
2 48 -0.155008 -0.709696
0 49 0.0782722 -0.582688
1 49 0.0782722 -0.580096
2 49 0.0756803 -0.582688
0 50 -0.1576 -0.691552
1 50 -0.1576 -0.691552
2 50 -0.162784 -0.691552
0 51 0.0130402 -0.72352
1 51 0.0134722 -0.725248
2 51 0.0108802 -0.725248
0 52 -0.162784 -0.305344
1 52 -0.162784 -0.302752
2 52 -0.162784 -0.30016
0 53 0.0134722 -0.730432
1 53 0.0134722 -0.730432
2 53 0.00828826 -0.733024
0 54 0.22688 -0.30664
1 54 0.2312 -0.305344
2 54 0.233792 -0.305344
0 55 0.0139907 -0.723174
1 55 0.0139907 -0.723174
2 55 0.0108803 -0.726285
0 56 0.0793091 -0.589427
1 56 0.0793091 -0.589427
2 56 0.0761987 -0.589427
0 57 -0.169523 -0.701402
1 57 -0.169523 -0.701402
2 57 -0.172633 -0.704512
0 58 0.0761987 -0.673408
1 58 0.0761987 -0.673408
2 58 0.0699778 -0.676518
0 59 0.119744 -0.720064
1 59 0.119744 -0.720064
2 59 0.116634 -0.723174
0 60 -0.14775 -0.716954
1 60 -0.14775 -0.716954
2 60 -0.150861 -0.716954
0 61 0.0202115 -0.673408
1 61 0.0202115 -0.670297
2 61 0.0171011 -0.673408
0 62 -0.169523 -0.716954
1 62 -0.166413 -0.716954
2 62 -0.172633 -0.716954
0 63 -0.545881 -0.735616
1 63 -0.548992 -0.738726
2 63 -0.555213 -0.738726
0 64 -0.172633 -0.69207
1 64 -0.172633 -0.69207
2 64 -0.172633 -0.69207
0 65 0.0793091 -0.580096
1 65 0.0793091 -0.580096
2 65 0.0761987 -0.583206
0 66 0.0482051 -0.570765
1 66 0.0482051 -0.570765
2 66 0.0450947 -0.570765
0 67 -0.163302 -0.30327
1 67 -0.163302 -0.30327
2 67 -0.163302 -0.30016
0 68 0.0233219 -0.589427
1 68 0.0233219 -0.589427
2 68 0.0202115 -0.589427
0 69 0.225498 -0.306381
1 69 0.228608 -0.30327
2 69 0.231719 -0.30327
0 70 0.0413623 -0.671542
1 70 0.0413623 -0.671542
2 70 0.0376298 -0.675274
0 71 0.0376298 -0.57823
1 71 0.0376298 -0.57823
2 71 0.0338973 -0.581962
0 72 -0.545881 -0.735616
1 72 -0.54837 -0.738726
2 72 -0.555835 -0.738726
0 73 0.0152349 -0.731261
1 73 0.0152349 -0.731261
2 73 0.0115024 -0.731261
0 74 -0.163924 -0.305759
1 74 -0.160192 -0.302026
2 74 -0.163924 -0.302026
0 75 -0.148994 -0.716331
1 75 -0.148994 -0.716331
2 75 -0.152727 -0.716331
0 76 0.0824195 -0.581962
1 76 0.0824195 -0.581962
2 76 0.078687 -0.581962
0 77 0.225498 -0.306381
1 77 0.227986 -0.305759
2 77 0.231719 -0.305759
0 78 -0.171389 -0.705134
1 78 -0.171389 -0.705134
2 78 -0.175122 -0.705134
0 79 0.0264323 -0.600625
1 79 0.0264323 -0.600625
2 79 0.0226998 -0.600625
0 80 0.0226998 -0.589427
1 80 0.0226998 -0.589427
2 80 0.0189673 -0.59316
0 81 0.0450947 -0.570765
1 81 0.0450947 -0.570765
2 81 0.0413623 -0.570765
