92
0 0 -0.289583 -0.711458
1 0 -0.292708 -0.709375
2 0 -0.295833 -0.70625
0 1 -0.292708 -0.711458
1 1 -0.3 -0.708333
2 1 -0.301042 -0.70625
0 2 0.0197917 -0.43125
1 2 0.01625 -0.4275
2 2 0.01875 -0.425
0 3 -0.110417 -0.728125
1 3 -0.11625 -0.72625
2 3 -0.115625 -0.723958
0 4 -0.3175 -0.7375
1 4 -0.32375 -0.73375
2 4 -0.325 -0.7325
0 5 -0.0475 -0.57625
1 5 -0.0512499 -0.575
2 5 -0.0512499 -0.5725
0 6 -0.08 -0.57125
1 6 -0.08375 -0.56875
2 6 -0.08375 -0.56625
0 7 -0.11 -0.72875
1 7 -0.11625 -0.72625
2 7 -0.11625 -0.72375
0 8 -0.0499999 -0.57125
1 8 -0.05375 -0.56875
2 8 -0.05375 -0.5675
0 9 -0.07375 -0.5675
1 9 -0.0775 -0.56625
2 9 -0.0775 -0.56375
0 10 -0.2875 -0.70625
1 10 -0.29375 -0.7025
2 10 -0.295 -0.70125
0 11 -0.04625 -0.6625
1 11 -0.0512499 -0.66
2 11 -0.0512499 -0.65875
0 12 0.02 -0.43125
1 12 0.01625 -0.4275
2 12 0.0187501 -0.425
0 13 -0.328 -0.7135
1 13 -0.334 -0.709
2 13 -0.3355 -0.7075
0 14 -0.0895 -0.571
1 14 -0.094 -0.568
2 14 -0.094 -0.5665
0 15 -0.0505 -0.5725
1 15 -0.0535 -0.5695
2 15 -0.0535 -0.568
0 16 -0.289 -0.7075
1 16 -0.2935 -0.703
2 16 -0.295 -0.7015
0 17 -0.2965 -0.7075
1 17 -0.3025 -0.703
2 17 -0.304 -0.7015
0 18 -0.2935 -0.7315
1 18 -0.2995 -0.7285
2 18 -0.301 -0.727
0 19 -0.2905 -0.7135
1 19 -0.2965 -0.709
2 19 -0.298 -0.7075
0 20 -0.2935 -0.712
1 20 -0.2995 -0.709
2 20 -0.301 -0.7075
0 21 -0.1015 -0.595
1 21 -0.106 -0.5905
2 21 -0.106 -0.5905
0 22 -0.1105 -0.7285
1 22 -0.1165 -0.727
2 22 -0.1165 -0.7255
0 23 -0.085 -0.5785
1 23 -0.0895 -0.5755
2 23 -0.0895 -0.574
0 24 -0.316 -0.7426
1 24 -0.3214 -0.739
2 24 -0.3232 -0.7372
0 25 -0.2908 -0.7408
1 25 -0.2962 -0.739
2 25 -0.298 -0.7372
0 26 -0.3214 -0.7174
1 26 -0.3268 -0.7138
2 26 -0.3286 -0.712
0 27 -0.2818 -0.7138
1 27 -0.2872 -0.7102
2 27 -0.289 -0.7084
0 28 -0.2926 -0.7336
1 28 -0.298 -0.73
2 28 -0.2998 -0.7282
0 29 -0.1054 -0.5878
1 29 -0.1108 -0.5842
2 29 -0.109 -0.5824
0 30 -0.0909999 -0.6652
1 30 -0.0963999 -0.6634
2 30 -0.0963999 -0.6616
0 31 -0.34 -0.2545
1 31 -0.343 -0.2476
2 31 -0.3448 -0.2404
0 32 -0.0477999 -0.667
1 32 -0.0513999 -0.6652
2 32 -0.0513999 -0.6634
0 33 -0.1108 -0.73
1 33 -0.1165 -0.727
2 33 -0.1162 -0.7264
0 34 -0.0495999 -0.5716
1 34 -0.0531999 -0.5698
2 34 -0.0531999 -0.568
0 35 -0.29152 -0.73432
1 35 -0.29584 -0.73
2 35 -0.298 -0.72784
0 36 -0.28936 -0.7084
1 36 -0.29368 -0.70408
2 36 -0.29584 -0.70192
0 37 -0.29584 -0.7084
1 37 -0.30232 -0.70408
2 37 -0.30448 -0.70192
0 38 0.15992 -0.24616
1 38 0.16208 -0.24184
2 38 0.16856 -0.23752
0 39 -0.31528 -0.71056
1 39 -0.32176 -0.7084
2 39 -0.32392 -0.70624
0 40 -0.11008 -0.73
1 40 -0.1162 -0.7264
2 40 -0.1144 -0.72568
0 41 -0.0711999 -0.57016
1 41 -0.0755199 -0.568
2 41 -0.0755199 -0.56584
0 42 -0.0884799 -0.57016
1 42 -0.0927999 -0.568
2 42 -0.0927999 -0.56584
0 43 -0.0431199 -0.66088
1 43 -0.0474399 -0.66088
2 43 -0.0474399 -0.65872
0 44 -0.32392 -0.74296
1 44 -0.3304 -0.73864
2 44 -0.33256 -0.73648
0 45 -0.29152 -0.7408
1 45 -0.29584 -0.73864
2 45 -0.298 -0.73648
0 46 -0.0971199 -0.6652
1 46 -0.1036 -0.66088
2 46 -0.1036 -0.66088
0 47 -0.0474399 -0.5788
1 47 -0.0517598 -0.57664
2 47 -0.0517598 -0.57448
0 48 -0.10576 -0.66952
1 48 -0.11008 -0.66736
2 48 -0.11008 -0.6652
0 49 -0.0841599 -0.5788
1 49 -0.0884799 -0.57664
2 49 -0.0884799 -0.57448
0 50 -0.10576 -0.58528
1 50 -0.11008 -0.58312
2 50 -0.11008 -0.58096
0 51 -0.0474399 -0.6652
1 51 -0.0539199 -0.6652
2 51 -0.0517598 -0.66304
0 52 -0.289792 -0.707104
1 52 -0.294976 -0.704512
2 52 -0.294976 -0.70192
0 53 -0.320896 -0.720064
1 53 -0.32608 -0.717472
2 53 -0.32608 -0.71488
0 54 -0.320896 -0.733024
1 54 -0.32608 -0.730432
2 54 -0.328672 -0.730432
0 55 -0.323488 -0.712288
1 55 -0.328672 -0.709696
2 55 -0.331264 -0.707104
0 56 -0.315712 -0.712288
1 56 -0.323488 -0.707104
2 56 -0.323488 -0.707104
0 57 -0.0902078 -0.569728
1 57 -0.0927998 -0.567136
2 57 -0.0927998 -0.564544
0 58 -0.323488 -0.743392
1 58 -0.328672 -0.738208
2 58 -0.331264 -0.738208
0 59 -0.0461438 -0.57232
1 59 -0.0513278 -0.569728
2 59 -0.0513278 -0.567136
0 60 -0.107315 -0.735616
1 60 -0.113536 -0.735616
2 60 -0.116128 -0.733024
0 61 -0.100576 -0.57232
1 61 -0.10576 -0.569728
2 61 -0.10576 -0.567136
0 62 0.161216 -0.245728
1 62 0.161216 -0.240544
2 62 0.168992 -0.237952
0 63 -0.290829 -0.741837
1 63 -0.297049 -0.738726
2 63 -0.30016 -0.735616
0 64 -0.101094 -0.592537
1 64 -0.107315 -0.589427
2 64 -0.107315 -0.589427
0 65 -0.297049 -0.707622
1 65 -0.30327 -0.704512
2 65 -0.30327 -0.704512
0 66 -0.306381 -0.710733
1 66 -0.312601 -0.707622
2 66 -0.315712 -0.707622
0 67 0.00465946 -0.716954
1 67 0.00154908 -0.720064
2 67 0.00154908 -0.716954
0 68 0.16018 -0.244173
1 68 0.16018 -0.241062
2 68 0.1664 -0.234841
0 69 -0.0482173 -0.570765
1 69 -0.0513278 -0.567654
2 69 -0.0513278 -0.567654
0 70 -0.0824317 -0.561433
1 70 -0.0886525 -0.558323
2 70 -0.0886525 -0.555213
0 71 -0.321933 -0.732506
1 71 -0.325043 -0.729395
2 71 -0.328153 -0.726285
0 72 -0.0824317 -0.580096
1 72 -0.0886525 -0.576985
2 72 -0.0855422 -0.573875
0 73 -0.0513278 -0.667187
1 73 -0.0544381 -0.667187
2 73 -0.0544381 -0.664077
0 74 -0.107315 -0.735616
1 74 -0.113536 -0.735616
2 74 -0.113536 -0.732506
0 75 -0.30327 -0.738726
1 75 -0.309491 -0.735616
2 75 -0.312601 -0.732506
0 76 -0.318822 -0.741837
1 76 -0.325043 -0.738726
2 76 -0.325043 -0.735616
0 77 -0.339351 -0.253504
1 77 -0.343705 -0.247283
2 77 -0.343705 -0.241062
0 78 -0.0818097 -0.581962
1 78 -0.0855421 -0.57823
2 78 -0.0855421 -0.57823
0 79 -0.283364 -0.716331
1 79 -0.290829 -0.712599
2 79 -0.290829 -0.708866
0 80 -0.290829 -0.708866
1 80 -0.298294 -0.705134
2 80 -0.298294 -0.705134
0 81 -0.302026 -0.727529
1 81 -0.305759 -0.727529
2 81 -0.309491 -0.723796
0 82 -0.0855421 -0.667809
1 82 -0.0892746 -0.664077
2 82 -0.0892746 -0.664077
0 83 -0.0519498 -0.581962
1 83 -0.0556823 -0.57823
2 83 -0.0556823 -0.57823
0 84 -0.0264446 -0.667187
1 84 -0.0332874 -0.664077
2 84 -0.0332874 -0.660344
0 85 -0.0519498 -0.589427
1 85 -0.0556823 -0.585695
2 85 -0.0556823 -0.585695
0 86 -0.0482173 -0.667809
1 86 -0.0556823 -0.667809
2 86 -0.0556823 -0.664077
0 87 -0.0892746 -0.570765
1 87 -0.0930071 -0.570765
2 87 -0.0930071 -0.567032
0 88 -0.0519498 -0.5633
1 88 -0.0556823 -0.559567
2 88 -0.0556823 -0.559567
0 89 -0.0818097 -0.5633
1 89 -0.0892746 -0.559567
2 89 -0.0855421 -0.555835
0 90 -0.339351 -0.253504
1 90 -0.343083 -0.249771
2 90 -0.343083 -0.242306
0 91 0.157069 -0.246039
1 91 0.16018 -0.241062
2 91 0.164534 -0.234841
