43
0 0 -0.0135417 -0.677083
1 0 0.0375 -0.675
2 0 0.0541667 -0.678125
0 1 0.0822917 -0.788542
1 1 0.1375 -0.786458
2 1 0.157292 -0.790625
0 2 0.08125 -0.78875
1 2 0.1375 -0.78625
2 2 0.15625 -0.79
0 3 0.02 -0.63375
1 3 0.0700001 -0.63125
2 3 0.0862501 -0.63375
0 4 0.02875 -0.63
1 4 0.0787501 -0.62625
2 4 0.0950001 -0.62875
0 5 -0.0135417 -0.677083
1 5 0.0375001 -0.675
2 5 0.0550001 -0.67875
0 6 -0.2 -0.49375
1 6 -0.15625 -0.49375
2 6 -0.1475 -0.4925
0 7 0.0815 -0.7615
1 7 0.137 -0.7585
2 7 0.1565 -0.763
0 8 -0.1735 -0.7975
1 8 -0.1225 -0.799
2 8 -0.1105 -0.805
0 9 0.0332001 -0.7696
1 9 0.0872002 -0.7678
2 9 0.107 -0.7714
0 10 -0.0135999 -0.6364
1 10 0.0350001 -0.6346
2 10 0.0530001 -0.6364
0 11 0.0260002 -0.65656
1 11 0.0800002 -0.6544
2 11 0.0972801 -0.65656
0 12 0.0800002 -0.7948
1 12 0.13616 -0.79264
2 12 0.1556 -0.79696
0 13 0.0886402 -0.76456
1 13 0.1448 -0.7624
2 13 0.16424 -0.76672
0 14 0.0389601 -0.73432
1 14 0.0929601 -0.73216
2 14 0.11024 -0.73648
0 15 0.0324802 -0.76888
1 15 0.0886402 -0.76672
2 15 0.10808 -0.77104
0 16 -0.21592 -0.63928
1 16 -0.17056 -0.64144
2 16 -0.15976 -0.64144
0 17 0.0346401 -0.75376
1 17 0.0886402 -0.7516
2 17 0.10808 -0.75592
0 18 0.0808642 -0.795232
1 18 0.135296 -0.79264
2 18 0.156032 -0.797824
0 19 0.0730882 -0.655264
1 19 0.124928 -0.652672
2 19 0.143072 -0.655264
0 20 -0.315712 -0.68896
1 20 -0.271648 -0.691552
2 20 -0.26128 -0.696736
0 21 -0.0171134 -0.676518
1 21 0.0357635 -0.673408
2 21 0.0513155 -0.676518
0 22 0.0793091 -0.794714
1 22 0.135296 -0.791603
2 22 0.153959 -0.797824
0 23 -0.178854 -0.800934
1 23 -0.129088 -0.800934
2 23 -0.116646 -0.807155
0 24 -0.312601 -0.362368
1 24 -0.272166 -0.365478
2 24 -0.265945 -0.362368
0 25 0.0357635 -0.760499
1 25 0.0886403 -0.760499
2 25 0.110413 -0.76361
0 26 0.00051225 -0.790048
1 26 0.0575363 -0.788493
2 26 0.0730883 -0.791603
0 27 0.0699778 -0.657856
1 27 0.122855 -0.654746
2 27 0.141517 -0.657856
0 28 -0.0171134 -0.68896
1 28 0.0357635 -0.68585
2 28 0.0513155 -0.68896
0 29 -0.169523 -0.791603
1 29 -0.119757 -0.794714
2 29 -0.107315 -0.800934
0 30 0.0749546 -0.768586
1 30 0.130942 -0.768586
2 30 0.149604 -0.772319
0 31 0.0973494 -0.783516
1 31 0.153337 -0.779784
2 31 0.171999 -0.787249
0 32 0.078687 -0.794714
1 32 0.134674 -0.794714
2 32 0.153337 -0.798446
0 33 -0.171389 -0.790981
1 33 -0.122867 -0.794714
2 33 -0.107937 -0.798446
0 34 0.086152 -0.764854
1 34 0.142139 -0.761121
2 34 0.160802 -0.764854
0 35 -0.0183575 -0.675274
1 35 0.0338973 -0.675274
2 35 0.0525597 -0.679007
0 36 0.0712221 -0.660344
1 36 0.123477 -0.656612
2 36 0.142139 -0.660344
0 37 -0.208714 -0.361746
1 37 -0.171389 -0.361746
2 37 -0.160192 -0.358013
0 38 -0.313223 -0.365478
1 38 -0.272166 -0.365478
2 38 -0.264701 -0.365478
0 39 -0.02209 -0.813376
1 39 0.0338973 -0.813376
2 39 0.0525597 -0.817108
0 40 0.00403741 -0.637949
1 40 0.0525597 -0.634217
2 40 0.0712221 -0.637949
0 41 -0.320688 -0.690204
1 41 -0.272166 -0.693937
2 41 -0.264701 -0.697669
0 42 -0.0183575 -0.637949
1 42 0.0301648 -0.637949
2 42 0.0488272 -0.637949
