87
0 0 -0.0416667 -0.569792
1 0 -0.0427083 -0.56875
2 0 -0.04375 -0.569792
0 1 0.144792 -0.261458
1 1 0.148958 -0.258333
2 1 0.15 -0.258333
0 2 -0.271875 -0.701042
1 2 -0.276042 -0.698958
2 2 -0.279167 -0.701042
0 3 -0.275 -0.698958
1 3 -0.278125 -0.698958
2 3 -0.28125 -0.701042
0 4 -0.10375 -0.72125
1 4 -0.105208 -0.721875
2 4 -0.108333 -0.723958
0 5 -0.10375 -0.72125
1 5 -0.105208 -0.721875
2 5 -0.1075 -0.7225
0 6 -0.30125 -0.7225
1 6 -0.305 -0.7225
2 6 -0.3075 -0.725
0 7 -0.275 -0.69875
1 7 -0.27875 -0.69875
2 7 -0.28125 -0.70125
0 8 -0.275 -0.726042
1 8 -0.27875 -0.7275
2 8 -0.28125 -0.73
0 9 -0.0725 -0.5975
1 9 -0.07375 -0.59625
2 9 -0.0749999 -0.5975
0 10 -0.04125 -0.57
1 10 -0.0425 -0.56875
2 10 -0.0437499 -0.57
0 11 -0.07125 -0.56875
1 11 -0.0725 -0.56875
2 11 -0.07375 -0.56875
0 12 -0.065 -0.56625
1 12 -0.06625 -0.56625
2 12 -0.0675 -0.5675
0 13 -0.0749999 -0.57625
1 13 -0.0762499 -0.575
2 13 -0.0775 -0.57625
0 14 -0.2815 -0.694
1 14 -0.2845 -0.694
2 14 -0.2875 -0.6955
0 15 -0.277 -0.694
1 15 -0.28 -0.6925
2 15 -0.283 -0.6955
0 16 -0.0715 -0.5965
1 16 -0.073 -0.5965
2 16 -0.0745 -0.5965
0 17 -0.097 -0.595
1 17 -0.0984999 -0.5935
2 17 -0.0999999 -0.595
0 18 -0.274 -0.694
1 18 -0.277 -0.694
2 18 -0.2785 -0.6955
0 19 -0.0925 -0.5875
1 19 -0.094 -0.5875
2 19 -0.0955 -0.5875
0 20 -0.10375 -0.72125
1 20 -0.106 -0.7225
2 20 -0.1075 -0.7225
0 21 -0.0385 -0.5755
1 21 -0.0385 -0.5755
2 21 -0.04 -0.5755
0 22 -0.0895 -0.5695
1 22 -0.091 -0.5695
2 22 -0.0925 -0.5695
0 23 -0.0715 -0.5695
1 23 -0.0715 -0.568
2 23 -0.073 -0.5695
0 24 0.0237501 -0.4325
1 24 0.0237501 -0.43125
2 24 0.023 -0.4315
0 25 -0.0405999 -0.5698
1 25 -0.0423999 -0.5698
2 25 -0.0423999 -0.5698
0 26 0.1445 -0.2605
1 26 0.1466 -0.2584
2 26 0.1484 -0.2584
0 27 -0.2764 -0.6994
1 27 -0.28 -0.6994
2 27 -0.2836 -0.7012
0 28 -0.307 -0.6976
1 28 -0.3106 -0.6976
2 28 -0.3142 -0.6994
0 29 -0.2746 -0.694
1 29 -0.2764 -0.694
2 29 -0.28 -0.6958
0 30 -0.0927999 -0.5878
1 30 -0.0927999 -0.5878
2 30 -0.0945999 -0.5878
0 31 -0.0927999 -0.5914
1 31 -0.0927999 -0.5914
2 31 -0.0945999 -0.5914
0 32 -0.0405999 -0.6634
1 32 -0.0405999 -0.6634
2 32 -0.0423999 -0.6652
0 33 -0.0963999 -0.595
1 33 -0.0981999 -0.595
2 33 -0.0999999 -0.595
0 34 -0.0963999 -0.6652
1 34 -0.0981999 -0.6652
2 34 -0.0999999 -0.667
0 35 -0.1378 -0.6382
1 35 -0.1396 -0.6382
2 35 -0.1414 -0.64
0 36 -0.2764 -0.70192
1 36 -0.28072 -0.70192
2 36 -0.28288 -0.70408
0 37 -0.0387999 -0.57664
1 37 -0.0387999 -0.57664
2 37 -0.0409599 -0.57664
0 38 -0.0963999 -0.595
1 38 -0.0971199 -0.59608
2 38 -0.0992798 -0.59608
0 39 -0.2764 -0.72568
1 39 -0.28072 -0.72568
2 39 -0.28288 -0.72784
0 40 -0.30232 -0.7192
1 40 -0.30664 -0.7192
2 40 -0.3088 -0.72136
0 41 -0.2764 -0.7192
1 41 -0.27856 -0.7192
2 41 -0.28288 -0.72136
0 42 -0.30016 -0.6976
1 42 -0.30232 -0.6976
2 42 -0.30664 -0.69976
0 43 -0.30664 -0.6976
1 43 -0.31096 -0.6976
2 43 -0.31312 -0.69976
0 44 -0.0927999 -0.57016
1 44 -0.0927999 -0.57016
2 44 -0.0949599 -0.57016
0 45 -0.0992798 -0.72136
1 45 -0.10576 -0.72352
2 45 -0.10576 -0.72568
0 46 -0.0409599 -0.66304
1 46 -0.0409599 -0.66304
2 46 -0.0431199 -0.6652
0 47 0.1448 -0.2602
1 47 0.14696 -0.25696
2 47 0.14912 -0.25696
0 48 0.33272 -0.82936
1 48 0.3392 -0.83368
2 48 0.34784 -0.84016
0 49 -0.0949599 -0.58312
1 49 -0.0971199 -0.58312
2 49 -0.0992798 -0.58312
0 50 -0.0560799 -0.57016
1 50 -0.0560799 -0.57016
2 50 -0.0582399 -0.57016
0 51 -0.0409598 -0.665632
1 51 -0.0409598 -0.665632
2 51 -0.0435518 -0.665632
0 52 -0.0383678 -0.569728
1 52 -0.0383678 -0.569728
2 52 -0.0409598 -0.569728
0 53 -0.0953918 -0.59824
1 53 -0.0979838 -0.59824
2 53 -0.0979838 -0.59824
0 54 -0.27424 -0.720064
1 54 -0.276832 -0.720064
2 54 -0.279424 -0.722656
0 55 -0.0927998 -0.590464
1 55 -0.0927998 -0.590464
2 55 -0.0953918 -0.590464
0 56 -0.0746558 -0.577504
1 56 -0.0746558 -0.577504
2 56 -0.0772478 -0.577504
0 57 -0.27424 -0.694144
1 57 -0.276832 -0.694144
2 57 -0.279424 -0.696736
0 58 -0.0927998 -0.569728
1 58 -0.0927998 -0.569728
2 58 -0.0953918 -0.569728
0 59 -0.1036 -0.72136
1 59 -0.10576 -0.72352
2 59 -0.10576 -0.725248
0 60 -0.0383678 -0.577504
1 60 -0.0383678 -0.577504
2 60 -0.0409598 -0.577504
0 61 -0.83368 -0.57016
1 61 -0.85312 -0.56584
2 61 -0.872992 -0.567136
0 62 0.143072 -0.26128
1 62 0.14696 -0.25696
2 62 0.148256 -0.256096
0 63 -0.0876158 -0.660448
1 63 -0.0902078 -0.660448
2 63 -0.0902078 -0.660448
0 64 -0.0731005 -0.576985
1 64 -0.076211 -0.576985
2 64 -0.076211 -0.576985
0 65 -0.269056 -0.707622
1 65 -0.272166 -0.707622
2 65 -0.275277 -0.710733
0 66 -0.269056 -0.701402
1 66 -0.272166 -0.701402
2 66 -0.275277 -0.704512
0 67 -0.306381 -0.698291
1 67 -0.309491 -0.698291
2 67 -0.312601 -0.701402
0 68 -0.275277 -0.695181
1 68 -0.278387 -0.695181
2 68 -0.281497 -0.698291
0 69 -0.076211 -0.664077
1 69 -0.0793214 -0.664077
2 69 -0.0824317 -0.667187
0 70 -0.278387 -0.723174
1 70 -0.281497 -0.726285
2 70 -0.284608 -0.726285
0 71 -0.835149 -0.570765
1 71 -0.85312 -0.56584
2 71 -0.872474 -0.567654
0 72 -0.0793214 -0.567654
1 72 -0.0824317 -0.567654
2 72 -0.0824317 -0.567654
0 73 -0.0388861 -0.570765
1 73 -0.0388861 -0.567654
2 73 -0.0419965 -0.570765
0 74 -0.312601 -0.265945
1 74 -0.312601 -0.262835
2 74 -0.318822 -0.259725
0 75 -0.0731005 -0.558323
1 75 -0.0731005 -0.558323
2 75 -0.076211 -0.558323
0 76 -0.0444848 -0.57823
1 76 -0.0444848 -0.57823
2 76 -0.0482173 -0.57823
0 77 -0.0706122 -0.57823
1 77 -0.0743447 -0.57823
2 77 -0.0743447 -0.581962
0 78 -0.279631 -0.723796
1 78 -0.283364 -0.723796
2 78 -0.287096 -0.727529
0 79 -0.275899 -0.697669
1 79 -0.279631 -0.697669
2 79 -0.283364 -0.697669
0 80 -0.302026 -0.712599
1 80 -0.305759 -0.712599
2 80 -0.309491 -0.716331
0 81 -0.02209 -0.667809
1 81 -0.0258224 -0.667809
2 81 -0.0258224 -0.667809
0 82 -0.0444848 -0.667809
1 82 -0.0444848 -0.667809
2 82 -0.0444848 -0.667809
0 83 -0.312601 -0.265945
1 83 -0.313223 -0.260969
2 83 -0.316956 -0.260969
0 84 -0.302026 -0.727529
1 84 -0.305759 -0.727529
2 84 -0.309491 -0.731261
0 85 0.142139 -0.260969
1 85 0.144628 -0.256614
2 85 0.145872 -0.257236
0 86 -0.0743447 -0.559567
1 86 -0.0743447 -0.559567
2 86 -0.0780772 -0.559567
