37
0 0 -0.00499999 -0.72125
1 0 -0.01625 -0.72
2 0 -0.0333333 -0.720833
0 1 -0.00549997 -0.721
1 1 -0.01625 -0.72
2 1 -0.0324999 -0.72125
0 2 -0.00459989 -0.721
1 2 -0.01625 -0.72
2 2 -0.0324999 -0.7225
0 3 0.220832 -0.294976
1 3 0.215648 -0.294976
2 3 0.206 -0.2944
0 4 -0.00459989 -0.73
1 4 -0.0175 -0.72875
2 4 -0.0315999 -0.73
0 5 -0.00459989 -0.721
1 5 -0.0171998 -0.72136
2 5 -0.0333999 -0.7228
0 6 0.0584001 -0.577
1 6 0.0476001 -0.577
2 6 0.0368001 -0.577
0 7 0.10592 -0.72136
1 7 0.0951201 -0.72136
2 7 0.0821602 -0.72136
0 8 -0.00423985 -0.72136
1 8 -0.0171998 -0.72136
2 8 -0.0279999 -0.72136
0 9 -0.00459989 -0.73
1 9 -0.0171134 -0.729395
2 9 -0.0323199 -0.73
0 10 -0.180928 -0.294976
1 10 -0.19 -0.29152
2 10 -0.19864 -0.2872
0 11 0.220832 -0.294976
1 11 0.215648 -0.294976
2 11 0.20528 -0.29368
0 12 0.0584002 -0.66952
1 12 0.0476002 -0.66952
2 12 0.0368001 -0.66952
0 13 0.0601283 -0.58528
1 13 0.0497602 -0.582688
2 13 0.0393922 -0.58528
0 14 0.0264322 -0.58528
1 14 0.0160643 -0.582688
2 14 0.00310421 -0.582688
0 15 0.0601283 -0.577504
1 15 0.0497602 -0.577504
2 15 0.0393922 -0.577504
0 16 0.0575363 -0.670816
1 16 0.0471682 -0.670816
2 16 0.0368003 -0.670816
0 17 0.220832 -0.294976
1 17 0.215648 -0.294976
2 17 0.20528 -0.294976
0 18 0.0264323 -0.583206
1 18 0.0171011 -0.583206
2 18 0.00465946 -0.583206
0 19 -0.00467173 -0.729395
1 19 -0.0171134 -0.729395
2 19 -0.0295549 -0.729395
0 20 0.00154908 -0.670297
1 20 -0.0108926 -0.670297
2 20 -0.0233341 -0.667187
0 21 0.0575363 -0.670297
1 21 0.0450947 -0.670297
2 21 0.0357635 -0.670297
0 22 0.0077699 -0.595648
1 22 -0.00467173 -0.595648
2 22 -0.0171134 -0.595648
0 23 -0.0264446 -0.716954
1 23 -0.0388861 -0.713843
2 23 -0.0513278 -0.713843
0 24 -0.163302 -0.716954
1 24 -0.175744 -0.713843
2 24 -0.188185 -0.713843
0 25 0.219277 -0.293939
1 25 0.213056 -0.293939
2 25 0.203725 -0.293939
0 26 0.0233219 -0.564544
1 26 0.0139907 -0.564544
2 26 0.00465946 -0.564544
0 27 -0.181965 -0.293939
1 27 -0.188185 -0.290829
2 27 -0.197517 -0.284608
0 28 0.0606467 -0.586317
1 28 0.0482051 -0.583206
2 28 0.0388739 -0.583206
0 29 0.0606467 -0.576985
1 29 0.0482051 -0.576985
2 29 0.0388739 -0.576985
0 30 0.0562922 -0.671542
1 30 0.0450947 -0.671542
2 30 0.0338973 -0.671542
0 31 0.390349 -0.828928
1 31 0.387239 -0.828928
2 31 0.38475 -0.835771
0 32 0.216789 -0.294561
1 32 0.213056 -0.294561
2 32 0.201859 -0.290829
0 33 -0.181965 -0.293939
1 33 -0.188185 -0.290829
2 33 -0.197517 -0.287096
0 34 -0.163924 -0.690204
1 34 -0.175122 -0.686472
2 34 -0.186319 -0.686472
0 35 0.0562922 -0.585695
1 35 0.0488272 -0.585695
2 35 0.0376298 -0.585695
0 36 0.0562922 -0.567032
1 36 0.0450947 -0.567032
2 36 0.0338973 -0.567032
