95
0 0 0.483333 -0.857292
1 0 0.501042 -0.865625
2 0 0.519792 -0.879167
0 1 -0.105208 -0.721875
1 1 -0.108333 -0.723958
2 1 -0.110417 -0.726042
0 2 -0.276042 -0.698958
1 2 -0.279167 -0.701042
2 2 -0.282292 -0.703125
0 3 -0.0666667 -0.566667
1 3 -0.0677083 -0.566667
2 3 -0.0708333 -0.567708
0 4 -0.27875 -0.69875
1 4 -0.28125 -0.70125
2 4 -0.285 -0.7025
0 5 -0.06625 -0.56625
1 5 -0.0675 -0.5675
2 5 -0.0699999 -0.5675
0 6 -0.0725 -0.56875
1 6 -0.07375 -0.56875
2 6 -0.0762499 -0.57
0 7 -0.0425 -0.56875
1 7 -0.0437499 -0.57
2 7 -0.04625 -0.57125
0 8 -0.0387499 -0.575
1 8 -0.04 -0.575
2 8 -0.0425 -0.57625
0 9 -0.28125 -0.7175
1 9 -0.285 -0.72
2 9 -0.28875 -0.7225
0 10 -0.07375 -0.59625
1 10 -0.0749999 -0.5975
2 10 -0.0775 -0.5975
0 11 -0.0762499 -0.575
1 11 -0.0775 -0.57625
2 11 -0.08 -0.5775
0 12 -0.13875 -0.6375
1 12 -0.13875 -0.63875
2 12 -0.1425 -0.64
0 13 -0.3175 -0.2625
1 13 -0.32125 -0.26125
2 13 -0.325 -0.26
0 14 0.148958 -0.258333
1 14 0.15 -0.2575
2 14 0.15125 -0.2575
0 15 -0.30125 -0.6975
1 15 -0.305 -0.69875
2 15 -0.30875 -0.70125
0 16 0.0237501 -0.43125
1 16 0.023 -0.4315
2 16 0.02125 -0.4325
0 17 -0.277 -0.694
1 17 -0.2785 -0.6955
2 17 -0.283 -0.6985
0 18 -0.2815 -0.718
1 18 -0.2845 -0.7195
2 18 -0.289 -0.7225
0 19 -0.2785 -0.727
1 19 -0.2815 -0.73
2 19 -0.286 -0.7315
0 20 -0.3055 -0.7225
1 20 -0.3085 -0.724
2 20 -0.313 -0.727
0 21 -0.2815 -0.6985
1 21 -0.2845 -0.7015
2 21 -0.289 -0.703
0 22 -0.073 -0.5965
1 22 -0.0745 -0.5965
2 22 -0.0775 -0.598
0 23 -0.105 -0.7225
1 23 -0.1075 -0.7225
2 23 -0.109 -0.7255
0 24 -0.034 -0.6535
1 24 -0.0355 -0.655
2 24 -0.0385 -0.6565
0 25 -0.0715 -0.568
1 25 -0.073 -0.5695
2 25 -0.076 -0.5695
0 26 0.1475 -0.259
1 26 0.149 -0.2575
2 26 0.1505 -0.2575
0 27 -0.3175 -0.262
1 27 -0.32125 -0.26125
2 27 -0.325 -0.259
0 28 -0.091 -0.5695
1 28 -0.0925 -0.5695
2 28 -0.0955 -0.5695
0 29 -0.043 -0.5695
1 29 -0.043 -0.5695
2 29 -0.046 -0.571
0 30 -0.04 -0.664
1 30 -0.0415 -0.6655
2 30 -0.0445 -0.6655
0 31 -0.0385 -0.658
1 31 -0.0385 -0.6595
2 31 -0.0415 -0.661
0 32 -0.2845 -0.694
1 32 -0.2875 -0.6955
2 32 -0.292 -0.6985
0 33 -0.3034 -0.7282
1 33 -0.307 -0.73
2 33 -0.3106 -0.7318
0 34 -0.2764 -0.694
1 34 -0.28 -0.6958
2 34 -0.2836 -0.6976
0 35 -0.0801999 -0.568
1 35 -0.0819999 -0.5698
2 35 -0.0837999 -0.5698
0 36 -0.3106 -0.721
1 36 -0.3106 -0.7246
2 36 -0.316 -0.7264
0 37 -0.0981999 -0.595
1 37 -0.0999999 -0.595
2 37 -0.1018 -0.5968
0 38 -0.28 -0.7192
1 38 -0.2836 -0.721
2 38 -0.2872 -0.7228
0 39 -0.1054 -0.7228
1 39 -0.10576 -0.72568
2 39 -0.109 -0.7264
0 40 -0.0981999 -0.5824
1 40 -0.0992798 -0.58312
2 40 -0.1018 -0.5842
0 41 -0.0405999 -0.6634
1 41 -0.0423999 -0.6652
2 41 -0.0441999 -0.6652
0 42 -0.0765999 -0.5752
1 42 -0.0765999 -0.577
2 42 -0.0801999 -0.577
0 43 -0.1396 -0.6382
1 43 -0.1414 -0.64
2 43 -0.1432 -0.64
0 44 -0.136 -0.6328
1 44 -0.1378 -0.6346
2 44 -0.1414 -0.6364
0 45 -0.0971199 -0.59608
1 45 -0.0992798 -0.59608
2 45 -0.10144 -0.59824
0 46 0.1466 -0.2584
1 46 0.1484 -0.2584
2 46 0.14912 -0.25696
0 47 -0.28072 -0.69328
1 47 -0.28288 -0.69544
2 47 -0.2872 -0.6976
0 48 -0.0971199 -0.58312
1 48 -0.0992798 -0.58312
2 48 -0.10144 -0.58312
0 49 -0.0387999 -0.57664
1 49 -0.0409599 -0.57664
2 49 -0.0431199 -0.57664
0 50 -0.30232 -0.6976
1 50 -0.30664 -0.69976
2 50 -0.31096 -0.70192
0 51 -0.28072 -0.70192
1 51 -0.28288 -0.70408
2 51 -0.2872 -0.70624
0 52 -0.31096 -0.6976
1 52 -0.31312 -0.69976
2 52 -0.31744 -0.70192
0 53 -0.0927999 -0.57016
1 53 -0.0949599 -0.57016
2 53 -0.0971199 -0.57016
0 54 -0.0409599 -0.66304
1 54 -0.0431199 -0.6652
2 54 -0.0452799 -0.6652
0 55 0.33704 -0.84016
1 55 0.34784 -0.84664
2 55 0.35648 -0.85528
0 56 0.3392 -0.83368
1 56 0.34784 -0.84016
2 56 0.35648 -0.8488
0 57 -0.30448 -0.72784
1 57 -0.30664 -0.73
2 57 -0.31096 -0.73216
0 58 -0.27856 -0.7192
1 58 -0.28288 -0.72136
2 58 -0.2872 -0.72352
0 59 -0.0625599 -0.568
1 59 -0.0647199 -0.568
2 59 -0.0668798 -0.568
0 60 -0.0755199 -0.57664
1 60 -0.0776799 -0.57664
2 60 -0.0798399 -0.57664
0 61 -0.0409598 -0.665632
1 61 -0.0435518 -0.665632
2 61 -0.0461438 -0.668224
0 62 -0.0979838 -0.580096
1 62 -0.0979838 -0.582688
2 62 -0.100576 -0.582688
0 63 -0.292384 -0.720064
1 63 -0.294976 -0.722656
2 63 -0.30016 -0.725248
0 64 -0.0383678 -0.577504
1 64 -0.0409598 -0.577504
2 64 -0.0435518 -0.577504
0 65 -0.276832 -0.694144
1 65 -0.279424 -0.696736
2 65 -0.284608 -0.699328
0 66 -0.0746558 -0.577504
1 66 -0.0772478 -0.577504
2 66 -0.0798398 -0.577504
0 67 -0.0927998 -0.569728
1 67 -0.0953918 -0.569728
2 67 -0.0979838 -0.569728
0 68 -0.276832 -0.720064
1 68 -0.279424 -0.722656
2 68 -0.284608 -0.725248
0 69 -0.0902078 -0.660448
1 69 -0.0902078 -0.660448
2 69 -0.0927998 -0.66304
0 70 -0.10576 -0.72352
1 70 -0.10576 -0.725248
2 70 -0.108352 -0.72784
0 71 -0.0927998 -0.590464
1 71 -0.0953918 -0.590464
2 71 -0.0979838 -0.590464
0 72 -0.0979838 -0.59824
1 72 -0.0979838 -0.59824
2 72 -0.100576 -0.59824
0 73 -0.302752 -0.72784
1 73 -0.302752 -0.72784
2 73 -0.307936 -0.730432
0 74 -0.10576 -0.730432
1 74 -0.10576 -0.730432
2 74 -0.108352 -0.733024
0 75 -0.0388861 -0.567654
1 75 -0.0419965 -0.570765
2 75 -0.0419965 -0.570765
0 76 -0.290829 -0.726285
1 76 -0.293939 -0.726285
2 76 -0.30016 -0.729395
0 77 -0.0731005 -0.558323
1 77 -0.076211 -0.558323
2 77 -0.0793214 -0.561433
0 78 -0.104205 -0.729395
1 78 -0.104205 -0.729395
2 78 -0.107315 -0.732506
0 79 -0.0419965 -0.664077
1 79 -0.045107 -0.667187
2 79 -0.0482173 -0.667187
0 80 -0.281497 -0.726285
1 80 -0.284608 -0.726285
2 80 -0.287718 -0.729395
0 81 -0.0780772 -0.664077
1 81 -0.0818097 -0.667809
2 81 -0.0818097 -0.667809
0 82 -0.279631 -0.697669
1 82 -0.283364 -0.697669
2 82 -0.287096 -0.701402
0 83 -0.309491 -0.701402
1 83 -0.313223 -0.701402
2 83 -0.316956 -0.705134
0 84 -0.0743447 -0.57823
1 84 -0.0743447 -0.581962
2 84 -0.0780772 -0.581962
0 85 -0.272166 -0.708866
1 85 -0.275899 -0.712599
2 85 -0.279631 -0.712599
0 86 -0.0444848 -0.57823
1 86 -0.0482173 -0.57823
2 86 -0.0482173 -0.57823
0 87 -0.290829 -0.727529
1 87 -0.294561 -0.731261
2 87 -0.298294 -0.731261
0 88 -0.0818097 -0.567032
1 88 -0.0818097 -0.570765
2 88 -0.0855421 -0.570765
0 89 -0.305759 -0.727529
1 89 -0.309491 -0.731261
2 89 -0.316956 -0.731261
0 90 -0.316956 -0.720064
1 90 -0.320688 -0.720064
2 90 -0.324421 -0.723796
0 91 -0.0444848 -0.667809
1 91 -0.0444848 -0.667809
2 91 -0.0482173 -0.667809
0 92 -0.0743447 -0.559567
1 92 -0.0780772 -0.559567
2 92 -0.0780772 -0.559567
0 93 -0.313223 -0.260969
1 93 -0.316956 -0.260969
2 93 -0.320688 -0.257236
0 94 0.144628 -0.256614
1 94 0.145872 -0.257236
2 94 0.145872 -0.257236
