87
0 0 -0.0489583 -0.571875
1 0 -0.0479167 -0.572917
2 0 -0.05 -0.572917
0 1 -0.112 -0.727
1 1 -0.1105 -0.73
2 1 -0.111458 -0.729167
0 2 0.02125 -0.4325
1 2 0.0208333 -0.433333
2 2 0.0197917 -0.433333
0 3 -0.11125 -0.72625
1 3 -0.111458 -0.730208
2 3 -0.11125 -0.72875
0 4 0.02125 -0.4325
1 4 0.02125 -0.4325
2 4 0.02 -0.4325
0 5 -0.28875 -0.735
1 5 -0.2875 -0.73875
2 5 -0.28875 -0.74125
0 6 -0.0824999 -0.5775
1 6 -0.0824999 -0.57875
2 6 -0.08375 -0.57875
0 7 -0.29125 -0.70625
1 7 -0.29125 -0.71
2 7 -0.2925 -0.7125
0 8 -0.0475 -0.5725
1 8 -0.0475 -0.57375
2 8 -0.0499999 -0.5725
0 9 -0.0775 -0.57125
1 9 -0.0775 -0.5725
2 9 -0.07875 -0.57125
0 10 -0.07125 -0.56875
1 10 -0.07125 -0.57
2 10 -0.0725 -0.57
0 11 -0.289 -0.7345
1 11 -0.2875 -0.739
2 11 -0.289 -0.7405
0 12 -0.313 -0.7045
1 12 -0.313 -0.709
2 12 -0.3145 -0.7105
0 13 -0.0775 -0.571
1 13 -0.0775 -0.5725
2 13 -0.079 -0.5725
0 14 -0.097 -0.571
1 14 -0.097 -0.5725
2 14 -0.0984999 -0.5725
0 15 -0.325 -0.706
1 15 -0.325 -0.712
2 15 -0.3265 -0.7135
0 16 -0.0715 -0.5695
1 16 -0.0715 -0.5695
2 16 -0.073 -0.5695
0 17 -0.145 -0.6415
1 17 -0.145 -0.6445
2 17 -0.145 -0.6445
0 18 -0.112 -0.727
1 18 -0.1105 -0.73
2 18 -0.1105 -0.73
0 19 -0.091 -0.6655
1 19 -0.0895 -0.667
2 19 -0.091 -0.667
0 20 -0.1036 -0.6004
1 20 -0.1036 -0.6004
2 20 -0.1054 -0.5986
0 21 -0.2872 -0.7012
1 21 -0.2854 -0.7048
2 21 -0.2872 -0.7066
0 22 -0.289 -0.7336
1 22 -0.289 -0.739
2 22 -0.2908 -0.7408
0 23 -0.316 -0.7102
1 23 -0.316 -0.7156
2 23 -0.3178 -0.7174
0 24 -0.28 -0.7066
1 24 -0.28 -0.712
2 24 -0.2818 -0.7138
0 25 -0.298 -0.703
1 25 -0.298 -0.7084
2 25 -0.2998 -0.7102
0 26 -0.1054 -0.6706
1 26 -0.1036 -0.6706
2 26 -0.1054 -0.6706
0 27 -0.0981999 -0.6652
1 27 -0.0971199 -0.6652
2 27 -0.0999999 -0.667
0 28 -0.325 -0.7066
1 28 -0.325 -0.712
2 28 -0.3268 -0.7138
0 29 -0.3214 -0.7048
1 29 -0.3214 -0.7084
2 29 -0.3232 -0.7102
0 30 -0.1036 -0.586
1 30 -0.1036 -0.5878
2 30 -0.1054 -0.5878
0 31 -0.0909999 -0.6652
1 31 -0.0891999 -0.667
2 31 -0.0909999 -0.667
0 32 -0.1108 -0.7282
1 32 -0.1108 -0.73
2 32 -0.1108 -0.73
0 33 -0.3214 -0.7354
1 33 -0.3214 -0.7408
2 33 -0.3232 -0.7426
0 34 -0.1468 -0.6418
1 34 -0.145 -0.6436
2 34 -0.1468 -0.6436
0 35 -0.1036 -0.6004
1 35 -0.1036 -0.6004
2 35 -0.1036 -0.6004
0 36 -0.31528 -0.73432
1 36 -0.31744 -0.7408
2 36 -0.31744 -0.7408
0 37 -0.32176 -0.73432
1 37 -0.31744 -0.7408
2 37 -0.32176 -0.7408
0 38 -0.28936 -0.73432
1 38 -0.28936 -0.73864
2 38 -0.28936 -0.7408
0 39 -0.2872 -0.70192
1 39 -0.2872 -0.70624
2 39 -0.2872 -0.7084
0 40 -0.29368 -0.70192
1 40 -0.29368 -0.70624
2 40 -0.29584 -0.7084
0 41 -0.298 -0.70408
1 41 -0.298 -0.7084
2 41 -0.30016 -0.71056
0 42 -0.31312 -0.70408
1 42 -0.31312 -0.7084
2 42 -0.31528 -0.71056
0 43 -0.28936 -0.7084
1 43 -0.28936 -0.71272
2 43 -0.29152 -0.71488
0 44 -0.0452799 -0.5788
1 44 -0.0452799 -0.5788
2 44 -0.0474399 -0.5788
0 45 -0.11008 -0.72784
1 45 -0.11008 -0.73
2 45 -0.11008 -0.73
0 46 0.15128 -0.2548
1 46 0.1556 -0.25264
2 46 0.15776 -0.25048
0 47 -0.1468 -0.64144
1 47 -0.14464 -0.6436
2 47 -0.1468 -0.6436
0 48 -0.0409599 -0.66304
1 48 -0.0409599 -0.66304
2 48 -0.0409599 -0.66304
0 49 -0.0971199 -0.6652
1 49 -0.0971199 -0.6652
2 49 -0.0971199 -0.6652
0 50 -0.110944 -0.735616
1 50 -0.108352 -0.738208
2 50 -0.11008 -0.73864
0 51 -0.0953918 -0.66304
1 51 -0.0953918 -0.665632
2 51 -0.0953918 -0.665632
0 52 -0.104205 -0.667187
1 52 -0.103168 -0.670816
2 52 -0.10576 -0.670816
0 53 -0.31312 -0.704512
1 53 -0.31312 -0.709696
2 53 -0.315712 -0.712288
0 54 -0.100576 -0.593056
1 54 -0.100576 -0.593056
2 54 -0.100576 -0.595648
0 55 -0.320896 -0.704512
1 55 -0.320896 -0.709696
2 55 -0.32608 -0.71488
0 56 -0.292384 -0.712288
1 56 -0.292384 -0.717472
2 56 -0.292384 -0.720064
0 57 -0.318304 -0.71488
1 57 -0.318304 -0.717472
2 57 -0.318304 -0.720064
0 58 -0.11008 -0.72784
1 58 -0.108352 -0.730432
2 58 -0.108352 -0.730432
0 59 -0.302752 -0.72784
1 59 -0.302752 -0.733024
2 59 -0.302752 -0.735616
0 60 -0.305344 -0.707104
1 60 -0.305344 -0.712288
2 60 -0.305344 -0.712288
0 61 -0.297568 -0.704512
1 61 -0.297568 -0.709696
2 61 -0.30016 -0.709696
0 62 -0.0461438 -0.580096
1 62 -0.0461438 -0.580096
2 62 -0.0461438 -0.580096
0 63 -0.289792 -0.733024
1 63 -0.289792 -0.738208
2 63 -0.289792 -0.7408
0 64 -0.0798398 -0.580096
1 64 -0.0824318 -0.580096
2 64 -0.0824318 -0.580096
0 65 -0.103168 -0.600832
1 65 -0.103168 -0.600832
2 65 -0.103168 -0.600832
0 66 -0.103168 -0.58528
1 66 -0.103168 -0.58528
2 66 -0.10576 -0.58528
0 67 -0.110944 -0.735616
1 67 -0.108352 -0.738208
2 67 -0.108352 -0.738208
0 68 -0.0824318 -0.561952
1 68 -0.0824318 -0.561952
2 68 -0.0824318 -0.561952
0 69 -0.30327 -0.729395
1 69 -0.30327 -0.735616
2 69 -0.30327 -0.738726
0 70 -0.107315 -0.726285
1 70 -0.107315 -0.729395
2 70 -0.107315 -0.729395
0 71 -0.306381 -0.704512
1 71 -0.306381 -0.710733
2 71 -0.306381 -0.710733
0 72 0.00465946 -0.720064
1 72 0.00465946 -0.720064
2 72 0.00465946 -0.720064
0 73 -0.101094 -0.592537
1 73 -0.101094 -0.592537
2 73 -0.101094 -0.592537
0 74 -0.110425 -0.735616
1 74 -0.107315 -0.738726
2 74 -0.110425 -0.738726
0 75 0.149604 -0.257236
1 75 0.153337 -0.253504
2 75 0.153959 -0.250393
0 76 -0.0824317 -0.561433
1 76 -0.0824317 -0.561433
2 76 -0.0824317 -0.561433
0 77 0.150848 -0.253504
1 77 0.153337 -0.253504
2 77 0.153337 -0.249771
0 78 -0.0892746 -0.570765
1 78 -0.0892746 -0.570765
2 78 -0.0892746 -0.574497
0 79 -0.324421 -0.257236
1 79 -0.331886 -0.257236
2 79 -0.331886 -0.257236
0 80 -0.0855421 -0.667809
1 80 -0.0855421 -0.667809
2 80 -0.0855421 -0.667809
0 81 -0.107937 -0.734994
1 81 -0.107937 -0.738726
2 81 -0.107937 -0.738726
0 82 -0.316956 -0.734994
1 82 -0.320688 -0.738726
2 82 -0.320688 -0.742459
0 83 -0.302026 -0.734994
1 83 -0.302026 -0.738726
2 83 -0.305759 -0.742459
0 84 -0.0818097 -0.5633
1 84 -0.0818097 -0.5633
2 84 -0.0818097 -0.5633
0 85 -0.0482173 -0.581962
1 85 -0.0519498 -0.581962
2 85 -0.0519498 -0.581962
0 86 -0.0482173 -0.667809
1 86 -0.0482173 -0.671542
2 86 -0.0519498 -0.671542
