40
0 0 -0.07375 -0.555
1 0 -0.0749999 -0.555
2 0 -0.0637499 -0.55125
0 1 -0.16375 -0.72
1 1 -0.16375 -0.72
2 1 -0.1525 -0.71625
0 2 0.065 -0.915
1 2 0.06625 -0.91625
2 2 0.0762501 -0.915
0 3 -0.0562499 -0.5475
1 3 -0.0574999 -0.5475
2 3 -0.04625 -0.545
0 4 0.0188001 -0.568
1 4 0.0188001 -0.568
2 4 0.0305 -0.5665
0 5 0.0635 -0.9205
1 5 0.065 -0.922
2 5 0.077 -0.9205
0 6 0.0635 -0.916
1 6 0.065 -0.916
2 6 0.0755 -0.9145
0 7 -0.1615 -0.7225
1 7 -0.1615 -0.724
2 7 -0.151 -0.7195
0 8 -0.037 -0.7405
1 8 -0.0385 -0.742
2 8 -0.0279999 -0.739
0 9 0.071 -0.5185
1 9 0.0695001 -0.5185
2 9 0.0815 -0.517
0 10 0.0245 -0.628
1 10 0.0215 -0.628
2 10 0.032 -0.6265
0 11 -0.073 -0.5665
1 11 -0.0745 -0.5665
2 11 -0.0624999 -0.5635
0 12 -0.109 -0.9298
1 12 -0.1072 -0.9316
2 12 -0.0963999 -0.928
0 13 0.0674001 -0.9244
1 13 0.0692001 -0.9262
2 13 0.0800001 -0.9244
0 14 0.0638001 -0.9208
1 14 0.0656001 -0.9226
2 14 0.0764001 -0.9208
0 15 -0.163 -0.9316
1 15 -0.1612 -0.9334
2 15 -0.1504 -0.9298
0 16 -0.0765999 -0.7156
1 16 -0.0765999 -0.7174
2 16 -0.0657999 -0.7138
0 17 0.0242001 -0.6274
1 17 0.0206001 -0.6292
2 17 0.0314001 -0.6274
0 18 0.0188001 -0.568
1 18 0.0188001 -0.568
2 18 0.0314001 -0.5644
0 19 -0.0207999 -0.6292
1 19 -0.0215199 -0.63064
2 19 -0.0135999 -0.6274
0 20 0.0692001 -0.9244
1 20 0.0692001 -0.92656
2 20 0.0800002 -0.9244
0 21 0.0216801 -0.62848
1 21 0.0195201 -0.62848
2 21 0.0303202 -0.62632
0 22 -0.00855986 -0.74944
1 22 -0.0107199 -0.74944
2 22 8.01722e-05 -0.74728
0 23 -0.0150399 -0.68032
1 23 -0.0171998 -0.68032
2 23 -0.00639985 -0.67816
0 24 -0.15328 -0.61984
1 24 -0.15328 -0.622
2 24 -0.14248 -0.61768
0 25 -0.0228158 -0.63712
1 25 -0.0254078 -0.63712
2 25 -0.0150398 -0.634528
0 26 0.0264322 -0.634528
1 26 0.0238403 -0.634528
2 26 0.0342082 -0.634528
0 27 -0.00985578 -0.748576
1 27 -0.0124477 -0.751168
2 27 -0.00207977 -0.748576
0 28 0.0212482 -0.681184
1 28 0.0186562 -0.681184
2 28 0.0290243 -0.678592
0 29 0.0212482 -0.629344
1 29 0.0186562 -0.629344
2 29 0.0290243 -0.626752
0 30 -0.152416 -0.621568
1 30 -0.152416 -0.621568
2 30 -0.142048 -0.618976
0 31 -0.152416 -0.644896
1 31 -0.155008 -0.647488
2 31 -0.142048 -0.642304
0 32 -0.14464 -0.644896
1 32 -0.14464 -0.647488
2 32 -0.134272 -0.642304
0 33 0.0295427 -0.810266
1 33 0.032653 -0.813376
2 33 0.0419843 -0.810266
0 34 -0.0637693 -0.548992
1 34 -0.0637693 -0.548992
2 34 -0.0513278 -0.545881
0 35 0.0301648 -0.813376
1 35 0.0301648 -0.813376
2 35 0.0413623 -0.809643
0 36 -0.152727 -0.645414
1 36 -0.152727 -0.645414
2 36 -0.141529 -0.641682
0 37 -0.163924 -0.649147
1 37 -0.163924 -0.649147
2 37 -0.152727 -0.645414
0 38 -0.014625 -0.570765
1 38 -0.0183575 -0.570765
2 38 -0.00716 -0.567032
0 39 -0.0780772 -0.5633
1 39 -0.0780772 -0.5633
2 39 -0.0668797 -0.559567
