34
0 0 -0.06875 -0.714583
1 0 -0.078125 -0.7125
2 0 -0.078125 -0.714583
0 1 0.0739583 -0.911458
1 1 0.0625001 -0.91125
2 1 0.065 -0.915
0 2 0.0250001 -0.57
1 2 0.0175001 -0.5675
2 2 0.0175001 -0.5675
0 3 0.0362501 -0.6275
1 3 0.0275 -0.6275
2 3 0.0250001 -0.6275
0 4 -0.0499999 -0.55125
1 4 -0.055 -0.54625
2 4 -0.0562499 -0.5475
0 5 -0.0675 -0.715
1 5 -0.0775 -0.7125
2 5 -0.0775 -0.715
0 6 0.026 -0.5695
1 6 0.0185 -0.568
2 6 0.0185 -0.568
0 7 -0.0669999 -0.715
1 7 -0.0775 -0.7135
2 7 -0.0775 -0.715
0 8 -0.0249999 -0.739
1 8 -0.0355 -0.739
2 8 -0.037 -0.7405
0 9 0.0725001 -0.916
1 9 0.0620001 -0.9172
2 9 0.0638001 -0.9208
0 10 -0.154 -0.7192
1 10 -0.163 -0.7156
2 10 -0.1648 -0.7192
0 11 0.0368001 -0.631
1 11 0.0296001 -0.6328
2 11 0.0260001 -0.6328
0 12 -0.00999991 -0.6292
1 12 -0.0189999 -0.6292
2 12 -0.0207999 -0.6292
0 13 0.0260001 -0.5698
1 13 0.0188001 -0.568
2 13 0.0188001 -0.568
0 14 -0.0971199 -0.92656
1 14 -0.10792 -0.92656
2 14 -0.10792 -0.93088
0 15 0.11888 -0.91792
1 15 0.10808 -0.92008
2 15 0.11024 -0.9244
0 16 -0.14896 -0.64576
1 16 -0.1576 -0.64144
2 16 -0.15976 -0.6436
0 17 0.0713601 -0.91144
1 17 0.0605602 -0.91144
2 17 0.0605602 -0.91576
0 18 -0.0711999 -0.71272
1 18 -0.0819998 -0.71056
2 18 -0.0819998 -0.71272
0 19 -0.0258399 -0.70408
1 19 -0.0344798 -0.70192
2 19 -0.0366398 -0.70408
0 20 -0.0711999 -0.73864
1 20 -0.0819998 -0.73432
2 20 -0.0819998 -0.73648
0 21 -0.00639985 -0.57016
1 21 -0.0128799 -0.568
2 21 -0.0128799 -0.568
0 22 0.0368001 -0.622
1 22 0.0281602 -0.622
2 22 0.0260002 -0.622
0 23 0.0342082 -0.621568
1 23 0.0264322 -0.621568
2 23 0.0238403 -0.621568
0 24 0.0368003 -0.634528
1 24 0.0290243 -0.634528
2 24 0.0264322 -0.634528
0 25 -0.0124477 -0.63712
1 25 -0.0202237 -0.634528
2 25 -0.0228158 -0.63712
0 26 -0.0720638 -0.71488
1 26 -0.0824318 -0.712288
2 26 -0.0824318 -0.71488
0 27 -0.00778211 -0.570765
1 27 -0.0140029 -0.567654
2 27 -0.0140029 -0.567654
0 28 0.0357635 -0.636083
1 28 0.0264323 -0.636083
2 28 0.0264323 -0.636083
0 29 -0.0264446 -0.704512
1 29 -0.0357758 -0.701402
2 29 -0.0357758 -0.704512
0 30 0.0139907 -0.748058
1 30 0.00465946 -0.744947
2 30 0.00465946 -0.748058
0 31 0.0264323 -0.567032
1 31 0.0189673 -0.567032
2 31 0.0189673 -0.567032
0 32 -0.0108925 -0.768586
1 32 -0.02209 -0.768586
2 32 -0.02209 -0.768586
0 33 0.0413623 -0.809643
1 33 0.0301648 -0.809643
2 33 0.0301648 -0.813376
