143
0 0 0.015625 -0.65
1 0 0.0145833 -0.651042
2 0 0.0135417 -0.653125
0 1 -0.053125 -0.71875
1 1 -0.053125 -0.71875
2 1 -0.0552083 -0.720833
0 2 -0.0177083 -0.601042
1 2 -0.01875 -0.602083
2 2 -0.0197917 -0.604167
0 3 0.221875 -0.765625
1 3 0.221875 -0.766667
2 3 0.220833 -0.76875
0 4 0.503125 -0.641667
1 4 0.504167 -0.642708
2 4 0.505208 -0.64375
0 5 -0.201042 -0.722917
1 5 -0.202083 -0.722917
2 5 -0.204167 -0.725
0 6 0.1225 -0.31875
1 6 0.123958 -0.31875
2 6 0.123958 -0.320833
0 7 0.0552083 -0.45
1 7 0.0552083 -0.451042
2 7 0.0541667 -0.453125
0 8 0.280208 -0.820833
1 8 0.279167 -0.821875
2 8 0.278125 -0.823958
0 9 0.0114583 -0.596875
1 9 0.0114583 -0.597917
2 9 0.0104167 -0.6
0 10 -0.538542 -0.620833
1 10 -0.539583 -0.619792
2 10 -0.541667 -0.61875
0 11 -0.223958 -0.703125
1 11 -0.225 -0.703125
2 11 -0.226042 -0.704167
0 12 -0.0416667 -0.597917
1 12 -0.0427083 -0.597917
2 12 -0.04375 -0.6
0 13 -0.105208 -0.457292
1 13 -0.105 -0.4575
2 13 -0.10625 -0.459375
0 14 -0.202083 -0.7
1 14 -0.203125 -0.7
2 14 -0.204167 -0.701042
0 15 -0.0239583 -0.575
1 15 -0.0239583 -0.576042
2 15 -0.025 -0.578125
0 16 -0.103125 -0.855208
1 16 -0.104167 -0.855208
2 16 -0.10625 -0.857292
0 17 -0.096875 -0.591667
1 17 -0.0979167 -0.590625
2 17 -0.0989583 -0.592708
0 18 0.27875 -0.82125
1 18 0.27875 -0.82125
2 18 0.2775 -0.82375
0 19 0.01 -0.60125
1 19 0.00875003 -0.60125
2 19 0.00750001 -0.60375
0 20 0.503 -0.643
1 20 0.5045 -0.643
2 20 0.505 -0.64375
0 21 0.32625 -0.73875
1 21 0.32625 -0.73875
2 21 0.32625 -0.74125
0 22 0.325 -0.74875
1 22 0.32375 -0.74875
2 22 0.32375 -0.75125
0 23 0.22125 -0.76625
1 23 0.22125 -0.76625
2 23 0.22 -0.76875
0 24 -0.22375 -0.72
1 24 -0.225 -0.72
2 24 -0.22625 -0.72125
0 25 -0.0525 -0.71875
1 25 -0.05375 -0.71875
2 25 -0.055 -0.72125
0 26 -0.0199999 -0.59875
1 26 -0.02125 -0.6
2 26 -0.0225 -0.60125
0 27 -0.20375 -0.71625
1 27 -0.205 -0.71625
2 27 -0.20625 -0.7175
0 28 -0.2225 -0.69875
1 28 -0.2225 -0.69875
2 28 -0.225 -0.7
0 29 -0.105208 -0.457292
1 29 -0.105 -0.4575
2 29 -0.10625 -0.45875
0 30 0.0125001 -0.58125
1 30 0.0125001 -0.58125
2 30 0.0112501 -0.58375
0 31 -0.53875 -0.62125
1 31 -0.54 -0.62
2 31 -0.5425 -0.62
0 32 -0.0175 -0.57875
1 32 -0.0175 -0.57875
2 32 -0.0187499 -0.58125
0 33 -0.22375 -0.70375
1 33 -0.225 -0.70375
2 33 -0.22625 -0.705
0 34 0.1225 -0.31875
1 34 0.12375 -0.31875
2 34 0.12375 -0.32125
0 35 -0.03 -0.665
1 35 -0.0312499 -0.665
2 35 -0.0324999 -0.6675
0 36 0.0550001 -0.45
1 36 0.0550001 -0.45125
2 36 0.05375 -0.4525
0 37 -0.22875 -0.70125
1 37 -0.22875 -0.70125
2 37 -0.23125 -0.7025
0 38 -0.04125 -0.57625
1 38 -0.04125 -0.57625
2 38 -0.0425 -0.57875
0 39 -0.196 -0.7015
1 39 -0.1975 -0.7015
2 39 -0.199 -0.703
0 40 -0.0175 -0.5785
1 40 -0.0175 -0.5785
2 40 -0.019 -0.5815
0 41 -0.538542 -0.620833
1 41 -0.54 -0.62
2 41 -0.544 -0.619
0 42 -0.202 -0.7225
1 42 -0.2035 -0.724
2 42 -0.205 -0.724
0 43 -0.052 -0.7195
1 43 -0.0535 -0.7195
2 43 -0.055 -0.721
0 44 -0.223 -0.6985
1 44 -0.223 -0.7
2 44 -0.2245 -0.7
0 45 -0.211 -0.6985
1 45 -0.211 -0.6985
2 45 -0.2125 -0.7
0 46 -0.229 -0.7015
1 46 -0.229 -0.7015
2 46 -0.2305 -0.7015
0 47 -0.2035 -0.7165
1 47 -0.205 -0.7165
2 47 -0.2065 -0.718
0 48 -0.0475 -0.601
1 48 -0.0475 -0.601
2 48 -0.049 -0.604
0 49 -0.2005 -0.6955
1 49 -0.202 -0.697
2 49 -0.2035 -0.697
0 50 -0.0175 -0.574
1 50 -0.0175 -0.574
2 50 -0.019 -0.577
0 51 -0.208 -0.6955
1 51 -0.208 -0.6955
2 51 -0.2095 -0.697
0 52 0.3245 -0.748
1 52 0.3245 -0.7495
2 52 0.323 -0.751
0 53 -0.0234999 -0.5815
1 53 -0.0234999 -0.583
2 53 -0.0249999 -0.5845
0 54 -0.5446 -0.6274
1 54 -0.544 -0.625
2 54 -0.547 -0.625
0 55 0.503 -0.643
1 55 0.5048 -0.6436
2 55 0.5045 -0.6445
0 56 -0.105 -0.4575
1 56 -0.105 -0.4575
2 56 -0.106 -0.4585
0 57 0.5975 -0.649
1 57 0.599 -0.6505
2 57 0.6005 -0.652
0 58 0.3455 -0.8095
1 58 0.347 -0.811
2 58 0.3455 -0.8125
0 59 -0.052 -0.727
1 59 -0.052 -0.7285
2 59 -0.055 -0.73
0 60 0.1214 -0.3178
1 60 0.1232 -0.3178
2 60 0.1235 -0.3205
0 61 0.209 -0.7735
1 61 0.209 -0.7735
2 61 0.2075 -0.775
0 62 -0.2365 -0.334
1 62 -0.235 -0.334
2 62 -0.2365 -0.334
0 63 0.5282 -0.7714
1 63 0.5282 -0.7714
2 63 0.53 -0.7732
0 64 0.0116001 -0.5932
1 64 0.0116001 -0.595
2 64 0.00980008 -0.5968
0 65 -0.0459999 -0.667
1 65 -0.0459999 -0.667
2 65 -0.0477999 -0.6706
0 66 -0.0423999 -0.5968
1 66 -0.0423999 -0.5968
2 66 -0.0441999 -0.5986
0 67 -0.6346 -0.7642
1 67 -0.6364 -0.7624
2 67 -0.64 -0.7624
0 68 0.122 -0.319
1 68 0.1232 -0.3178
2 68 0.1214 -0.3214
0 69 0.5966 -0.649
1 69 0.5984 -0.649
2 69 0.6002 -0.6508
0 70 -0.0513999 -0.721
1 70 -0.0531999 -0.721
2 70 -0.0549999 -0.7228
0 71 -0.2026 -0.7228
1 71 -0.2044 -0.7228
2 71 -0.2062 -0.7246
0 72 -0.2008 -0.6958
1 72 -0.202 -0.697
2 72 -0.2044 -0.6976
0 73 -0.208 -0.6958
1 73 -0.208 -0.6958
2 73 -0.2098 -0.6976
0 74 -0.0459999 -0.6022
1 74 -0.0459999 -0.6022
2 74 -0.0477999 -0.604
0 75 -0.1972 -0.7012
1 75 -0.1972 -0.7012
2 75 -0.199 -0.703
0 76 0.287 -0.8254
1 76 0.287 -0.8272
2 76 0.2852 -0.829
0 77 -0.0171999 -0.5752
1 77 -0.0171999 -0.5752
2 77 -0.0189999 -0.577
0 78 0.00440013 -0.5752
1 78 0.00440013 -0.577
2 78 0.0026001 -0.5788
0 79 -0.052 -0.727
1 79 -0.0517598 -0.72784
2 79 -0.0549999 -0.73
0 80 -0.0366398 -0.66304
1 80 -0.0387999 -0.66304
2 80 -0.0387999 -0.6652
0 81 -0.22456 -0.70624
1 81 -0.22456 -0.70624
2 81 -0.22672 -0.7084
0 82 -0.5464 -0.629344
1 82 -0.5464 -0.62632
2 82 -0.54856 -0.62632
0 83 -0.20728 -0.6976
1 83 -0.20728 -0.6976
2 83 -0.20944 -0.6976
0 84 0.0108802 -0.6652
1 84 0.0108802 -0.6652
2 84 0.00872014 -0.66736
0 85 0.12104 -0.31744
1 85 0.1232 -0.31744
2 85 0.1232 -0.3196
0 86 -0.23536 -0.33256
1 86 -0.23536 -0.33256
2 86 -0.23536 -0.33256
0 87 0.0260002 -0.65224
1 87 0.0260002 -0.6544
2 87 0.0238401 -0.65656
0 88 -0.5464 -0.76024
1 88 -0.5464 -0.76024
2 88 -0.55072 -0.76024
0 89 -0.0452799 -0.66736
1 89 -0.0452799 -0.66736
2 89 -0.0474399 -0.66952
0 90 -0.0431199 -0.59608
1 90 -0.0431199 -0.59608
2 90 -0.0452799 -0.59824
0 91 -0.19864 -0.6976
1 91 -0.19864 -0.6976
2 91 -0.2008 -0.69976
0 92 -0.0474399 -0.5896
1 92 -0.0474399 -0.5896
2 92 -0.0495998 -0.59176
0 93 -0.20296 -0.72352
1 93 -0.20296 -0.72352
2 93 -0.20512 -0.72352
0 94 -0.0517598 -0.72136
1 94 -0.0517598 -0.72136
2 94 -0.0539199 -0.72352
0 95 -0.0236799 -0.58312
1 95 -0.0236799 -0.58312
2 95 -0.0258399 -0.58528
0 96 0.00656013 -0.57448
1 96 0.00440013 -0.57664
2 96 0.00440013 -0.5788
0 97 -0.0431199 -0.57664
1 97 -0.0452799 -0.57664
2 97 -0.0452799 -0.5788
0 98 -0.0323199 -0.57448
1 98 -0.0323199 -0.57448
2 98 -0.0344798 -0.57664
0 99 -0.0323199 -0.66304
1 99 -0.0323199 -0.66304
2 99 -0.0344798 -0.6652
0 100 0.28736 -0.8272
1 100 0.28736 -0.8272
2 100 0.2852 -0.82936
0 101 0.0152002 -0.66088
1 101 0.0152002 -0.66088
2 101 0.0130402 -0.66304
0 102 -0.22672 -0.72352
1 102 -0.22672 -0.72352
2 102 -0.22888 -0.72568
0 103 0.0540801 -0.71272
1 103 0.0540801 -0.71272
2 103 0.0519201 -0.71488
0 104 -0.052 -0.727
1 104 -0.0517598 -0.72784
2 104 -0.0539199 -0.73
0 105 0.0108802 -0.582688
1 105 0.0108802 -0.582688
2 105 0.0108802 -0.58528
0 106 -0.0461438 -0.587872
1 106 -0.0461438 -0.587872
2 106 -0.0487357 -0.590464
0 107 -0.0461438 -0.603424
1 107 -0.0461438 -0.603424
2 107 -0.0487357 -0.606016
0 108 -0.224992 -0.70192
1 108 -0.224992 -0.70192
2 108 -0.227584 -0.70192
0 109 0.00828826 -0.574912
1 109 0.00828826 -0.574912
2 109 0.00569623 -0.577504
0 110 -0.204256 -0.722656
1 110 -0.204256 -0.722656
2 110 -0.206848 -0.722656
0 111 -0.23536 -0.333856
1 111 -0.23536 -0.333856
2 111 -0.23536 -0.333856
0 112 0.122336 -0.318304
1 112 0.122336 -0.318304
2 112 0.122336 -0.320896
0 113 -0.0513278 -0.720064
1 113 -0.0513278 -0.720064
2 113 -0.0539198 -0.722656
0 114 -0.0331838 -0.66304
1 114 -0.0357758 -0.66304
2 114 -0.0357758 -0.665632
0 115 -0.212032 -0.722656
1 115 -0.212032 -0.722656
2 115 -0.214624 -0.722656
0 116 -0.5464 -0.76024
1 116 -0.548992 -0.758944
2 116 -0.551584 -0.758944
0 117 0.0549442 -0.712288
1 117 0.0513155 -0.710733
2 117 0.0523523 -0.71488
0 118 0.0264322 -0.665632
1 118 0.0264322 -0.665632
2 118 0.0238403 -0.670816
0 119 -0.234841 -0.331886
1 119 -0.234841 -0.331264
2 119 -0.234841 -0.334374
0 120 -0.0482173 -0.586317
1 120 -0.0482173 -0.589427
2 120 -0.0482173 -0.589427
0 121 0.0108803 -0.589427
1 121 0.0077699 -0.589427
2 121 0.0077699 -0.592537
0 122 0.0108803 -0.583206
1 122 0.0108803 -0.583206
2 122 0.0077699 -0.586317
0 123 -0.209958 -0.713843
1 123 -0.209958 -0.713843
2 123 -0.213069 -0.713843
0 124 0.119744 -0.318822
1 124 0.119744 -0.318822
2 124 0.119744 -0.318822
0 125 0.0077699 -0.573875
1 125 0.0077699 -0.576985
2 125 0.0077699 -0.576985
0 126 -0.542771 -0.76672
1 126 -0.542771 -0.76361
2 126 -0.545881 -0.76361
0 127 -0.22551 -0.710733
1 127 -0.22551 -0.710733
2 127 -0.228621 -0.713843
0 128 -0.203737 -0.698291
1 128 -0.203737 -0.698291
2 128 -0.206848 -0.698291
0 129 -0.0482173 -0.604979
1 129 -0.0482173 -0.604979
2 129 -0.0482173 -0.60809
0 130 0.119744 -0.318822
1 130 0.119744 -0.320688
2 130 0.119744 -0.320688
0 131 -0.223644 -0.723796
1 131 -0.223644 -0.723796
2 131 -0.223644 -0.723796
0 132 0.0115024 -0.585695
1 132 0.0077699 -0.589427
2 132 0.0077699 -0.589427
0 133 -0.204982 -0.723796
1 133 -0.204982 -0.723796
2 133 -0.208714 -0.723796
0 134 -0.02209 -0.585695
1 134 -0.02209 -0.589427
2 134 -0.0258224 -0.589427
0 135 -0.197517 -0.705134
1 135 -0.197517 -0.705134
2 135 -0.201249 -0.705134
0 136 -0.0258224 -0.667809
1 136 -0.0258224 -0.667809
2 136 -0.0295549 -0.667809
0 137 0.0077699 -0.667809
1 137 0.0077699 -0.667809
2 137 0.0077699 -0.667809
0 138 -0.234841 -0.331886
1 138 -0.234841 -0.331886
2 138 -0.234841 -0.335618
0 139 -0.0108925 -0.57823
1 139 -0.014625 -0.57823
2 139 -0.014625 -0.57823
0 140 -0.0444848 -0.596892
1 140 -0.0444848 -0.596892
2 140 -0.0444848 -0.600625
0 141 -0.0482173 -0.589427
1 141 -0.0482173 -0.589427
2 141 -0.0482173 -0.589427
0 142 -0.227376 -0.712599
1 142 -0.227376 -0.712599
2 142 -0.231109 -0.716331
