64
0 0 0.00208333 -0.748958
1 0 0.00208333 -0.747917
2 0 0 -0.742708
0 1 -0.0197917 -0.583333
1 1 -0.0177083 -0.580208
2 1 -0.0197917 -0.575
0 2 0.0354167 -0.773958
1 2 0.0354167 -0.771875
2 2 0.0333333 -0.766667
0 3 0.0887501 -0.68375
1 3 0.0887501 -0.68125
2 3 0.0862501 -0.67625
0 4 0.09 -0.6425
1 4 0.09 -0.64
2 4 0.0875 -0.635
0 5 0.0887501 -0.635
1 5 0.0887501 -0.6325
2 5 0.0862501 -0.6275
0 6 -0.0225 -0.72375
1 6 -0.0225 -0.7225
2 6 -0.0249999 -0.7175
0 7 0.0875 -0.6375
1 7 0.0875 -0.63625
2 7 0.0850001 -0.63125
0 8 6.35783e-08 -0.5675
1 8 6.35783e-08 -0.565
2 8 -0.00124995 -0.55875
0 9 0.0845 -0.6895
1 9 0.0845 -0.6865
2 9 0.0815 -0.682
0 10 0.0395 -0.64
1 10 0.0395 -0.637
2 10 0.038 -0.6325
0 11 -0.0219999 -0.724
1 11 -0.0219999 -0.724
2 11 -0.0234999 -0.718
0 12 0.0860001 -0.6385
1 12 0.0860001 -0.6355
2 12 0.0830001 -0.631
0 13 0.0890001 -0.643
1 13 0.0890001 -0.64
2 13 0.0875 -0.6355
0 14 0.15992 -0.9244
1 14 0.161 -0.9244
2 14 0.1592 -0.9208
0 15 -0.0261999 -0.721
1 15 -0.0261999 -0.7192
2 15 -0.0279999 -0.7138
0 16 0.0890001 -0.6436
1 16 0.0890001 -0.6418
2 16 0.0872002 -0.6364
0 17 0.0386001 -0.586
1 17 0.0404001 -0.5824
2 17 0.0386001 -0.577
0 18 0.0854001 -0.6382
1 18 0.0854001 -0.6364
2 18 0.0836001 -0.631
0 19 0.0404001 -0.64
1 19 0.0404001 -0.6382
2 19 0.0386001 -0.6328
0 20 0.0530001 -0.7426
1 20 0.0530001 -0.7408
2 20 0.0512001 -0.7354
0 21 -0.0261999 -0.5734
1 21 -0.0261999 -0.5716
2 21 -0.0279999 -0.5662
0 22 -0.0452799 -0.9244
1 22 -0.0452799 -0.9244
2 22 -0.0495998 -0.92008
0 23 0.15992 -0.9244
1 23 0.15992 -0.9244
2 23 0.15776 -0.92008
0 24 -0.0258399 -0.72136
1 24 -0.0258399 -0.7192
2 24 -0.0279999 -0.71488
0 25 -0.0193598 -0.7408
1 25 -0.0193598 -0.73864
2 25 -0.0215199 -0.73432
0 26 -0.0258399 -0.74728
1 26 -0.0258399 -0.74512
2 26 -0.0279999 -0.7408
0 27 0.0843202 -0.69112
1 27 0.0821602 -0.68896
2 27 0.0800002 -0.68248
0 28 0.0886402 -0.6436
1 28 0.0886402 -0.64144
2 28 0.0864802 -0.63712
0 29 0.0260002 -0.7516
1 29 0.0260002 -0.74944
2 29 0.0238401 -0.74512
0 30 0.0368001 -0.77752
1 30 0.0368001 -0.77536
2 30 0.0346401 -0.77104
0 31 -0.10144 -0.73216
1 31 -0.10144 -0.73216
2 31 -0.1036 -0.72568
0 32 -0.0949599 -0.65872
1 32 -0.0949599 -0.65656
2 32 -0.0971199 -0.65008
0 33 0.0864802 -0.6328
1 33 0.0864802 -0.63064
2 33 0.0843202 -0.62632
0 34 0.0411201 -0.63928
1 34 0.0411201 -0.63712
2 34 0.0389601 -0.6328
0 35 -0.1036 -0.72568
1 35 -0.1036 -0.72352
2 35 -0.10576 -0.7192
0 36 0.11456 -0.917056
1 36 0.11456 -0.917056
2 36 0.109376 -0.911872
0 37 -0.0202237 -0.75376
1 37 -0.0202237 -0.751168
2 37 -0.0228158 -0.745984
0 38 0.0523523 -0.722656
1 38 0.0523523 -0.720064
2 38 0.0497602 -0.71488
0 39 0.0834563 -0.691552
1 39 0.0834563 -0.68896
2 39 0.0808642 -0.683776
0 40 0.0886402 -0.678592
1 40 0.0886402 -0.676
2 40 0.0860483 -0.670816
0 41 -0.0953918 -0.657856
1 41 -0.0953918 -0.655264
2 41 -0.0979838 -0.65008
0 42 0.0886402 -0.644896
1 42 0.0886402 -0.642304
2 42 0.0860483 -0.639712
0 43 0.0834563 -0.639712
1 43 0.0834563 -0.63712
2 43 0.0808642 -0.631936
0 44 0.0679043 -0.580096
1 44 0.0679043 -0.577504
2 44 0.0679043 -0.57232
0 45 0.0368003 -0.77968
1 45 0.0368003 -0.777088
2 45 0.0342082 -0.771904
0 46 0.106784 -0.771904
1 46 0.106784 -0.769312
2 46 0.104192 -0.764128
0 47 0.0497602 -0.76672
1 47 0.0497602 -0.764128
2 47 0.0471682 -0.758944
0 48 0.0445763 -0.756352
1 48 0.0445763 -0.75376
2 48 0.0419842 -0.748576
0 49 0.0523523 -0.758944
1 49 0.0523523 -0.756352
2 49 0.0497602 -0.751168
0 50 0.0264322 -0.75376
1 50 0.0264322 -0.751168
2 50 0.0238403 -0.745984
0 51 -0.104205 -0.657856
1 51 -0.104205 -0.657856
2 51 -0.107315 -0.651635
0 52 0.0357635 -0.586317
1 52 0.0357635 -0.583206
2 52 0.0357635 -0.576985
0 53 -0.0202237 -0.754278
1 53 -0.0202237 -0.751168
2 53 -0.0233341 -0.748058
0 54 0.0917507 -0.819597
1 54 0.0886403 -0.816486
2 54 0.0886403 -0.813376
0 55 0.00403741 -0.712599
1 55 0.00403741 -0.712599
2 55 0.000304921 -0.705134
0 56 0.0712221 -0.581962
1 56 0.0712221 -0.57823
2 56 0.0712221 -0.574497
0 57 -0.104205 -0.660344
1 57 -0.104205 -0.660344
2 57 -0.107937 -0.652879
0 58 -0.0930071 -0.656612
1 58 -0.0930071 -0.656612
2 58 -0.0967396 -0.649147
0 59 -0.0930071 -0.637949
1 59 -0.0930071 -0.634217
2 59 -0.0967396 -0.630484
0 60 0.0637571 -0.757389
1 60 0.0637571 -0.757389
2 60 0.0600246 -0.749924
0 61 -0.0183575 -0.753656
1 61 -0.0183575 -0.753656
2 61 -0.02209 -0.749924
0 62 0.0898844 -0.820841
1 62 0.0898844 -0.817108
2 62 0.086152 -0.813376
0 63 0.0376298 -0.779784
1 63 0.0376298 -0.776051
2 63 0.0338973 -0.772319
