111
0 0 0.565625 -0.576042
1 0 0.565625 -0.576042
2 0 0.565625 -0.575
0 1 0.3625 -0.615625
1 1 0.3625 -0.615625
2 1 0.3625 -0.614583
0 2 0.558333 -0.577083
1 2 0.558333 -0.577083
2 2 0.558333 -0.576042
0 3 0.663542 -0.569792
1 3 0.663542 -0.569792
2 3 0.663542 -0.56875
0 4 0.642708 -0.54375
1 4 0.642708 -0.54375
2 4 0.642708 -0.542708
0 5 0.47625 -0.58875
1 5 0.47625 -0.58875
2 5 0.47625 -0.5875
0 6 0.48375 -0.5875
1 6 0.48375 -0.5875
2 6 0.48375 -0.58625
0 7 0.6425 -0.545
1 7 0.6425 -0.545
2 7 0.6425 -0.54375
0 8 0.62 -0.55125
1 8 0.62 -0.55125
2 8 0.62 -0.55
0 9 -0.00874996 -0.37
1 9 -0.00874996 -0.37
2 9 -0.00874996 -0.36875
0 10 0.629 -0.5485
1 10 0.629 -0.5485
2 10 0.629 -0.547
0 11 0.6455 -0.532
1 11 0.6455 -0.532
2 11 0.6455 -0.532
0 12 0.5645 -0.5725
1 12 0.5645 -0.5725
2 12 0.5645 -0.5725
0 13 -0.6775 -0.8455
1 13 -0.6775 -0.8455
2 13 -0.6775 -0.8455
0 14 0.68 -0.5395
1 14 0.68 -0.5395
2 14 0.68 -0.538
0 15 -0.22 -0.5575
1 15 -0.22 -0.556
2 15 -0.22 -0.556
0 16 0.6665 -0.5785
1 16 0.6665 -0.5785
2 16 0.6665 -0.577
0 17 0.3695 -0.6145
1 17 0.3695 -0.6145
2 17 0.3695 -0.613
0 18 0.557 -0.5752
1 18 0.557 -0.5752
2 18 0.557 -0.5734
0 19 -0.4708 -0.298
1 19 -0.4708 -0.298
2 19 -0.4708 -0.298
0 20 0.1142 -0.6562
1 20 0.1142 -0.6562
2 20 0.1142 -0.6562
0 21 -0.6976 -0.865
1 21 -0.6976 -0.8632
2 21 -0.6976 -0.8632
0 22 0.6704 -0.5428
1 22 0.6704 -0.5428
2 22 0.6704 -0.541
0 23 0.6506 -0.5698
1 23 0.6506 -0.5698
2 23 0.6506 -0.5698
0 24 -0.3736 -0.6274
1 24 -0.3736 -0.6274
2 24 -0.3736 -0.6256
0 25 0.6776 -0.5662
1 25 0.6776 -0.5662
2 25 0.6776 -0.5662
0 26 0.6146 -0.2836
1 26 0.6146 -0.2836
2 26 0.6146 -0.2818
0 27 0.107 -0.658
1 27 0.107 -0.658
2 27 0.107 -0.6562
0 28 -0.2188 -0.5572
1 28 -0.2188 -0.5572
2 28 -0.2188 -0.5572
0 29 -0.6274 -0.6112
1 29 -0.6274 -0.6112
2 29 -0.6274 -0.6112
0 30 0.65456 -0.58096
1 30 0.65456 -0.58096
2 30 0.65456 -0.58096
0 31 -0.33904 -0.4708
1 31 -0.33904 -0.4708
2 31 -0.33904 -0.4708
0 32 -0.62632 -0.6112
1 32 -0.62632 -0.6112
2 32 -0.62632 -0.6112
0 33 -0.4708 -0.298
1 33 -0.4708 -0.298
2 33 -0.4708 -0.298
0 34 -0.48592 -0.8056
1 34 -0.48592 -0.8056
2 34 -0.48592 -0.8056
0 35 -0.3736 -0.62632
1 35 -0.3736 -0.62632
2 35 -0.3736 -0.62632
0 36 0.10808 -0.65656
1 36 0.10808 -0.65656
2 36 0.10808 -0.65656
0 37 0.63512 -0.57232
1 37 0.63512 -0.57232
2 37 0.63512 -0.57232
0 38 0.66104 -0.568
1 38 0.66104 -0.568
2 38 0.66104 -0.568
0 39 0.4796 -0.59824
1 39 0.4796 -0.59824
2 39 0.4796 -0.59824
0 40 -0.6976 -0.86392
1 40 -0.6976 -0.86392
2 40 -0.6976 -0.86392
0 41 -0.40168 -0.62632
1 41 -0.40168 -0.62632
2 41 -0.40168 -0.62632
0 42 0.55736 -0.57448
1 42 0.55736 -0.57448
2 42 0.55736 -0.57448
0 43 0.68048 -0.5788
1 43 0.68048 -0.5788
2 43 0.68048 -0.57664
0 44 0.67832 -0.56584
1 44 0.67832 -0.56584
2 44 0.67832 -0.56584
0 45 -0.372736 -0.62416
1 45 -0.372736 -0.62416
2 45 -0.372736 -0.62416
0 46 -0.336448 -0.471232
1 46 -0.336448 -0.471232
2 46 -0.336448 -0.471232
0 47 -0.401248 -0.626752
1 47 -0.401248 -0.626752
2 47 -0.401248 -0.626752
0 48 -0.486784 -0.813376
1 48 -0.486784 -0.813376
2 48 -0.486784 -0.813376
0 49 -0.0228158 -0.657856
1 49 -0.0228158 -0.657856
2 49 -0.0228158 -0.657856
0 50 -0.655264 -0.652672
1 50 -0.655264 -0.652672
2 50 -0.655264 -0.652672
0 51 -0.639712 -0.289792
1 51 -0.639712 -0.289792
2 51 -0.63712 -0.289792
0 52 -0.393472 -0.502336
1 52 -0.393472 -0.502336
2 52 -0.393472 -0.502336
0 53 -0.193888 -0.564544
1 53 -0.193888 -0.564544
2 53 -0.193888 -0.564544
0 54 -0.696736 -0.862624
1 54 -0.696736 -0.862624
2 54 -0.696736 -0.862624
0 55 -0.686368 -0.63712
1 55 -0.686368 -0.63712
2 55 -0.686368 -0.63712
0 56 0.640736 -0.58528
1 56 0.640736 -0.58528
2 56 0.640736 -0.58528
0 57 -0.227584 -0.618976
1 57 -0.227584 -0.618976
2 57 -0.227584 -0.618976
0 58 0.643328 -0.437536
1 58 0.643328 -0.437536
2 58 0.643328 -0.437536
0 59 0.653696 -0.582688
1 59 0.653696 -0.582688
2 59 0.653696 -0.582688
0 60 -0.258688 -0.621568
1 60 -0.258688 -0.621568
2 60 -0.258688 -0.621568
0 61 0.625184 -0.587872
1 61 0.625184 -0.587872
2 61 0.625184 -0.587872
0 62 0.640736 -0.427168
1 62 0.640736 -0.427168
2 62 0.640736 -0.427168
0 63 -0.551584 -0.58528
1 63 -0.551584 -0.58528
2 63 -0.551584 -0.58528
0 64 -0.344224 -0.476416
1 64 -0.344224 -0.476416
2 64 -0.344224 -0.476416
0 65 -0.4816 -0.795232
1 65 -0.4816 -0.79264
2 65 -0.4816 -0.79264
0 66 -0.678592 -0.847072
1 66 -0.678592 -0.847072
2 66 -0.678592 -0.847072
0 67 -0.642304 -0.37792
1 67 -0.642304 -0.37792
2 67 -0.642304 -0.37792
0 68 -0.0233341 -0.660966
1 68 -0.0233341 -0.660966
2 68 -0.0233341 -0.660966
0 69 -0.61431 -0.595648
1 69 -0.61431 -0.595648
2 69 -0.61431 -0.595648
0 70 -0.337485 -0.471232
1 70 -0.337485 -0.471232
2 70 -0.337485 -0.471232
0 71 0.0699778 -0.604979
1 71 0.0699778 -0.604979
2 71 0.0699778 -0.604979
0 72 0.545869 -0.493005
1 72 0.545869 -0.493005
2 72 0.545869 -0.493005
0 73 -0.228621 -0.617421
1 73 -0.228621 -0.617421
2 73 -0.228621 -0.617421
0 74 0.0886403 -0.657856
1 74 0.0886403 -0.657856
2 74 0.0886403 -0.657856
0 75 -0.60809 -0.592537
1 75 -0.60809 -0.592537
2 75 -0.60809 -0.592537
0 76 -0.486784 -0.813376
1 76 -0.486784 -0.813376
2 76 -0.486784 -0.813376
0 77 -0.197517 -0.617421
1 77 -0.197517 -0.617421
2 77 -0.197517 -0.617421
0 78 -0.402803 -0.623641
1 78 -0.402803 -0.623641
2 78 -0.402803 -0.623641
0 79 -0.477453 -0.297049
1 79 -0.474342 -0.297049
2 79 -0.477453 -0.297049
0 80 -0.68585 -0.636083
1 80 -0.68585 -0.636083
2 80 -0.68585 -0.636083
0 81 -0.219289 -0.548992
1 81 -0.219289 -0.548992
2 81 -0.219289 -0.548992
0 82 -0.617421 -0.589427
1 82 -0.617421 -0.589427
2 82 -0.617421 -0.589427
0 83 -0.595648 -0.489894
1 83 -0.595648 -0.489894
2 83 -0.595648 -0.489894
0 84 -0.483673 -0.794714
1 84 -0.483673 -0.794714
2 84 -0.483673 -0.794714
0 85 -0.272166 -0.309491
1 85 -0.272166 -0.309491
2 85 -0.272166 -0.309491
0 86 -0.315712 -0.620531
1 86 -0.315712 -0.620531
2 86 -0.315712 -0.620531
0 87 -0.372943 -0.574497
1 87 -0.372943 -0.574497
2 87 -0.372943 -0.574497
0 88 -0.611822 -0.596892
1 88 -0.611822 -0.596892
2 88 -0.611822 -0.596892
0 89 -0.402803 -0.623019
1 89 -0.402803 -0.623019
2 89 -0.402803 -0.623019
0 90 -0.372943 -0.623019
1 90 -0.372943 -0.623019
2 90 -0.372943 -0.623019
0 91 -0.641682 -0.376676
1 91 -0.641682 -0.376676
2 91 -0.641682 -0.376676
0 92 -0.387873 -0.45879
1 92 -0.387873 -0.45879
2 92 -0.387873 -0.45879
0 93 0.0712221 -0.604357
1 93 0.0712221 -0.604357
2 93 0.0712221 -0.604357
0 94 -0.600625 -0.615554
1 94 -0.600625 -0.615554
2 94 -0.600625 -0.615554
0 95 -0.313223 -0.596892
1 95 -0.313223 -0.596892
2 95 -0.313223 -0.596892
0 96 0.0450947 -0.567032
1 96 0.0450947 -0.567032
2 96 0.0450947 -0.567032
0 97 -0.623019 -0.615554
1 97 -0.623019 -0.615554
2 97 -0.623019 -0.615554
0 98 -0.335618 -0.47372
1 98 -0.335618 -0.47372
2 98 -0.335618 -0.47372
0 99 -0.216179 -0.552102
1 99 -0.216179 -0.552102
2 99 -0.216179 -0.552102
0 100 -0.630484 -0.626752
1 100 -0.630484 -0.626752
2 100 -0.630484 -0.626752
0 101 -0.652879 -0.511045
1 101 -0.652879 -0.511045
2 101 -0.652879 -0.511045
0 102 -0.682739 -0.637949
1 102 -0.682739 -0.637949
2 102 -0.682739 -0.637949
0 103 -0.667809 -0.656612
1 103 -0.667809 -0.656612
2 103 -0.667809 -0.656612
0 104 -0.02209 -0.664077
1 104 -0.02209 -0.664077
2 104 -0.02209 -0.664077
0 105 0.590037 -0.51851
1 105 0.590037 -0.51851
2 105 0.590037 -0.51851
0 106 0.086152 -0.660344
1 106 0.086152 -0.660344
2 106 0.086152 -0.660344
0 107 0.112279 -0.425198
1 107 0.112279 -0.425198
2 107 0.112279 -0.425198
0 108 -0.257236 -0.619287
1 108 -0.257236 -0.619287
2 108 -0.257236 -0.619287
0 109 -0.54837 -0.585695
1 109 -0.54837 -0.585695
2 109 -0.54837 -0.585695
0 110 -0.197517 -0.615554
1 110 -0.197517 -0.615554
2 110 -0.197517 -0.615554
