88
0 0 0.572917 -0.563542
1 0 0.572917 -0.563542
2 0 0.572917 -0.564583
0 1 0.0197917 -0.689583
1 1 0.0197917 -0.689583
2 1 0.0197917 -0.690625
0 2 0.55625 -0.579167
1 2 0.55625 -0.579167
2 2 0.55625 -0.580208
0 3 0.477083 -0.591667
1 3 0.477083 -0.591667
2 3 0.477083 -0.592708
0 4 -0.214583 -0.502083
1 4 -0.214583 -0.502083
2 4 -0.214583 -0.503125
0 5 0.160417 -0.616667
1 5 0.160417 -0.616667
2 5 0.160417 -0.617708
0 6 0.575 -0.57625
1 6 0.575 -0.57625
2 6 0.575 -0.5775
0 7 0.655 -0.5475
1 7 0.655 -0.5475
2 7 0.655 -0.54875
0 8 0.53375 -0.5925
1 8 0.53375 -0.5925
2 8 0.53375 -0.59375
0 9 0.51125 -0.5825
1 9 0.51125 -0.5825
2 9 0.51125 -0.58375
0 10 0.64125 -0.5375
1 10 0.64125 -0.5375
2 10 0.64125 -0.53875
0 11 0.6175 -0.55125
1 11 0.6175 -0.55125
2 11 0.6175 -0.5525
0 12 0.3625 -0.6175
1 12 0.3625 -0.6175
2 12 0.3625 -0.61875
0 13 0.65375 -0.545
1 13 0.65375 -0.545
2 13 0.65375 -0.54625
0 14 0.5575 -0.57875
1 14 0.5575 -0.57875
2 14 0.5575 -0.58
0 15 0.6275 -0.55
1 15 0.6275 -0.55
2 15 0.6275 -0.5515
0 16 0.4895 -0.574
1 16 0.4895 -0.574
2 16 0.4895 -0.5755
0 17 0.6785 -0.5695
1 17 0.6785 -0.5695
2 17 0.6785 -0.571
0 18 0.3695 -0.616
1 18 0.3695 -0.616
2 18 0.3695 -0.6175
0 19 0.6395 -0.5845
1 19 0.6395 -0.5845
2 19 0.6395 -0.586
0 20 -0.679 -0.8485
1 20 -0.679 -0.8485
2 20 -0.679 -0.8485
0 21 0.6155 -0.541
1 21 0.6155 -0.541
2 21 0.6155 -0.5425
0 22 -0.628 -0.613
1 22 -0.628 -0.613
2 22 -0.628 -0.6145
0 23 -0.2155 -0.5095
1 23 -0.2155 -0.5095
2 23 -0.2155 -0.511
0 24 0.0935 -0.661
1 24 0.0935 -0.661
2 24 0.0935 -0.6625
0 25 0.6455 -0.535
1 25 0.6455 -0.535
2 25 0.6455 -0.535
0 26 0.6146 -0.541
1 26 0.6146 -0.541
2 26 0.6146 -0.5428
0 27 -0.478 -0.2998
1 27 -0.478 -0.2998
2 27 -0.478 -0.3016
0 28 0.6254 -0.5392
1 28 0.6254 -0.5392
2 28 0.6254 -0.541
0 29 0.6182 -0.5518
1 29 0.6182 -0.5518
2 29 0.6182 -0.5518
0 30 0.62 -0.5392
1 30 0.62 -0.5392
2 30 0.62 -0.5392
0 31 0.6812 -0.5788
1 31 0.6812 -0.5788
2 31 0.6812 -0.5806
0 32 -0.4708 -0.2998
1 32 -0.4708 -0.2998
2 32 -0.4708 -0.3016
0 33 -0.0243999 -0.6598
1 33 -0.0243999 -0.6598
2 33 -0.0243999 -0.6616
0 34 0.5426 -0.5788
1 34 0.5426 -0.5806
2 34 0.5426 -0.5806
0 35 0.107 -0.6598
1 35 0.107 -0.6598
2 35 0.107 -0.6616
0 36 -0.6346 -0.289
1 36 -0.6346 -0.289
2 36 -0.6346 -0.2908
0 37 0.1142 -0.6598
1 37 0.1142 -0.6598
2 37 0.1142 -0.6598
0 38 0.557 -0.577
1 38 0.557 -0.577
2 38 0.557 -0.5788
0 39 -0.6796 -0.8488
1 39 -0.6796 -0.8488
2 39 -0.6796 -0.8488
0 40 0.566 -0.577
1 40 0.566 -0.577
2 40 0.566 -0.577
0 41 -0.2188 -0.559
1 41 -0.2188 -0.559
2 41 -0.2188 -0.5608
0 42 0.6254 -0.5752
1 42 0.6254 -0.577
2 42 0.6254 -0.577
0 43 -0.69976 -0.86608
1 43 -0.69976 -0.86608
2 43 -0.6976 -0.86608
0 44 -0.48592 -0.80776
1 44 -0.48592 -0.80776
2 44 -0.48592 -0.80776
0 45 -0.61552 -0.59824
1 45 -0.61552 -0.6004
2 45 -0.61552 -0.6004
0 46 0.10808 -0.65872
1 46 0.10808 -0.66088
2 46 0.10808 -0.66088
0 47 0.1124 -0.65656
1 47 0.1124 -0.65872
2 47 0.1124 -0.65872
0 48 0.65456 -0.58312
1 48 0.65456 -0.58528
2 48 0.65456 -0.58528
0 49 -0.40168 -0.62848
1 49 -0.40168 -0.63064
2 49 -0.40168 -0.63064
0 50 -0.63496 -0.28936
1 50 -0.63496 -0.28936
2 50 -0.63496 -0.29152
0 51 -0.4708 -0.30016
1 51 -0.4708 -0.30016
2 51 -0.4708 -0.30232
0 52 0.55736 -0.5788
1 52 0.55736 -0.5788
2 52 0.55736 -0.5788
0 53 0.62648 -0.57664
1 53 0.62648 -0.57664
2 53 0.62648 -0.57664
0 54 -0.21808 -0.55936
1 54 -0.21808 -0.55936
2 54 -0.21808 -0.56152
0 55 -0.64144 -0.28936
1 55 -0.64144 -0.29152
2 55 -0.64144 -0.29152
0 56 -0.22888 -0.622
1 56 -0.22888 -0.62416
2 56 -0.22888 -0.62416
0 57 0.67832 -0.568
1 57 0.67832 -0.568
2 57 0.67832 -0.57016
0 58 -0.686368 -0.639712
1 58 -0.686368 -0.639712
2 58 -0.686368 -0.639712
0 59 -0.199072 -0.55936
1 59 -0.199072 -0.55936
2 59 -0.199072 -0.55936
0 60 -0.699328 -0.865216
1 60 -0.699328 -0.865216
2 60 -0.699328 -0.865216
0 61 -0.489376 -0.815968
1 61 -0.489376 -0.815968
2 61 -0.489376 -0.815968
0 62 -0.219808 -0.561952
1 62 -0.219808 -0.561952
2 62 -0.219808 -0.564544
0 63 0.109376 -0.660448
1 63 0.109376 -0.660448
2 63 0.109376 -0.660448
0 64 -0.626752 -0.613792
1 64 -0.626752 -0.613792
2 64 -0.626752 -0.616384
0 65 -0.681184 -0.849664
1 65 -0.681184 -0.849664
2 65 -0.681184 -0.849664
0 66 -0.318304 -0.62416
1 66 -0.318304 -0.62416
2 66 -0.318304 -0.62416
0 67 -0.489894 -0.813376
1 67 -0.489894 -0.813376
2 67 -0.489894 -0.816486
0 68 0.545869 -0.496115
1 68 0.545869 -0.496115
2 68 0.545869 -0.496115
0 69 -0.626752 -0.61431
1 69 -0.626752 -0.61431
2 69 -0.626752 -0.617421
0 70 -0.68585 -0.639194
1 70 -0.68585 -0.639194
2 70 -0.68585 -0.639194
0 71 -0.642304 -0.38103
1 71 -0.642304 -0.38103
2 71 -0.642304 -0.38103
0 72 -0.272166 -0.312601
1 72 -0.272166 -0.312601
2 72 -0.272166 -0.312601
0 73 0.0886403 -0.660966
1 73 0.0886403 -0.660966
2 73 0.0886403 -0.660966
0 74 -0.256614 -0.527219
1 74 -0.256614 -0.527219
2 74 -0.256614 -0.530329
0 75 -0.219289 -0.564544
1 75 -0.219289 -0.564544
2 75 -0.219289 -0.564544
0 76 -0.402803 -0.626752
1 76 -0.402803 -0.626752
2 76 -0.402803 -0.626752
0 77 -0.228621 -0.620531
1 77 -0.228621 -0.620531
2 77 -0.228621 -0.620531
0 78 -0.156459 -0.619287
1 78 -0.156459 -0.619287
2 78 -0.156459 -0.619287
0 79 0.0712221 -0.608089
1 79 0.0712221 -0.608089
2 79 0.0712221 -0.608089
0 80 -0.641682 -0.380408
1 80 -0.641682 -0.380408
2 80 -0.641682 -0.380408
0 81 -0.652879 -0.358013
1 81 -0.652879 -0.358013
2 81 -0.652879 -0.358013
0 82 -0.197517 -0.619287
1 82 -0.197517 -0.619287
2 82 -0.197517 -0.619287
0 83 -0.372943 -0.57823
1 83 -0.372943 -0.57823
2 83 -0.372943 -0.57823
0 84 -0.402803 -0.626752
1 84 -0.402803 -0.626752
2 84 -0.402803 -0.626752
0 85 0.112279 -0.42893
1 85 0.112279 -0.42893
2 85 0.112279 -0.42893
0 86 -0.216179 -0.555835
1 86 -0.216179 -0.555835
2 86 -0.216179 -0.555835
0 87 0.571375 -0.529707
1 87 0.571375 -0.529707
2 87 0.571375 -0.529707
