89
0 0 -0.221875 -0.552083
1 0 -0.221875 -0.552083
2 0 -0.221875 -0.553125
0 1 0.0291667 -0.638542
1 1 0.0291667 -0.638542
2 1 0.0291667 -0.639583
0 2 -0.0302083 -0.676042
1 2 -0.0302083 -0.676042
2 2 -0.0302083 -0.677083
0 3 0.48125 -0.571875
1 3 0.48125 -0.571875
2 3 0.48125 -0.572917
0 4 -0.372917 -0.522917
1 4 -0.372917 -0.522917
2 4 -0.372917 -0.523958
0 5 0.5725 -0.5675
1 5 0.5725 -0.5675
2 5 0.5725 -0.56875
0 6 0.36875 -0.61125
1 6 0.36875 -0.61125
2 6 0.36875 -0.6125
0 7 0.665 -0.57375
1 7 0.665 -0.57375
2 7 0.665 -0.575
0 8 0.48 -0.56875
1 8 0.48 -0.56875
2 8 0.48 -0.57
0 9 0.6605 -0.5635
1 9 0.6605 -0.565
2 9 0.6605 -0.565
0 10 0.677 -0.5635
1 10 0.677 -0.5635
2 10 0.677 -0.565
0 11 0.6425 -0.544
1 11 0.6425 -0.544
2 11 0.6425 -0.5455
0 12 0.644 -0.529
1 12 0.644 -0.529
2 12 0.644 -0.5305
0 13 0.686 -0.5605
1 13 0.686 -0.5605
2 13 0.686 -0.562
0 14 0.368 -0.61
1 14 0.368 -0.61
2 14 0.368 -0.6115
0 15 0.674 -0.5515
1 15 0.674 -0.5515
2 15 0.674 -0.553
0 16 0.6305 -0.5575
1 16 0.6305 -0.5575
2 16 0.6305 -0.559
0 17 0.5555 -0.5725
1 17 0.5555 -0.5725
2 17 0.5555 -0.574
0 18 0.6515 -0.5755
1 18 0.6515 -0.577
2 18 0.6515 -0.577
0 19 0.614 -0.535
1 19 0.614 -0.535
2 19 0.614 -0.5365
0 20 0.5255 -0.562
1 20 0.5255 -0.562
2 20 0.5255 -0.5635
0 21 0.518 -0.5785
1 21 0.518 -0.5785
2 21 0.518 -0.58
0 22 -0.679 -0.8425
1 22 -0.679 -0.8425
2 22 -0.679 -0.8425
0 23 0.665 -0.574
1 23 0.665 -0.574
2 23 0.665 -0.5755
0 24 0.6185 -0.586
1 24 0.6185 -0.586
2 24 0.6185 -0.5875
0 25 0.5552 -0.5698
1 25 0.5552 -0.5716
2 25 0.5552 -0.5716
0 26 0.5732 -0.5698
1 26 0.5732 -0.5698
2 26 0.5732 -0.5698
0 27 -0.6994 -0.8596
1 27 -0.6994 -0.8596
2 27 -0.6994 -0.8614
0 28 0.6236 -0.5806
1 28 0.6236 -0.5824
2 28 0.6236 -0.5824
0 29 -0.6292 -0.6076
1 29 -0.6292 -0.6076
2 29 -0.6292 -0.6094
0 30 0.6488 -0.5284
1 30 0.6488 -0.5302
2 30 0.6488 -0.5302
0 31 -0.2206 -0.5536
1 31 -0.2206 -0.5536
2 31 -0.2206 -0.5554
0 32 -0.6796 -0.8416
1 32 -0.6796 -0.8416
2 32 -0.6796 -0.8434
0 33 0.6146 -0.5356
1 33 0.6146 -0.5356
2 33 0.6146 -0.5356
0 34 -0.487 -0.802
1 34 -0.487 -0.802
2 34 -0.487 -0.8038
0 35 -0.3754 -0.622
1 35 -0.3754 -0.6238
2 35 -0.3754 -0.6238
0 36 -0.40384 -0.62416
1 36 -0.40384 -0.62416
2 36 -0.40384 -0.62416
0 37 -0.0258399 -0.6544
1 37 -0.0258399 -0.6544
2 37 -0.0258399 -0.65656
0 38 -0.48808 -0.80128
1 38 -0.48808 -0.80128
2 38 -0.48808 -0.80344
0 39 -0.69976 -0.8596
1 39 -0.69976 -0.8596
2 39 -0.69976 -0.86176
0 40 0.6524 -0.5788
1 40 0.6524 -0.5788
2 40 0.6524 -0.5788
0 41 -0.62848 -0.60688
1 41 -0.62848 -0.60904
2 41 -0.62848 -0.60904
0 42 0.10592 -0.6544
1 42 0.10592 -0.6544
2 42 0.10592 -0.6544
0 43 -0.64144 -0.28504
1 43 -0.63928 -0.2872
2 43 -0.64144 -0.2872
0 44 -0.22024 -0.55504
1 44 -0.22024 -0.55504
2 44 -0.22024 -0.5572
0 45 0.1124 -0.65224
1 45 0.1124 -0.6544
2 45 0.1124 -0.6544
0 46 0.62432 -0.58312
1 46 0.62432 -0.58312
2 46 0.62432 -0.58312
0 47 -0.25912 -0.61768
1 47 -0.25912 -0.61768
2 47 -0.25912 -0.61984
0 48 0.66536 -0.57664
1 48 0.66536 -0.57664
2 48 0.66536 -0.57664
0 49 0.0908001 -0.6544
1 49 0.0908001 -0.6544
2 49 0.0908001 -0.65656
0 50 0.5552 -0.58312
1 50 0.5552 -0.58312
2 50 0.5552 -0.58528
0 51 -0.19864 -0.55288
1 51 -0.19864 -0.55288
2 51 -0.19864 -0.55288
0 52 0.62648 -0.54424
1 52 0.62648 -0.54424
2 52 0.62648 -0.5464
0 53 0.61352 -0.28072
1 53 0.61352 -0.28072
2 53 0.61352 -0.28072
0 54 -0.68032 -0.84232
1 54 -0.68032 -0.84232
2 54 -0.68032 -0.84448
0 55 -0.68896 -0.631936
1 55 -0.68896 -0.631936
2 55 -0.68896 -0.631936
0 56 -0.199072 -0.613792
1 56 -0.199072 -0.613792
2 56 -0.199072 -0.616384
0 57 -0.230176 -0.616384
1 57 -0.230176 -0.616384
2 57 -0.230176 -0.616384
0 58 -0.554176 -0.580096
1 58 -0.554176 -0.582688
2 58 -0.554176 -0.582688
0 59 0.625184 -0.582688
1 59 0.625184 -0.58528
2 59 0.625184 -0.58528
0 60 -0.595648 -0.486784
1 60 -0.595648 -0.486784
2 60 -0.595648 -0.486784
0 61 -0.346816 -0.471232
1 61 -0.346816 -0.473824
2 61 -0.346816 -0.473824
0 62 0.472256 -0.600832
1 62 0.472256 -0.600832
2 62 0.472256 -0.600832
0 63 -0.258688 -0.523072
1 63 -0.258688 -0.525664
2 63 -0.258688 -0.525664
0 64 -0.616384 -0.593056
1 64 -0.616384 -0.593056
2 64 -0.616384 -0.593056
0 65 -0.699328 -0.85744
1 65 -0.699328 -0.860032
2 65 -0.699328 -0.860032
0 66 -0.42976 -0.62416
1 66 -0.42976 -0.62416
2 66 -0.42976 -0.62416
0 67 -0.642304 -0.374809
1 67 -0.642304 -0.374809
2 67 -0.642304 -0.374809
0 68 -0.626752 -0.6112
1 68 -0.626752 -0.6112
2 68 -0.626752 -0.6112
0 69 -0.197517 -0.61431
1 69 -0.197517 -0.61431
2 69 -0.197517 -0.61431
0 70 -0.698291 -0.860032
1 70 -0.698291 -0.860032
2 70 -0.698291 -0.860032
0 71 -0.670297 -0.651635
1 71 -0.670297 -0.651635
2 71 -0.670297 -0.651635
0 72 -0.259725 -0.617421
1 72 -0.259725 -0.617421
2 72 -0.259725 -0.617421
0 73 -0.402803 -0.620531
1 73 -0.402803 -0.620531
2 73 -0.402803 -0.620531
0 74 -0.259725 -0.524109
1 74 -0.259725 -0.524109
2 74 -0.259725 -0.524109
0 75 -0.387873 -0.45879
1 75 -0.387873 -0.45879
2 75 -0.387873 -0.45879
0 76 0.653489 -0.414
1 76 0.653489 -0.414
2 76 0.653489 -0.414
0 77 -0.615554 -0.59316
1 77 -0.615554 -0.59316
2 77 -0.615554 -0.59316
0 78 -0.626752 -0.611822
1 78 -0.626752 -0.611822
2 78 -0.626752 -0.611822
0 79 -0.671542 -0.652879
1 79 -0.671542 -0.652879
2 79 -0.671542 -0.652879
0 80 -0.604357 -0.615554
1 80 -0.604357 -0.615554
2 80 -0.604357 -0.615554
0 81 -0.402803 -0.619287
1 81 -0.402803 -0.619287
2 81 -0.402803 -0.619287
0 82 -0.477453 -0.298294
1 82 -0.477453 -0.298294
2 82 -0.477453 -0.298294
0 83 -0.02209 -0.660344
1 83 -0.02209 -0.660344
2 83 -0.02209 -0.660344
0 84 0.086152 -0.656612
1 84 0.086152 -0.656612
2 84 0.086152 -0.656612
0 85 -0.552102 -0.581962
1 85 -0.552102 -0.581962
2 85 -0.552102 -0.581962
0 86 -0.0370199 -0.48865
1 86 -0.0370199 -0.48865
2 86 -0.0370199 -0.48865
0 87 -0.697669 -0.858166
1 87 -0.697669 -0.858166
2 87 -0.697669 -0.861898
0 88 0.590037 -0.514777
1 88 0.590037 -0.514777
2 88 0.590037 -0.514777
