162
0 0 0.576042 -0.578125
1 0 0.576042 -0.578125
2 0 0.576042 -0.578125
0 1 0.454167 -0.672917
1 1 0.454167 -0.671875
2 1 0.454167 -0.672917
0 2 -0.0291667 -0.684375
1 2 -0.0291667 -0.684375
2 2 -0.0291667 -0.684375
0 3 0.634375 -0.566667
1 3 0.634375 -0.566667
2 3 0.630208 -0.555208
0 4 -0.216667 -0.523958
1 4 -0.216667 -0.523958
2 4 -0.216667 -0.523958
0 5 -0.676042 -0.596875
1 5 -0.676042 -0.596875
2 5 -0.676042 -0.596875
0 6 -0.658333 -0.461458
1 6 -0.658333 -0.461458
2 6 -0.658333 -0.461458
0 7 0.64625 -0.55125
1 7 0.64625 -0.55125
2 7 0.64625 -0.55125
0 8 0.545 -0.5825
1 8 0.545 -0.5825
2 8 0.545 -0.5825
0 9 0.57125 -0.56625
1 9 0.57125 -0.56625
2 9 0.57125 -0.56625
0 10 -0.02875 -0.685
1 10 -0.02875 -0.685
2 10 -0.02875 -0.685
0 11 0.47625 -0.59375
1 11 0.47625 -0.59375
2 11 0.47625 -0.59375
0 12 0.48375 -0.5925
1 12 0.48375 -0.5925
2 12 0.48375 -0.5925
0 13 0.32375 -0.84625
1 13 0.32375 -0.84625
2 13 0.32375 -0.84625
0 14 0.53 -0.6
1 14 0.53 -0.6
2 14 0.53 -0.6
0 15 0.63375 -0.56625
1 15 0.63375 -0.56625
2 15 0.63375 -0.56625
0 16 0.53375 -0.595
1 16 0.53375 -0.595
2 16 0.53375 -0.595
0 17 -0.0249999 -0.705
1 17 -0.0249999 -0.705
2 17 -0.0249999 -0.705
0 18 -0.6775 -0.85
1 18 -0.679 -0.85
2 18 -0.679 -0.85
0 19 0.5735 -0.5755
1 19 0.5735 -0.5755
2 19 0.5735 -0.5755
0 20 0.476 -0.5935
1 20 0.476 -0.5935
2 20 0.476 -0.5935
0 21 0.557 -0.5815
1 21 0.557 -0.5815
2 21 0.557 -0.5815
0 22 0.5435 -0.5815
1 22 0.5435 -0.5815
2 22 0.5435 -0.5815
0 23 0.473 -0.5815
1 23 0.473 -0.5815
2 23 0.473 -0.5815
0 24 0.6785 -0.5725
1 24 0.6785 -0.5725
2 24 0.6785 -0.5725
0 25 0.6695 -0.5455
1 25 0.6695 -0.5455
2 25 0.6695 -0.5455
0 26 0.68 -0.544
1 26 0.68 -0.544
2 26 0.68 -0.544
0 27 0.6245 -0.5425
1 27 0.6245 -0.5425
2 27 0.6245 -0.5425
0 28 -0.0279999 -0.6865
1 28 -0.0279999 -0.6865
2 28 -0.0279999 -0.6865
0 29 0.641 -0.5395
1 29 0.641 -0.5395
2 29 0.6395 -0.5395
0 30 0.53 -0.5995
1 30 0.53 -0.5995
2 30 0.53 -0.5995
0 31 0.659 -0.562
1 31 0.659 -0.562
2 31 0.659 -0.562
0 32 0.653 -0.5845
1 32 0.653 -0.5845
2 32 0.653 -0.5845
0 33 -0.487 -0.811
1 33 -0.487 -0.811
2 33 -0.487 -0.811
0 34 0.6185 -0.556
1 34 0.6185 -0.556
2 34 0.6185 -0.556
0 35 -0.22 -0.562
1 35 -0.22 -0.562
2 35 -0.22 -0.562
0 36 0.5645 -0.577
1 36 0.5645 -0.577
2 36 0.5645 -0.577
0 37 0.5735 -0.5785
1 37 0.5735 -0.5785
2 37 0.5735 -0.5785
0 38 0.5105 -0.586
1 38 0.5105 -0.586
2 38 0.5105 -0.586
0 39 0.614 -0.289
1 39 0.614 -0.289
2 39 0.614 -0.289
0 40 0.4835 -0.592
1 40 0.4835 -0.592
2 40 0.4835 -0.592
0 41 0.6155 -0.544
1 41 0.6155 -0.544
2 41 0.6155 -0.544
0 42 -0.0249999 -0.6625
1 42 -0.0249999 -0.6625
2 42 -0.0249999 -0.6625
0 43 0.4598 -0.5698
1 43 0.4598 -0.5698
2 43 0.4598 -0.5698
0 44 0.476 -0.5932
1 44 0.476 -0.5932
2 44 0.476 -0.5932
0 45 -0.0243999 -0.6634
1 45 -0.0243999 -0.6634
2 45 -0.0243999 -0.6634
0 46 0.6884 -0.5698
1 46 0.6884 -0.5698
2 46 0.6884 -0.5698
0 47 -0.1936 -0.5698
1 47 -0.1936 -0.5698
2 47 -0.1936 -0.5698
0 48 -0.4708 -0.3034
1 48 -0.4708 -0.3016
2 48 -0.4708 -0.3034
0 49 -0.6274 -0.6166
1 49 -0.6274 -0.6166
2 49 -0.6274 -0.6166
0 50 0.4976 -0.577
1 50 0.4976 -0.577
2 50 0.4976 -0.577
0 51 0.4904 -0.577
1 51 0.4904 -0.577
2 51 0.4904 -0.577
0 52 -0.6346 -0.2926
1 52 -0.6346 -0.2926
2 52 -0.6346 -0.2926
0 53 0.6254 -0.5896
1 53 0.6254 -0.5896
2 53 0.6254 -0.5896
0 54 0.1142 -0.6616
1 54 0.1142 -0.6616
2 54 0.1142 -0.6616
0 55 -0.0981999 -0.532
1 55 -0.0981999 -0.532
2 55 -0.0981999 -0.532
0 56 -0.1972 -0.6256
1 56 -0.1972 -0.6256
2 56 -0.1972 -0.6256
0 57 0.575 -0.5788
1 57 0.575 -0.5788
2 57 0.5732 -0.5788
0 58 -0.487 -0.811
1 58 -0.487 -0.811
2 58 -0.487 -0.811
0 59 0.6398 -0.5392
1 59 0.6398 -0.5392
2 59 0.6398 -0.5392
0 60 0.6182 -0.5554
1 60 0.6182 -0.5554
2 60 0.6182 -0.5554
0 61 0.5516 -0.5968
1 61 0.5516 -0.5968
2 61 0.5516 -0.5968
0 62 0.6704 -0.5464
1 62 0.6704 -0.5464
2 62 0.6704 -0.5464
0 63 -0.2188 -0.5626
1 63 -0.2188 -0.5626
2 63 -0.2188 -0.5626
0 64 0.6542 -0.55
1 64 0.6542 -0.55
2 64 0.6542 -0.55
0 65 -0.4852 -0.8038
1 65 -0.4852 -0.8038
2 65 -0.4852 -0.8038
0 66 0.5714 -0.5662
1 66 0.5714 -0.5662
2 66 0.5714 -0.5662
0 67 0.6146 -0.289
1 67 0.6146 -0.289
2 67 0.6146 -0.289
0 68 0.0530001 -0.4492
1 68 0.0530001 -0.4492
2 68 0.0530001 -0.4492
0 69 0.6398 -0.5878
1 69 0.6398 -0.5878
2 69 0.6398 -0.5878
0 70 0.0926001 -0.6634
1 70 0.0926001 -0.6634
2 70 0.0926001 -0.6634
0 71 -0.6004 -0.61984
1 71 -0.6004 -0.61984
2 71 -0.6004 -0.61984
0 72 -0.0236799 -0.66304
1 72 -0.0236799 -0.66304
2 72 -0.0236799 -0.66304
0 73 -0.4708 -0.30232
1 73 -0.4708 -0.30232
2 73 -0.4708 -0.30232
0 74 0.67832 -0.57016
1 74 0.67832 -0.57016
2 74 0.67832 -0.57016
0 75 -0.47728 -0.30232
1 75 -0.47728 -0.30232
2 75 -0.47728 -0.30232
0 76 -0.22888 -0.62632
1 76 -0.22888 -0.62632
2 76 -0.22888 -0.62632
0 77 -0.67816 -0.85096
1 77 -0.68032 -0.85096
2 77 -0.68032 -0.85096
0 78 -0.19432 -0.568
1 78 -0.19432 -0.568
2 78 -0.19432 -0.568
0 79 0.512 -0.58744
1 79 0.512 -0.58744
2 79 0.512 -0.58744
0 80 -0.33904 -0.47512
1 80 -0.33904 -0.47512
2 80 -0.33904 -0.47512
0 81 0.1124 -0.66088
1 81 0.1124 -0.66088
2 81 0.1124 -0.66088
0 82 -0.48592 -0.80992
1 82 -0.48592 -0.80992
2 82 -0.48592 -0.80992
0 83 -0.40168 -0.6328
1 83 -0.40168 -0.6328
2 83 -0.40168 -0.6328
0 84 -0.63496 -0.29368
1 84 -0.63496 -0.29368
2 84 -0.63496 -0.29368
0 85 0.63512 -0.57664
1 85 0.63512 -0.57664
2 85 0.63512 -0.57664
0 86 -0.32608 -0.52696
1 86 -0.32608 -0.52696
2 86 -0.32608 -0.52696
0 87 0.61568 -0.2872
1 87 0.61568 -0.28936
2 87 0.61568 -0.28936
0 88 0.6416 -0.44272
1 88 0.6416 -0.44272
2 88 0.6416 -0.44272
0 89 -0.6976 -0.86824
1 89 -0.69976 -0.86824
2 89 -0.69976 -0.86824
0 90 -0.61552 -0.60256
1 90 -0.61552 -0.60256
2 90 -0.61552 -0.60256
0 91 0.4904 -0.57664
1 91 0.4904 -0.57664
2 91 0.4904 -0.57664
0 92 -0.30664 -0.50968
1 92 -0.30664 -0.50968
2 92 -0.30664 -0.50968
0 93 -0.393472 -0.50752
1 93 -0.393472 -0.50752
2 93 -0.393472 -0.50752
0 94 0.0679043 -0.608608
1 94 0.0679043 -0.608608
2 94 0.0679043 -0.608608
0 95 -0.0331838 -0.497152
1 95 -0.0331838 -0.497152
2 95 -0.0331838 -0.497152
0 96 0.109376 -0.66304
1 96 0.109376 -0.66304
2 96 0.109376 -0.66304
0 97 -0.686368 -0.642304
1 97 -0.686368 -0.642304
2 97 -0.686368 -0.642304
0 98 0.459296 -0.6112
1 98 0.459296 -0.6112
2 98 0.459296 -0.6112
0 99 -0.673408 -0.660448
1 99 -0.673408 -0.660448
2 99 -0.673408 -0.660448
0 100 -0.616384 -0.595648
1 100 -0.616384 -0.595648
2 100 -0.616384 -0.595648
0 101 0.643328 -0.44272
1 101 0.643328 -0.44272
2 101 0.643328 -0.44272
0 102 -0.256096 -0.53344
1 102 -0.256096 -0.53344
2 102 -0.256096 -0.53344
0 103 -0.258688 -0.626752
1 103 -0.258688 -0.626752
2 103 -0.258688 -0.626752
0 104 -0.199072 -0.561952
1 104 -0.199072 -0.561952
2 104 -0.199072 -0.561952
0 105 -0.0228158 -0.66304
1 105 -0.0228158 -0.66304
2 105 -0.0228158 -0.66304
0 106 -0.613792 -0.600832
1 106 -0.613792 -0.600832
2 106 -0.613792 -0.600832
0 107 -0.489376 -0.81856
1 107 -0.489376 -0.81856
2 107 -0.489376 -0.81856
0 108 -0.696736 -0.867808
1 108 -0.699328 -0.867808
2 108 -0.699328 -0.867808
0 109 0.0912323 -0.66304
1 109 0.0912323 -0.66304
2 109 0.0912323 -0.66304
0 110 -0.471232 -0.302752
1 110 -0.471232 -0.302752
2 110 -0.471232 -0.302752
0 111 0.640736 -0.432352
1 111 0.640736 -0.432352
2 111 0.640736 -0.432352
0 112 -0.626752 -0.616384
1 112 -0.626752 -0.616384
2 112 -0.626752 -0.616384
0 113 0.625184 -0.593056
1 113 0.625184 -0.593056
2 113 0.625184 -0.593056
0 114 -0.600832 -0.621568
1 114 -0.600832 -0.621568
2 114 -0.600832 -0.621568
0 115 -0.68585 -0.642304
1 115 -0.68585 -0.642304
2 115 -0.68585 -0.642304
0 116 -0.670297 -0.660966
1 116 -0.670297 -0.660966
2 116 -0.670297 -0.660966
0 117 -0.642304 -0.38103
1 117 -0.642304 -0.38103
2 117 -0.642304 -0.38103
0 118 -0.0233341 -0.664077
1 118 -0.0233341 -0.664077
2 118 -0.0233341 -0.664077
0 119 -0.402803 -0.629862
1 119 -0.402803 -0.629862
2 119 -0.402803 -0.629862
0 120 0.545869 -0.499225
1 120 0.545869 -0.499225
2 120 0.545869 -0.499225
0 121 -0.337485 -0.477453
1 121 -0.337485 -0.477453
2 121 -0.337485 -0.477453
0 122 -0.371699 -0.580096
1 122 -0.371699 -0.580096
2 122 -0.371699 -0.580096
0 123 -0.374809 -0.626752
1 123 -0.374809 -0.626752
2 123 -0.374809 -0.626752
0 124 -0.477453 -0.30327
1 124 -0.474342 -0.30327
2 124 -0.474342 -0.30327
0 125 -0.489894 -0.816486
1 125 -0.489894 -0.816486
2 125 -0.489894 -0.816486
0 126 -0.197517 -0.620531
1 126 -0.197517 -0.620531
2 126 -0.197517 -0.620531
0 127 -0.626752 -0.617421
1 127 -0.626752 -0.617421
2 127 -0.626752 -0.617421
0 128 -0.256614 -0.530329
1 128 -0.256614 -0.530329
2 128 -0.256614 -0.530329
0 129 -0.483673 -0.797824
1 129 -0.483673 -0.797824
2 129 -0.483673 -0.797824
0 130 -0.194406 -0.567654
1 130 -0.194406 -0.567654
2 130 -0.194406 -0.567654
0 131 -0.595648 -0.493005
1 131 -0.595648 -0.493005
2 131 -0.595648 -0.493005
0 132 -0.698291 -0.866253
1 132 -0.698291 -0.866253
2 132 -0.698291 -0.866253
0 133 0.113523 -0.430797
1 133 0.113523 -0.430797
2 133 0.113523 -0.430797
0 134 0.62674 -0.592537
1 134 0.62674 -0.592537
2 134 0.62674 -0.592537
0 135 -0.387251 -0.465011
1 135 -0.387251 -0.465011
2 135 -0.387251 -0.465011
0 136 -0.346816 -0.480563
1 136 -0.346816 -0.480563
2 136 -0.346816 -0.480563
0 137 -0.601869 -0.620531
1 137 -0.601869 -0.620531
2 137 -0.601869 -0.620531
0 138 -0.657856 -0.517888
1 138 -0.657856 -0.517888
2 138 -0.657856 -0.517888
0 139 -0.219289 -0.567654
1 139 -0.219289 -0.567654
2 139 -0.219289 -0.567654
0 140 -0.552102 -0.589427
1 140 -0.552102 -0.589427
2 140 -0.552102 -0.589427
0 141 0.713831 -0.343705
1 141 0.713831 -0.343705
2 141 0.713831 -0.346816
0 142 -0.353037 -0.517888
1 142 -0.353037 -0.517888
2 142 -0.353037 -0.517888
0 143 -0.626752 -0.619287
1 143 -0.626752 -0.619287
2 143 -0.626752 -0.619287
0 144 -0.372943 -0.57823
1 144 -0.372943 -0.57823
2 144 -0.372943 -0.57823
0 145 -0.686472 -0.641682
1 145 -0.686472 -0.641682
2 145 -0.686472 -0.641682
0 146 -0.656612 -0.514777
1 146 -0.656612 -0.514777
2 146 -0.656612 -0.514777
0 147 -0.630484 -0.630484
1 147 -0.630484 -0.630484
2 147 -0.630484 -0.630484
0 148 -0.335618 -0.481185
1 148 -0.335618 -0.481185
2 148 -0.335618 -0.481185
0 149 -0.197517 -0.623019
1 149 -0.197517 -0.623019
2 149 -0.197517 -0.623019
0 150 -0.372943 -0.626752
1 150 -0.372943 -0.626752
2 150 -0.372943 -0.626752
0 151 0.086152 -0.664077
1 151 0.086152 -0.664077
2 151 0.086152 -0.664077
0 152 -0.604357 -0.623019
1 152 -0.604357 -0.623019
2 152 -0.604357 -0.623019
0 153 -0.48865 -0.817108
1 153 -0.48865 -0.817108
2 153 -0.48865 -0.817108
0 154 -0.02209 -0.667809
1 154 -0.02209 -0.667809
2 154 -0.02209 -0.667809
0 155 -0.387873 -0.466255
1 155 -0.387873 -0.466255
2 155 -0.387873 -0.466255
0 156 -0.477453 -0.305759
1 156 -0.477453 -0.305759
2 156 -0.477453 -0.305759
0 157 -0.402803 -0.626752
1 157 -0.402803 -0.626752
2 157 -0.402803 -0.626752
0 158 -0.354281 -0.51851
1 158 -0.354281 -0.51851
2 158 -0.354281 -0.51851
0 159 0.590037 -0.522242
1 159 0.590037 -0.522242
2 159 0.590037 -0.522242
0 160 -0.552102 -0.589427
1 160 -0.552102 -0.589427
2 160 -0.552102 -0.589427
0 161 -0.257236 -0.529707
1 161 -0.257236 -0.529707
2 161 -0.257236 -0.529707
