82
0 0 -0.173958 -0.511458
1 0 -0.173958 -0.5125
2 0 -0.173958 -0.5125
0 1 0.321875 -0.836458
1 1 0.321875 -0.836458
2 1 0.321875 -0.8375
0 2 -0.221875 -0.55
1 2 -0.221875 -0.551042
2 2 -0.221875 -0.552083
0 3 0.0677083 -0.423958
1 3 0.0677083 -0.425
2 3 0.0677083 -0.425
0 4 0.591667 -0.642708
1 4 0.591667 -0.64375
2 4 0.591667 -0.64375
0 5 0.685417 -0.558333
1 5 0.685417 -0.559375
2 5 0.685417 -0.559375
0 6 0.68625 -0.55875
1 6 0.68625 -0.56
2 6 0.68625 -0.56
0 7 0.55625 -0.57125
1 7 0.55625 -0.5725
2 7 0.55625 -0.5725
0 8 0.475 -0.58375
1 8 0.475 -0.585
2 8 0.475 -0.585
0 9 0.09375 -0.65375
1 9 0.09375 -0.655
2 9 0.09375 -0.655
0 10 -0.6595 -0.451
1 10 -0.6595 -0.4525
2 10 -0.6595 -0.4525
0 11 0.6245 -0.5695
1 11 0.6245 -0.571
2 11 0.6245 -0.571
0 12 0.6425 -0.5425
1 12 0.6425 -0.5425
2 12 0.6425 -0.544
0 13 0.614 -0.5335
1 13 0.614 -0.535
2 13 0.614 -0.535
0 14 0.5555 -0.571
1 14 0.5555 -0.5725
2 14 0.5555 -0.5725
0 15 -0.679 -0.841
1 15 -0.679 -0.841
2 15 -0.679 -0.8425
0 16 0.644 -0.5275
1 16 0.644 -0.5275
2 16 0.644 -0.529
0 17 0.551 -0.556
1 17 0.551 -0.5575
2 17 0.551 -0.5575
0 18 0.5255 -0.5605
1 18 0.5255 -0.562
2 18 0.5255 -0.562
0 19 0.68 -0.5365
1 19 0.68 -0.538
2 19 0.68 -0.538
0 20 0.509 -0.5785
1 20 0.5105 -0.58
2 20 0.5105 -0.58
0 21 0.539 -0.559
1 21 0.539 -0.5605
2 21 0.539 -0.5605
0 22 0.6785 -0.571
1 22 0.6785 -0.5725
2 22 0.6785 -0.5725
0 23 0.683 -0.5485
1 23 0.683 -0.55
2 23 0.683 -0.55
0 24 -0.4726 -0.2926
1 24 -0.4726 -0.2944
2 24 -0.4726 -0.2944
0 25 -0.6796 -0.8416
1 25 -0.6796 -0.8416
2 25 -0.6796 -0.8416
0 26 -0.6418 -0.2836
1 26 -0.6418 -0.2854
2 26 -0.6418 -0.2854
0 27 -0.6364 -0.2818
1 27 -0.6364 -0.2836
2 27 -0.6364 -0.2836
0 28 -0.2206 -0.5518
1 28 -0.2206 -0.5536
2 28 -0.2206 -0.5536
0 29 -0.6292 -0.6058
1 29 -0.6292 -0.6076
2 29 -0.6292 -0.6076
0 30 0.638 -0.577
1 30 0.638 -0.5788
2 30 0.638 -0.5788
0 31 0.5714 -0.568
1 31 0.5732 -0.5698
2 31 0.5732 -0.5698
0 32 0.5408 -0.5716
1 32 0.5408 -0.5734
2 32 0.5408 -0.5734
0 33 0.6182 -0.532
1 33 0.6182 -0.532
2 33 0.6182 -0.532
0 34 -0.0261999 -0.6526
1 34 -0.0261999 -0.6544
2 34 -0.0261999 -0.6544
0 35 -0.69976 -0.8596
1 35 -0.69976 -0.8596
2 35 -0.69976 -0.8596
0 36 -0.20512 -0.54856
1 36 -0.20512 -0.55072
2 36 -0.20512 -0.55072
0 37 -0.63712 -0.28288
1 37 -0.63712 -0.28504
2 37 -0.63712 -0.28504
0 38 -0.64144 -0.28288
1 38 -0.64144 -0.28504
2 38 -0.64144 -0.28504
0 39 -0.25912 -0.52264
1 39 -0.25912 -0.5248
2 39 -0.25912 -0.5248
0 40 0.0908001 -0.6544
1 40 0.0908001 -0.6544
2 40 0.0908001 -0.6544
0 41 0.1124 -0.65224
1 41 0.1124 -0.65224
2 41 0.1124 -0.65224
0 42 -0.22024 -0.55288
1 42 -0.22024 -0.55504
2 42 -0.22024 -0.55504
0 43 -0.47944 -0.29368
1 43 -0.47944 -0.29368
2 43 -0.47944 -0.29368
0 44 0.61352 -0.27856
1 44 0.61352 -0.28072
2 44 0.61352 -0.28072
0 45 0.10592 -0.65224
1 45 0.10592 -0.65224
2 45 0.10592 -0.6544
0 46 -0.65656 -0.64576
1 46 -0.65656 -0.64576
2 46 -0.65656 -0.64792
0 47 0.67616 -0.56152
1 47 0.67616 -0.56152
2 47 0.67616 -0.56152
0 48 -0.616384 -0.590464
1 48 -0.616384 -0.593056
2 48 -0.616384 -0.593056
0 49 -0.230176 -0.613792
1 49 -0.230176 -0.616384
2 49 -0.230176 -0.616384
0 50 -0.19648 -0.55936
1 50 -0.19648 -0.55936
2 50 -0.19648 -0.55936
0 51 0.109376 -0.652672
1 51 0.109376 -0.652672
2 51 0.109376 -0.652672
0 52 -0.484192 -0.790048
1 52 -0.484192 -0.790048
2 52 -0.484192 -0.790048
0 53 -0.199072 -0.613792
1 53 -0.199072 -0.613792
2 53 -0.199072 -0.613792
0 54 -0.600832 -0.6112
1 54 -0.600832 -0.6112
2 54 -0.600832 -0.6112
0 55 -0.40384 -0.621568
1 55 -0.40384 -0.621568
2 55 -0.40384 -0.621568
0 56 -0.489376 -0.808192
1 56 -0.489376 -0.808192
2 56 -0.489376 -0.808192
0 57 -0.626752 -0.608608
1 57 -0.626752 -0.608608
2 57 -0.626752 -0.608608
0 58 -0.346816 -0.471232
1 58 -0.346816 -0.471232
2 58 -0.346816 -0.471232
0 59 -0.258688 -0.523072
1 59 -0.258688 -0.523072
2 59 -0.258688 -0.523072
0 60 -0.219808 -0.554176
1 60 -0.219808 -0.556768
2 60 -0.219808 -0.556768
0 61 0.625184 -0.582688
1 61 0.625184 -0.582688
2 61 0.625184 -0.582688
0 62 0.63296 -0.582688
1 62 0.63296 -0.582688
2 62 0.63296 -0.582688
0 63 -0.554176 -0.580096
1 63 -0.554176 -0.580096
2 63 -0.554176 -0.580096
0 64 0.713312 -0.333856
1 64 0.713312 -0.336448
2 64 0.713312 -0.336448
0 65 -0.199072 -0.305344
1 65 -0.199072 -0.305344
2 65 -0.199072 -0.305344
0 66 -0.657856 -0.647488
1 66 -0.657856 -0.647488
2 66 -0.657856 -0.647488
0 67 0.677024 -0.561952
1 67 0.677024 -0.561952
2 67 0.677024 -0.561952
0 68 -0.258688 -0.616384
1 68 -0.258688 -0.616384
2 68 -0.258688 -0.616384
0 69 -0.595648 -0.484192
1 69 -0.595648 -0.486784
2 69 -0.595648 -0.486784
0 70 -0.0388861 -0.486784
1 70 -0.0388861 -0.486784
2 70 -0.0388861 -0.486784
0 71 0.0886403 -0.654746
1 71 0.0886403 -0.654746
2 71 0.0886403 -0.654746
0 72 -0.626752 -0.60809
1 72 -0.626752 -0.60809
2 72 -0.626752 -0.6112
0 73 -0.601869 -0.6112
1 73 -0.601869 -0.6112
2 73 -0.601869 -0.6112
0 74 -0.552102 -0.581962
1 74 -0.552102 -0.581962
2 74 -0.552102 -0.581962
0 75 -0.197517 -0.611822
1 75 -0.197517 -0.611822
2 75 -0.197517 -0.611822
0 76 0.086152 -0.656612
1 76 0.086152 -0.656612
2 76 0.086152 -0.656612
0 77 0.653489 -0.414
1 77 0.653489 -0.414
2 77 0.653489 -0.414
0 78 0.545247 -0.492383
1 78 0.545247 -0.492383
2 78 0.545247 -0.492383
0 79 -0.697669 -0.858166
1 79 -0.697669 -0.858166
2 79 -0.697669 -0.858166
0 80 -0.339351 -0.469988
1 80 -0.339351 -0.469988
2 80 -0.339351 -0.469988
0 81 -0.402803 -0.619287
1 81 -0.402803 -0.619287
2 81 -0.402803 -0.619287
