134
0 0 0.322917 -0.844792
1 0 0.322917 -0.845833
2 0 0.322917 -0.845833
0 1 0.455208 -0.584375
1 1 0.455208 -0.584375
2 1 0.455208 -0.584375
0 2 0.532292 -0.594792
1 2 0.532292 -0.594792
2 2 0.532292 -0.594792
0 3 0.67625 -0.57
1 3 0.67625 -0.57
2 3 0.67625 -0.57
0 4 0.62 -0.555
1 4 0.62 -0.555
2 4 0.62 -0.555
0 5 0.36125 -0.62
1 5 0.36125 -0.62
2 5 0.36125 -0.62
0 6 0.65625 -0.55
1 6 0.65625 -0.55
2 6 0.65625 -0.55
0 7 0.64375 -0.5525
1 7 0.64375 -0.5525
2 7 0.64375 -0.5525
0 8 -0.67875 -0.85
1 8 -0.67875 -0.85
2 8 -0.67875 -0.85
0 9 0.48375 -0.5925
1 9 0.48375 -0.5925
2 9 0.48375 -0.5925
0 10 0.62625 -0.58
1 10 0.62625 -0.58
2 10 0.62625 -0.58
0 11 0.47625 -0.59375
1 11 0.47625 -0.59375
2 11 0.47625 -0.59375
0 12 0.6725 -0.5575
1 12 0.6725 -0.5575
2 12 0.6725 -0.5575
0 13 0.533 -0.595
1 13 0.533 -0.595
2 13 0.533 -0.595
0 14 0.53 -0.5995
1 14 0.53 -0.5995
2 14 0.53 -0.5995
0 15 -0.4855 -0.8035
1 15 -0.4855 -0.8035
2 15 -0.4855 -0.8035
0 16 0.6275 -0.5515
1 16 0.6275 -0.5515
2 16 0.6275 -0.5515
0 17 0.6545 -0.55
1 17 0.6545 -0.55
2 17 0.6545 -0.55
0 18 0.53 -0.583
1 18 0.53 -0.583
2 18 0.53 -0.583
0 19 0.473 -0.5815
1 19 0.473 -0.5815
2 19 0.473 -0.5815
0 20 0.6245 -0.5425
1 20 0.6245 -0.5425
2 20 0.6245 -0.5425
0 21 0.5645 -0.58
1 21 0.5645 -0.58
2 21 0.5645 -0.58
0 22 -0.0984999 -0.532
1 22 -0.0984999 -0.532
2 22 -0.0984999 -0.532
0 23 0.6785 -0.5725
1 23 0.6785 -0.5725
2 23 0.6785 -0.5725
0 24 0.6395 -0.5395
1 24 0.6395 -0.5395
2 24 0.6395 -0.5395
0 25 0.0470001 -0.592
1 25 0.0470001 -0.592
2 25 0.0470001 -0.592
0 26 -0.679 -0.85
1 26 -0.679 -0.85
2 26 -0.679 -0.85
0 27 0.4835 -0.592
1 27 0.4835 -0.592
2 27 0.4835 -0.592
0 28 0.5435 -0.583
1 28 0.5435 -0.583
2 28 0.5435 -0.583
0 29 0.6155 -0.544
1 29 0.6155 -0.544
2 29 0.6155 -0.544
0 30 0.6785 -0.544
1 30 0.6785 -0.544
2 30 0.68 -0.544
0 31 -0.0243999 -0.6634
1 31 -0.0243999 -0.6634
2 31 -0.0243999 -0.6634
0 32 0.1142 -0.6616
1 32 0.1142 -0.6616
2 32 0.1142 -0.6616
0 33 -0.6796 -0.8506
1 33 -0.6796 -0.8506
2 33 -0.6796 -0.8506
0 34 -0.487 -0.811
1 34 -0.487 -0.811
2 34 -0.487 -0.811
0 35 -0.2206 -0.5626
1 35 -0.2206 -0.5626
2 35 -0.2206 -0.5626
0 36 0.0530001 -0.4492
1 36 0.0530001 -0.4492
2 36 0.0530001 -0.4492
0 37 0.557 -0.5806
1 37 0.557 -0.5806
2 37 0.557 -0.5806
0 38 0.6776 -0.5716
1 38 0.6776 -0.5716
2 38 0.6776 -0.5716
0 39 0.5102 -0.586
1 39 0.5102 -0.586
2 39 0.5102 -0.586
0 40 0.6524 -0.586
1 40 0.6524 -0.586
2 40 0.6524 -0.586
0 41 0.5642 -0.5788
1 41 0.5642 -0.5788
2 41 0.5642 -0.5788
0 42 0.4904 -0.577
1 42 0.4904 -0.577
2 42 0.4904 -0.577
0 43 -0.0981999 -0.532
1 43 -0.0981999 -0.532
2 43 -0.0981999 -0.532
0 44 0.6254 -0.5428
1 44 0.6254 -0.5428
2 44 0.6254 -0.5428
0 45 0.6506 -0.5752
1 45 0.6506 -0.5752
2 45 0.6506 -0.5752
0 46 0.4724 -0.5806
1 46 0.4724 -0.5806
2 46 0.4724 -0.5806
0 47 0.6614 -0.5734
1 47 0.6614 -0.5734
2 47 0.6614 -0.5734
0 48 -0.4024 -0.6328
1 48 -0.4024 -0.6328
2 48 -0.4024 -0.6328
0 49 -0.6994 -0.8686
1 49 -0.6994 -0.8686
2 49 -0.6994 -0.8686
0 50 0.6542 -0.55
1 50 0.6542 -0.55
2 50 0.6542 -0.55
0 51 0.68048 -0.58312
1 51 0.68048 -0.58312
2 51 0.68048 -0.58312
0 52 0.67832 -0.57016
1 52 0.67832 -0.57016
2 52 0.67832 -0.57016
0 53 -0.47296 -0.30232
1 53 -0.47296 -0.30232
2 53 -0.47296 -0.30232
0 54 -0.0236799 -0.66304
1 54 -0.0236799 -0.66304
2 54 -0.0236799 -0.66304
0 55 0.58112 -0.58744
1 55 0.58112 -0.58744
2 55 0.58112 -0.58744
0 56 -0.47944 -0.30232
1 56 -0.47944 -0.30232
2 56 -0.47944 -0.30232
0 57 0.62216 -0.56584
1 57 0.62216 -0.56584
2 57 0.62216 -0.56584
0 58 -0.20512 -0.55936
1 58 -0.20512 -0.55936
2 58 -0.20512 -0.55936
0 59 0.68912 -0.57016
1 59 0.68912 -0.57016
2 59 0.68912 -0.57016
0 60 -0.63712 -0.29368
1 60 -0.63712 -0.29368
2 60 -0.63712 -0.29368
0 61 -0.64144 -0.29368
1 61 -0.64144 -0.29368
2 61 -0.64144 -0.29368
0 62 -0.69976 -0.86824
1 62 -0.69976 -0.86824
2 62 -0.69976 -0.86824
0 63 -0.37576 -0.63064
1 63 -0.37576 -0.63064
2 63 -0.37576 -0.63064
0 64 -0.6004 -0.61984
1 64 -0.6004 -0.61984
2 64 -0.6004 -0.61984
0 65 0.65672 -0.56152
1 65 0.65672 -0.56152
2 65 0.65672 -0.56152
0 66 0.512 -0.58744
1 66 0.512 -0.58744
2 66 0.512 -0.58744
0 67 0.4796 -0.5788
1 67 0.4796 -0.5788
2 67 0.4796 -0.5788
0 68 -0.19864 -0.62416
1 68 -0.19864 -0.62416
2 68 -0.19864 -0.62416
0 69 0.10808 -0.66304
1 69 0.10808 -0.66304
2 69 0.10808 -0.66304
0 70 0.640736 -0.432352
1 70 0.640736 -0.432352
2 70 0.640736 -0.432352
0 71 -0.0331838 -0.497152
1 71 -0.0331838 -0.497152
2 71 -0.0331838 -0.497152
0 72 -0.375328 -0.629344
1 72 -0.375328 -0.629344
2 72 -0.375328 -0.629344
0 73 -0.699328 -0.867808
1 73 -0.699328 -0.867808
2 73 -0.699328 -0.867808
0 74 -0.479008 -0.302752
1 74 -0.479008 -0.302752
2 74 -0.479008 -0.302752
0 75 -0.616384 -0.600832
1 75 -0.616384 -0.600832
2 75 -0.616384 -0.600832
0 76 -0.199072 -0.62416
1 76 -0.199072 -0.62416
2 76 -0.199072 -0.62416
0 77 -0.673408 -0.660448
1 77 -0.673408 -0.660448
2 77 -0.673408 -0.660448
0 78 0.109376 -0.66304
1 78 0.109376 -0.66304
2 78 0.109376 -0.66304
0 79 0.0912323 -0.66304
1 79 0.0912323 -0.66304
2 79 0.0912323 -0.66304
0 80 -0.0228158 -0.66304
1 80 -0.0228158 -0.66304
2 80 -0.0228158 -0.66304
0 81 -0.258688 -0.53344
1 81 -0.258688 -0.53344
2 81 -0.258688 -0.53344
0 82 -0.600832 -0.621568
1 82 -0.600832 -0.621568
2 82 -0.600832 -0.621568
0 83 0.625184 -0.593056
1 83 0.625184 -0.593056
2 83 0.625184 -0.593056
0 84 -0.42976 -0.631936
1 84 -0.42976 -0.631936
2 84 -0.42976 -0.631936
0 85 -0.554176 -0.590464
1 85 -0.554176 -0.590464
2 85 -0.554176 -0.590464
0 86 -0.681184 -0.852256
1 86 -0.681184 -0.852256
2 86 -0.681184 -0.852256
0 87 0.63296 -0.590464
1 87 0.63296 -0.590464
2 87 0.63296 -0.590464
0 88 -0.595648 -0.49456
1 88 -0.595648 -0.49456
2 88 -0.595648 -0.49456
0 89 0.640736 -0.590464
1 89 0.640736 -0.590464
2 89 0.640736 -0.590464
0 90 -0.258688 -0.626752
1 90 -0.258688 -0.626752
2 90 -0.258688 -0.626752
0 91 0.643328 -0.44272
1 91 0.643328 -0.44272
2 91 0.643328 -0.44272
0 92 -0.228621 -0.623641
1 92 -0.228621 -0.623641
2 92 -0.228621 -0.623641
0 93 -0.657856 -0.517888
1 93 -0.657856 -0.517888
2 93 -0.657856 -0.517888
0 94 -0.346816 -0.480563
1 94 -0.346816 -0.480563
2 94 -0.346816 -0.480563
0 95 -0.337485 -0.477453
1 95 -0.337485 -0.477453
2 95 -0.337485 -0.477453
0 96 0.545869 -0.499225
1 96 0.545869 -0.499225
2 96 0.545869 -0.499225
0 97 -0.219289 -0.567654
1 97 -0.219289 -0.567654
2 97 -0.219289 -0.567654
0 98 -0.489894 -0.816486
1 98 -0.489894 -0.816486
2 98 -0.489894 -0.816486
0 99 0.113523 -0.430797
1 99 0.113523 -0.430797
2 99 0.113523 -0.430797
0 100 -0.670297 -0.660966
1 100 -0.670297 -0.660966
2 100 -0.670297 -0.660966
0 101 -0.645414 -0.38103
1 101 -0.645414 -0.38103
2 101 -0.645414 -0.38103
0 102 -0.402803 -0.629862
1 102 -0.402803 -0.629862
2 102 -0.402803 -0.629862
0 103 -0.626752 -0.617421
1 103 -0.626752 -0.617421
2 103 -0.626752 -0.617421
0 104 -0.601869 -0.620531
1 104 -0.601869 -0.620531
2 104 -0.601869 -0.620531
0 105 -0.68585 -0.642304
1 105 -0.68896 -0.642304
2 105 -0.68585 -0.642304
0 106 -0.474342 -0.30327
1 106 -0.474342 -0.30327
2 106 -0.474342 -0.30327
0 107 -0.698291 -0.866253
1 107 -0.698291 -0.866253
2 107 -0.698291 -0.866253
0 108 -0.595648 -0.493005
1 108 -0.595648 -0.493005
2 108 -0.595648 -0.493005
0 109 0.713831 -0.346816
1 109 0.713831 -0.346816
2 109 0.713831 -0.343705
0 110 0.639181 -0.452569
1 110 0.639181 -0.452569
2 110 0.639181 -0.452569
0 111 -0.371699 -0.580096
1 111 -0.371699 -0.580096
2 111 -0.371699 -0.580096
0 112 -0.552102 -0.589427
1 112 -0.552102 -0.589427
2 112 -0.552102 -0.589427
0 113 -0.686472 -0.641682
1 113 -0.686472 -0.641682
2 113 -0.686472 -0.641682
0 114 0.545247 -0.499848
1 114 0.545247 -0.499848
2 114 0.545247 -0.499848
0 115 -0.656612 -0.514777
1 115 -0.656612 -0.514777
2 115 -0.656612 -0.514777
0 116 -0.615554 -0.600625
1 116 -0.615554 -0.600625
2 116 -0.615554 -0.600625
0 117 -0.335618 -0.481185
1 117 -0.335618 -0.481185
2 117 -0.335618 -0.481185
0 118 -0.604357 -0.623019
1 118 -0.604357 -0.623019
2 118 -0.604357 -0.623019
0 119 0.0712221 -0.611822
1 119 0.0712221 -0.611822
2 119 0.0712221 -0.611822
0 120 -0.671542 -0.660344
1 120 -0.671542 -0.660344
2 120 -0.671542 -0.660344
0 121 -0.641682 -0.384141
1 121 -0.641682 -0.384141
2 121 -0.641682 -0.384141
0 122 -0.387873 -0.466255
1 122 -0.387873 -0.466255
2 122 -0.387873 -0.466255
0 123 -0.626752 -0.619287
1 123 -0.626752 -0.619287
2 123 -0.626752 -0.619287
0 124 0.590037 -0.522242
1 124 0.590037 -0.522242
2 124 0.590037 -0.522242
0 125 -0.552102 -0.589427
1 125 -0.552102 -0.589427
2 125 -0.552102 -0.589427
0 126 -0.02209 -0.667809
1 126 -0.02209 -0.667809
2 126 -0.02209 -0.667809
0 127 -0.697669 -0.865631
1 127 -0.697669 -0.869363
2 127 -0.697669 -0.865631
0 128 -0.231109 -0.623019
1 128 -0.231109 -0.623019
2 128 -0.231109 -0.623019
0 129 -0.477453 -0.305759
1 129 -0.477453 -0.305759
2 129 -0.477453 -0.305759
0 130 0.086152 -0.664077
1 130 0.086152 -0.664077
2 130 0.086152 -0.664077
0 131 -0.354281 -0.51851
1 131 -0.354281 -0.51851
2 131 -0.354281 -0.51851
0 132 -0.492383 -0.817108
1 132 -0.492383 -0.817108
2 132 -0.492383 -0.817108
0 133 -0.257236 -0.529707
1 133 -0.257236 -0.529707
2 133 -0.257236 -0.529707
