184
0 0 0.05625 -0.432292
1 0 0.05625 -0.432292
2 0 0.05625 -0.432292
0 1 0.45625 -0.584375
1 1 0.45625 -0.584375
2 1 0.455208 -0.584375
0 2 0.676042 -0.569792
1 2 0.676042 -0.569792
2 2 0.676042 -0.569792
0 3 0.553125 -0.596875
1 3 0.552083 -0.596875
2 3 0.552083 -0.596875
0 4 0.0302083 -0.646875
1 4 0.0302083 -0.646875
2 4 0.0302083 -0.646875
0 5 0.361458 -0.620833
1 5 0.361458 -0.620833
2 5 0.361458 -0.620833
0 6 0.711458 -0.342708
1 6 0.711458 -0.342708
2 6 0.711458 -0.342708
0 7 -0.219792 -0.560417
1 7 -0.220833 -0.560417
2 7 -0.220833 -0.560417
0 8 0.455208 -0.611458
1 8 0.455208 -0.611458
2 8 0.455208 -0.611458
0 9 -0.27375 -0.3175
1 9 -0.27375 -0.3175
2 9 -0.27375 -0.3175
0 10 0.53 -0.6
1 10 0.53 -0.6
2 10 0.53 -0.6
0 11 0.65625 -0.55
1 11 0.65625 -0.55
2 11 0.65625 -0.55
0 12 0.48 -0.5775
1 12 0.48 -0.5775
2 12 0.48 -0.5775
0 13 0.47625 -0.59375
1 13 0.47625 -0.59375
2 13 0.47625 -0.59375
0 14 0.64125 -0.54
1 14 0.64125 -0.54
2 14 0.64125 -0.54
0 15 0.48375 -0.5925
1 15 0.48375 -0.5925
2 15 0.48375 -0.5925
0 16 0.65625 -0.55
1 16 0.65625 -0.55
2 16 0.63 -0.55375
0 17 0.62625 -0.58
1 17 0.62625 -0.58
2 17 0.62625 -0.58
0 18 0.565 -0.58
1 18 0.565 -0.58
2 18 0.565 -0.58
0 19 0.68 -0.5725
1 19 0.68 -0.5725
2 19 0.68 -0.5725
0 20 0.51125 -0.58875
1 20 0.51125 -0.58875
2 20 0.51125 -0.58875
0 21 0.5575 -0.58125
1 21 0.5575 -0.58125
2 21 0.5575 -0.58125
0 22 0.47375 -0.58125
1 22 0.47375 -0.58125
2 22 0.47375 -0.58125
0 23 0.57125 -0.56625
1 23 0.57 -0.56625
2 23 0.57 -0.56625
0 24 -0.22 -0.56125
1 24 -0.22 -0.56125
2 24 -0.22 -0.56125
0 25 -0.0249999 -0.6625
1 25 -0.0249999 -0.6625
2 25 -0.0249999 -0.6625
0 26 0.0300001 -0.64625
1 26 0.0300001 -0.64625
2 26 0.0300001 -0.64625
0 27 -0.00624994 -0.62125
1 27 -0.00624994 -0.62125
2 27 -0.00624994 -0.62125
0 28 0.53 -0.583
1 28 0.53 -0.583
2 28 0.53 -0.583
0 29 0.6875 -0.5695
1 29 0.6875 -0.5695
2 29 0.6875 -0.5695
0 30 0.5645 -0.577
1 30 0.5645 -0.577
2 30 0.5645 -0.577
0 31 0.6215 -0.565
1 31 0.6215 -0.565
2 31 0.6215 -0.565
0 32 0.506 -0.574
1 32 0.506 -0.574
2 32 0.506 -0.574
0 33 0.635 -0.5785
1 33 0.635 -0.5785
2 33 0.635 -0.5785
0 34 0.6785 -0.5725
1 34 0.6785 -0.5725
2 34 0.6785 -0.5725
0 35 0.473 -0.5815
1 35 0.473 -0.5815
2 35 0.473 -0.5815
0 36 0.6395 -0.541
1 36 0.6395 -0.5395
2 36 0.6395 -0.5395
0 37 -0.22 -0.562
1 37 -0.22 -0.562
2 37 -0.22 -0.562
0 38 0.5645 -0.58
1 38 0.5645 -0.58
2 38 0.5645 -0.58
0 39 0.557 -0.5815
1 39 0.557 -0.5815
2 39 0.557 -0.5815
0 40 -0.6355 -0.292
1 40 -0.6355 -0.292
2 40 -0.6355 -0.292
0 41 0.53 -0.5995
1 41 0.53 -0.5995
2 41 0.53 -0.5995
0 42 0.4625 -0.583
1 42 0.4625 -0.583
2 42 0.4625 -0.583
0 43 0.6245 -0.5425
1 43 0.6245 -0.5425
2 43 0.6245 -0.5425
0 44 -0.4855 -0.8035
1 44 -0.4855 -0.8035
2 44 -0.4855 -0.8035
0 45 0.6725 -0.5575
1 45 0.6725 -0.5575
2 45 0.6725 -0.5575
0 46 0.4835 -0.592
1 46 0.4835 -0.592
2 46 0.4835 -0.592
0 47 0.683 -0.556
1 47 0.683 -0.556
2 47 0.683 -0.556
0 48 0.674 -0.5605
1 48 0.674 -0.5605
2 48 0.674 -0.5605
0 49 0.0395 -0.5935
1 49 0.0395 -0.5935
2 49 0.0395 -0.5935
0 50 -0.0249999 -0.6625
1 50 -0.0249999 -0.6625
2 50 -0.0249999 -0.6625
0 51 0.6395 -0.586
1 51 0.6395 -0.586
2 51 0.6395 -0.586
0 52 -0.6274 -0.6166
1 52 -0.6274 -0.6166
2 52 -0.6274 -0.6166
0 53 0.5102 -0.586
1 53 0.5102 -0.586
2 53 0.5102 -0.586
0 54 0.6884 -0.5698
1 54 0.6884 -0.5698
2 54 0.6884 -0.5698
0 55 -0.6796 -0.8506
1 55 -0.6796 -0.8506
2 55 -0.6796 -0.8506
0 56 -0.4708 -0.3034
1 56 -0.4708 -0.3034
2 56 -0.4708 -0.3034
0 57 0.6398 -0.5878
1 57 0.6398 -0.5878
2 57 0.6398 -0.5878
0 58 -0.4852 -0.8038
1 58 -0.4852 -0.8038
2 58 -0.4852 -0.8038
0 59 0.476 -0.5932
1 59 0.476 -0.5932
2 59 0.476 -0.5932
0 60 -0.0981999 -0.532
1 60 -0.0981999 -0.532
2 60 -0.0981999 -0.532
0 61 0.6776 -0.5716
1 61 0.6776 -0.5716
2 61 0.6776 -0.5716
0 62 -0.487 -0.811
1 62 -0.487 -0.811
2 62 -0.487 -0.811
0 63 0.557 -0.5806
1 63 0.557 -0.5806
2 63 0.557 -0.5806
0 64 -0.0243999 -0.6634
1 64 -0.0243999 -0.6634
2 64 -0.0243999 -0.6634
0 65 0.6182 -0.5554
1 65 0.6182 -0.5554
2 65 0.6182 -0.5554
0 66 0.6254 -0.5788
1 66 0.6254 -0.5788
2 66 0.6254 -0.5788
0 67 0.6668 -0.5842
1 67 0.6668 -0.5842
2 67 0.6668 -0.5842
0 68 0.6614 -0.5734
1 68 0.6614 -0.5734
2 68 0.6614 -0.5734
0 69 0.0530001 -0.4492
1 69 0.0530001 -0.4492
2 69 0.0530001 -0.4492
0 70 0.4904 -0.577
1 70 0.4904 -0.577
2 70 0.4904 -0.577
0 71 0.6506 -0.5752
1 71 0.6506 -0.5752
2 71 0.6506 -0.5752
0 72 0.6146 -0.289
1 72 0.6146 -0.289
2 72 0.6146 -0.289
0 73 -0.6364 -0.2926
1 73 -0.6364 -0.2926
2 73 -0.6364 -0.2926
0 74 0.1142 -0.6616
1 74 0.1142 -0.6616
2 74 0.1142 -0.6616
0 75 -0.6364 -0.2962
1 75 -0.6364 -0.2962
2 75 -0.6364 -0.2962
0 76 0.5426 -0.5824
1 76 0.5426 -0.5824
2 76 0.5426 -0.5824
0 77 -0.6994 -0.8686
1 77 -0.6994 -0.8686
2 77 -0.6994 -0.8686
0 78 0.6398 -0.5392
1 78 0.6398 -0.5392
2 78 0.6398 -0.5392
0 79 -0.68032 -0.85096
1 79 -0.68032 -0.85096
2 79 -0.68032 -0.85096
0 80 0.55736 -0.58096
1 80 0.55736 -0.58096
2 80 0.55736 -0.58096
0 81 -0.39304 -0.50752
1 81 -0.39304 -0.50752
2 81 -0.39304 -0.50752
0 82 -0.47944 -0.30232
1 82 -0.47944 -0.30232
2 82 -0.47944 -0.30232
0 83 -0.67384 -0.66088
1 83 -0.67384 -0.66088
2 83 -0.67384 -0.66088
0 84 -0.15328 -0.5248
1 84 -0.15328 -0.5248
2 84 -0.15328 -0.5248
0 85 -0.6004 -0.61984
1 85 -0.6004 -0.61984
2 85 -0.6004 -0.61984
0 86 -0.40168 -0.6328
1 86 -0.40168 -0.6328
2 86 -0.40168 -0.6328
0 87 -0.20512 -0.55936
1 87 -0.20512 -0.55936
2 87 -0.20512 -0.55936
0 88 0.6416 -0.44272
1 88 0.6416 -0.44272
2 88 0.6416 -0.44272
0 89 -0.19864 -0.56152
1 89 -0.19864 -0.56152
2 89 -0.19864 -0.56152
0 90 -0.6976 -0.86824
1 90 -0.69976 -0.86824
2 90 -0.69976 -0.86824
0 91 0.64808 -0.56368
1 91 0.64808 -0.56368
2 91 0.64808 -0.56368
0 92 -0.0236799 -0.66304
1 92 -0.0236799 -0.66304
2 92 -0.0236799 -0.66304
0 93 0.0908001 -0.66304
1 93 0.0908001 -0.66304
2 93 0.0908001 -0.66304
0 94 0.512 -0.58744
1 94 0.512 -0.58744
2 94 0.512 -0.58744
0 95 0.10808 -0.66304
1 95 0.10808 -0.66304
2 95 0.10808 -0.66304
0 96 0.63512 -0.57664
1 96 0.63512 -0.57664
2 96 0.63512 -0.57664
0 97 -0.19864 -0.62416
1 97 -0.19864 -0.62416
2 97 -0.19864 -0.62416
0 98 -0.22888 -0.62632
1 98 -0.22888 -0.62632
2 98 -0.22888 -0.62632
0 99 -0.19432 -0.568
1 99 -0.19432 -0.568
2 99 -0.19432 -0.568
0 100 0.68912 -0.57016
1 100 0.68912 -0.57016
2 100 0.68912 -0.57016
0 101 -0.43192 -0.59392
1 101 -0.43192 -0.59392
2 101 -0.43192 -0.59392
0 102 0.66104 -0.57448
1 102 0.66104 -0.57448
2 102 0.66104 -0.57448
0 103 -0.5248 -0.55288
1 103 -0.5248 -0.55288
2 103 -0.5248 -0.55288
0 104 0.58112 -0.58744
1 104 0.58112 -0.58744
2 104 0.58112 -0.58744
0 105 0.109376 -0.66304
1 105 0.109376 -0.66304
2 105 0.109376 -0.66304
0 106 0.459296 -0.6112
1 106 0.459296 -0.6112
2 106 0.459296 -0.6112
0 107 -0.0228158 -0.66304
1 107 -0.0228158 -0.66304
2 107 -0.0228158 -0.66304
0 108 -0.199072 -0.561952
1 108 -0.199072 -0.561952
2 108 -0.199072 -0.561952
0 109 -0.626752 -0.616384
1 109 -0.626752 -0.616384
2 109 -0.626752 -0.616384
0 110 -0.600832 -0.621568
1 110 -0.600832 -0.621568
2 110 -0.600832 -0.621568
0 111 -0.479008 -0.302752
1 111 -0.479008 -0.302752
2 111 -0.479008 -0.302752
0 112 -0.471232 -0.302752
1 112 -0.471232 -0.302752
2 112 -0.471232 -0.302752
0 113 -0.199072 -0.62416
1 113 -0.199072 -0.62416
2 113 -0.199072 -0.62416
0 114 -0.489376 -0.81856
1 114 -0.489376 -0.81856
2 114 -0.489376 -0.81856
0 115 -0.655264 -0.655264
1 115 -0.655264 -0.655264
2 115 -0.655264 -0.655264
0 116 0.640736 -0.432352
1 116 0.640736 -0.432352
2 116 0.640736 -0.432352
0 117 -0.595648 -0.49456
1 117 -0.595648 -0.49456
2 117 -0.595648 -0.49456
0 118 -0.0331838 -0.497152
1 118 -0.0331838 -0.497152
2 118 -0.0331838 -0.497152
0 119 -0.227584 -0.62416
1 119 -0.227584 -0.62416
2 119 -0.227584 -0.62416
0 120 0.625184 -0.593056
1 120 0.625184 -0.593056
2 120 0.625184 -0.593056
0 121 -0.681184 -0.852256
1 121 -0.681184 -0.852256
2 121 -0.681184 -0.852256
0 122 -0.258688 -0.626752
1 122 -0.258688 -0.626752
2 122 -0.258688 -0.626752
0 123 0.640736 -0.590464
1 123 0.640736 -0.590464
2 123 0.640736 -0.590464
0 124 -0.375328 -0.629344
1 124 -0.375328 -0.629344
2 124 -0.375328 -0.629344
0 125 -0.699328 -0.867808
1 125 -0.699328 -0.867808
2 125 -0.699328 -0.867808
0 126 0.0912323 -0.66304
1 126 0.0912323 -0.66304
2 126 0.0912323 -0.66304
0 127 -0.673408 -0.660448
1 127 -0.673408 -0.660448
2 127 -0.673408 -0.660448
0 128 -0.608608 -0.59824
1 128 -0.608608 -0.59824
2 128 -0.608608 -0.59824
0 129 0.643328 -0.44272
1 129 0.643328 -0.44272
2 129 0.643328 -0.44272
0 130 0.713312 -0.344224
1 130 0.713312 -0.344224
2 130 0.713312 -0.344224
0 131 0.653696 -0.587872
1 131 0.653696 -0.587872
2 131 0.653696 -0.587872
0 132 -0.698291 -0.866253
1 132 -0.698291 -0.866253
2 132 -0.698291 -0.866253
0 133 -0.0233341 -0.664077
1 133 -0.0233341 -0.664077
2 133 -0.0233341 -0.664077
0 134 -0.228621 -0.623641
1 134 -0.228621 -0.623641
2 134 -0.228621 -0.623641
0 135 -0.474342 -0.30327
1 135 -0.474342 -0.30327
2 135 -0.474342 -0.30327
0 136 0.0886403 -0.664077
1 136 0.0886403 -0.664077
2 136 0.0886403 -0.664077
0 137 -0.256614 -0.530329
1 137 -0.256614 -0.530329
2 137 -0.256614 -0.530329
0 138 -0.346816 -0.480563
1 138 -0.346816 -0.480563
2 138 -0.346816 -0.480563
0 139 -0.68585 -0.642304
1 139 -0.68585 -0.642304
2 139 -0.68585 -0.642304
0 140 -0.219289 -0.567654
1 140 -0.219289 -0.567654
2 140 -0.219289 -0.567654
0 141 0.458778 -0.6112
1 141 0.458778 -0.6112
2 141 0.458778 -0.6112
0 142 -0.626752 -0.617421
1 142 -0.626752 -0.617421
2 142 -0.626752 -0.617421
0 143 0.113523 -0.430797
1 143 0.113523 -0.430797
2 143 0.113523 -0.430797
0 144 -0.197517 -0.620531
1 144 -0.197517 -0.620531
2 144 -0.197517 -0.620531
0 145 -0.489894 -0.816486
1 145 -0.489894 -0.816486
2 145 -0.489894 -0.816486
0 146 -0.402803 -0.629862
1 146 -0.402803 -0.629862
2 146 -0.402803 -0.629862
0 147 -0.601869 -0.620531
1 147 -0.601869 -0.620531
2 147 -0.601869 -0.620531
0 148 -0.337485 -0.477453
1 148 -0.337485 -0.477453
2 148 -0.337485 -0.477453
0 149 -0.670297 -0.660966
1 149 -0.670297 -0.660966
2 149 -0.670297 -0.660966
0 150 0.545869 -0.499225
1 150 0.545869 -0.499225
2 150 0.545869 -0.499225
0 151 -0.657856 -0.517888
1 151 -0.657856 -0.517888
2 151 -0.657856 -0.517888
0 152 -0.194406 -0.567654
1 152 -0.194406 -0.567654
2 152 -0.194406 -0.567654
0 153 -0.371699 -0.580096
1 153 -0.371699 -0.580096
2 153 -0.371699 -0.580096
0 154 -0.483673 -0.797824
1 154 -0.483673 -0.797824
2 154 -0.483673 -0.797824
0 155 -0.595648 -0.493005
1 155 -0.595648 -0.493005
2 155 -0.595648 -0.493005
0 156 0.713831 -0.346816
1 156 0.713831 -0.346816
2 156 0.713831 -0.346816
0 157 -0.197517 -0.315712
1 157 -0.197517 -0.315712
2 157 -0.197517 -0.315712
0 158 -0.552102 -0.589427
1 158 -0.552102 -0.589427
2 158 -0.552102 -0.589427
0 159 -0.402803 -0.626752
1 159 -0.402803 -0.626752
2 159 -0.402803 -0.626752
0 160 -0.477453 -0.305759
1 160 -0.477453 -0.305759
2 160 -0.477453 -0.305759
0 161 -0.387873 -0.466255
1 161 -0.387873 -0.466255
2 161 -0.387873 -0.466255
0 162 -0.615554 -0.600625
1 162 -0.615554 -0.600625
2 162 -0.615554 -0.600625
0 163 -0.604357 -0.623019
1 163 -0.604357 -0.623019
2 163 -0.604357 -0.623019
0 164 -0.316956 -0.623019
1 164 -0.316956 -0.623019
2 164 -0.316956 -0.623019
0 165 -0.686472 -0.641682
1 165 -0.686472 -0.641682
2 165 -0.686472 -0.641682
0 166 0.086152 -0.664077
1 166 0.086152 -0.664077
2 166 0.086152 -0.664077
0 167 -0.626752 -0.619287
1 167 -0.626752 -0.619287
2 167 -0.626752 -0.619287
0 168 -0.257236 -0.529707
1 168 -0.257236 -0.529707
2 168 -0.257236 -0.529707
0 169 -0.697669 -0.869363
1 169 -0.697669 -0.865631
2 169 -0.697669 -0.865631
0 170 0.571375 -0.53344
1 170 0.571375 -0.53344
2 170 0.571375 -0.53344
0 171 -0.335618 -0.481185
1 171 -0.335618 -0.481185
2 171 -0.335618 -0.481185
0 172 0.0338973 -0.53344
1 172 0.0338973 -0.53344
2 172 0.0338973 -0.53344
0 173 -0.656612 -0.514777
1 173 -0.656612 -0.514777
2 173 -0.656612 -0.514777
0 174 -0.552102 -0.589427
1 174 -0.552102 -0.589427
2 174 -0.552102 -0.589427
0 175 0.590037 -0.522242
1 175 0.590037 -0.522242
2 175 0.590037 -0.522242
0 176 -0.671542 -0.660344
1 176 -0.671542 -0.660344
2 176 -0.671542 -0.660344
0 177 -0.630484 -0.630484
1 177 -0.630484 -0.630484
2 177 -0.630484 -0.630484
0 178 -0.197517 -0.623019
1 178 -0.197517 -0.623019
2 178 -0.197517 -0.623019
0 179 -0.02209 -0.667809
1 179 -0.02209 -0.667809
2 179 -0.02209 -0.667809
0 180 -0.354281 -0.51851
1 180 -0.354281 -0.51851
2 180 -0.354281 -0.51851
0 181 0.545247 -0.499848
1 181 0.545247 -0.499848
2 181 0.545247 -0.499848
0 182 -0.231109 -0.623019
1 182 -0.231109 -0.623019
2 182 -0.231109 -0.623019
0 183 -0.492383 -0.817108
1 183 -0.492383 -0.817108
2 183 -0.492383 -0.817108
