86
0 0 0.565625 -0.571875
1 0 0.565625 -0.570833
2 0 0.565625 -0.570833
0 1 -0.220833 -0.552083
1 1 -0.220833 -0.551042
2 1 -0.220833 -0.551042
0 2 0.0739583 -0.722917
1 2 0.0729167 -0.721875
2 2 0.0729167 -0.721875
0 3 0.540625 -0.5625
1 3 0.540625 -0.561458
2 3 0.540625 -0.561458
0 4 0.663542 -0.648958
1 4 0.663542 -0.647917
2 4 0.663542 -0.647917
0 5 0.455 -0.57625
1 5 0.455 -0.575
2 5 0.455 -0.575
0 6 0.5725 -0.5675
1 6 0.5725 -0.56625
2 6 0.5725 -0.56625
0 7 0.6275 -0.54625
1 7 0.6275 -0.545
2 7 0.6275 -0.545
0 8 0.665 -0.57375
1 8 0.665 -0.5725
2 8 0.665 -0.5725
0 9 -0.6775 -0.84125
1 9 -0.6775 -0.84
2 9 -0.6775 -0.84
0 10 0.55625 -0.57375
1 10 0.55625 -0.5725
2 10 0.55625 -0.5725
0 11 0.4535 -0.574
1 11 0.4535 -0.5725
2 11 0.4535 -0.5725
0 12 0.6515 -0.577
1 12 0.6515 -0.5755
2 12 0.6515 -0.5755
0 13 0.563 -0.5695
1 13 0.563 -0.568
2 13 0.563 -0.568
0 14 0.3215 -0.838
1 14 0.3215 -0.838
2 14 0.3215 -0.838
0 15 0.6425 -0.544
1 15 0.6425 -0.5425
2 15 0.6425 -0.5425
0 16 0.617 -0.5455
1 16 0.617 -0.544
2 16 0.617 -0.544
0 17 0.65 -0.568
1 17 0.65 -0.5665
2 17 0.65 -0.5665
0 18 -0.487 -0.8035
1 18 -0.487 -0.802
2 18 -0.487 -0.802
0 19 -0.6985 -0.8605
1 19 -0.6985 -0.859
2 19 -0.6985 -0.859
0 20 -0.0981999 -0.5248
1 20 -0.0981999 -0.523
2 20 -0.0981999 -0.523
0 21 -0.487 -0.802
1 21 -0.487 -0.802
2 21 -0.487 -0.802
0 22 0.5408 -0.5734
1 22 0.5408 -0.5734
2 22 0.5408 -0.5734
0 23 -0.6778 -0.8416
1 23 -0.6778 -0.8416
2 23 -0.6796 -0.8416
0 24 -0.4798 -0.2944
1 24 -0.4798 -0.2926
2 24 -0.4798 -0.2926
0 25 0.0530001 -0.4402
1 25 0.0530001 -0.4402
2 25 0.0530001 -0.4402
0 26 0.6488 -0.5662
1 26 0.6488 -0.5662
2 26 0.6488 -0.5662
0 27 -0.4708 -0.2944
1 27 -0.4708 -0.2944
2 27 -0.4726 -0.2944
0 28 0.6344 -0.568
1 28 0.6344 -0.568
2 28 0.6344 -0.568
0 29 0.107 -0.6544
1 29 0.107 -0.6526
2 29 0.107 -0.6526
0 30 -0.2206 -0.5536
1 30 -0.2206 -0.5536
2 30 -0.2206 -0.5536
0 31 -0.658 -0.4528
1 31 -0.658 -0.451
2 31 -0.658 -0.451
0 32 0.539 -0.5608
1 32 0.539 -0.5608
2 32 0.539 -0.5608
0 33 0.5552 -0.57232
1 33 0.5552 -0.57016
2 33 0.5552 -0.57016
0 34 -0.22024 -0.5572
1 34 -0.22024 -0.55504
2 34 -0.22024 -0.55504
0 35 -0.63712 -0.28504
1 35 -0.63712 -0.28288
2 35 -0.63712 -0.28504
0 36 0.1124 -0.6544
1 36 0.1124 -0.65224
2 36 0.1124 -0.65224
0 37 -0.59824 -0.6112
1 37 -0.6004 -0.6112
2 37 -0.6004 -0.6112
0 38 0.67832 -0.57448
1 38 0.67832 -0.57448
2 38 0.67832 -0.57448
0 39 0.50984 -0.5788
1 39 0.50984 -0.5788
2 39 0.50984 -0.5788
0 40 0.0908001 -0.6544
1 40 0.0908001 -0.6544
2 40 0.0908001 -0.6544
0 41 -0.61552 -0.59392
1 41 -0.61552 -0.59176
2 41 -0.61552 -0.59176
0 42 0.63944 -0.5788
1 42 0.63944 -0.5788
2 42 0.63944 -0.5788
0 43 -0.20512 -0.55072
1 43 -0.20512 -0.55072
2 43 -0.20512 -0.55072
0 44 -0.47944 -0.29368
1 44 -0.47944 -0.29368
2 44 -0.47944 -0.29368
0 45 0.67616 -0.56368
1 45 0.67616 -0.56152
2 45 0.67616 -0.56152
0 46 -0.19648 -0.305344
1 46 -0.19648 -0.305344
2 46 -0.19648 -0.305344
0 47 0.713312 -0.336448
1 47 0.713312 -0.336448
2 47 0.713312 -0.336448
0 48 -0.230176 -0.616384
1 48 -0.230176 -0.616384
2 48 -0.230176 -0.616384
0 49 -0.696736 -0.860032
1 49 -0.699328 -0.85744
2 49 -0.696736 -0.85744
0 50 -0.63712 -0.2872
1 50 -0.63712 -0.284608
2 50 -0.63712 -0.284608
0 51 -0.258688 -0.525664
1 51 -0.258688 -0.523072
2 51 -0.258688 -0.523072
0 52 -0.199072 -0.616384
1 52 -0.199072 -0.613792
2 52 -0.199072 -0.613792
0 53 -0.626752 -0.608608
1 53 -0.626752 -0.608608
2 53 -0.626752 -0.608608
0 54 -0.219808 -0.556768
1 54 -0.219808 -0.556768
2 54 -0.219808 -0.556768
0 55 0.625184 -0.582688
1 55 0.625184 -0.582688
2 55 0.625184 -0.582688
0 56 -0.204256 -0.548992
1 56 -0.204256 -0.548992
2 56 -0.204256 -0.548992
0 57 -0.686368 -0.631936
1 57 -0.686368 -0.631936
2 57 -0.686368 -0.631936
0 58 -0.608608 -0.587872
1 58 -0.608608 -0.587872
2 58 -0.608608 -0.587872
0 59 -0.489376 -0.808192
1 59 -0.489376 -0.808192
2 59 -0.489376 -0.808192
0 60 -0.473824 -0.294976
1 60 -0.473824 -0.294976
2 60 -0.473824 -0.294976
0 61 0.0912323 -0.655264
1 61 0.0912323 -0.655264
2 61 0.0912323 -0.655264
0 62 -0.258688 -0.616384
1 62 -0.258688 -0.616384
2 62 -0.258688 -0.616384
0 63 0.713831 -0.337485
1 63 0.713831 -0.334374
2 63 0.713831 -0.334374
0 64 -0.698291 -0.860032
1 64 -0.698291 -0.856922
2 64 -0.698291 -0.856922
0 65 -0.346816 -0.471232
1 65 -0.346816 -0.471232
2 65 -0.346816 -0.471232
0 66 -0.626752 -0.60809
1 66 -0.626752 -0.60809
2 66 -0.626752 -0.60809
0 67 -0.601869 -0.6112
1 67 -0.601869 -0.6112
2 67 -0.601869 -0.6112
0 68 -0.489894 -0.807155
1 68 -0.489894 -0.807155
2 68 -0.489894 -0.807155
0 69 -0.402803 -0.620531
1 69 -0.402803 -0.620531
2 69 -0.402803 -0.620531
0 70 -0.68585 -0.632973
1 70 -0.68585 -0.632973
2 70 -0.68585 -0.632973
0 71 0.654733 -0.415245
1 71 0.654733 -0.412134
2 71 0.654733 -0.412134
0 72 -0.670297 -0.651635
1 72 -0.670297 -0.651635
2 72 -0.670297 -0.651635
0 73 0.0886403 -0.654746
1 73 0.0886403 -0.654746
2 73 0.0886403 -0.654746
0 74 -0.156459 -0.611822
1 74 -0.156459 -0.611822
2 74 -0.156459 -0.611822
0 75 0.653489 -0.414
1 75 0.653489 -0.414
2 75 0.653489 -0.414
0 76 -0.630484 -0.623019
1 76 -0.630484 -0.623019
2 76 -0.630484 -0.623019
0 77 -0.402803 -0.619287
1 77 -0.402803 -0.619287
2 77 -0.402803 -0.619287
0 78 -0.216179 -0.54837
1 78 -0.216179 -0.54837
2 78 -0.216179 -0.54837
0 79 0.545247 -0.492383
1 79 0.545247 -0.492383
2 79 0.545247 -0.492383
0 80 -0.02209 -0.660344
1 80 -0.02209 -0.660344
2 80 -0.02209 -0.660344
0 81 0.590037 -0.514777
1 81 0.590037 -0.514777
2 81 0.590037 -0.514777
0 82 -0.697669 -0.858166
1 82 -0.697669 -0.858166
2 82 -0.697669 -0.858166
0 83 0.086152 -0.656612
1 83 0.086152 -0.656612
2 83 0.086152 -0.656612
0 84 -0.197517 -0.611822
1 84 -0.197517 -0.611822
2 84 -0.197517 -0.611822
0 85 -0.552102 -0.581962
1 85 -0.552102 -0.581962
2 85 -0.552102 -0.581962
