76
0 0 0.01875 -0.6875
1 0 0.0197917 -0.688542
2 0 0.0197917 -0.688542
0 1 -0.194792 -0.555208
1 1 -0.194792 -0.555208
2 1 -0.194792 -0.55625
0 2 0.645 -0.5325
1 2 0.645 -0.5325
2 2 0.645 -0.53375
0 3 0.625 -0.53875
1 3 0.625 -0.53875
2 3 0.625 -0.53875
0 4 -0.22 -0.55625
1 4 -0.22 -0.55625
2 4 -0.22 -0.5575
0 5 0.47625 -0.58875
1 5 0.47625 -0.59
2 5 0.47625 -0.59
0 6 -0.0175 -0.665
1 6 -0.0175 -0.665
2 6 -0.0175 -0.66625
0 7 0.5645 -0.5725
1 7 0.5645 -0.574
2 7 0.5645 -0.574
0 8 -0.679 -0.8455
1 8 -0.679 -0.847
2 8 -0.679 -0.847
0 9 -0.487 -0.8065
1 9 -0.487 -0.808
2 9 -0.487 -0.808
0 10 0.68 -0.5395
1 10 0.68 -0.5395
2 10 0.68 -0.541
0 11 0.6395 -0.535
1 11 0.641 -0.5365
2 11 0.641 -0.5365
0 12 -0.22 -0.5575
1 12 -0.22 -0.5575
2 12 -0.22 -0.5575
0 13 0.65 -0.5335
1 13 0.65 -0.535
2 13 0.65 -0.535
0 14 0.62 -0.5374
1 14 0.62 -0.5374
2 14 0.62 -0.5374
0 15 -0.487 -0.8074
1 15 -0.487 -0.8074
2 15 -0.487 -0.8074
0 16 -0.6796 -0.847
1 16 -0.6796 -0.847
2 16 -0.6796 -0.847
0 17 0.557 -0.577
1 17 0.557 -0.577
2 17 0.557 -0.577
0 18 0.6794 -0.577
1 18 0.6794 -0.577
2 18 0.6794 -0.577
0 19 0.539 -0.5644
1 19 0.539 -0.5662
2 19 0.539 -0.5662
0 20 0.6182 -0.2854
1 20 0.6182 -0.2854
2 20 0.6182 -0.2854
0 21 0.5426 -0.5788
1 21 0.5426 -0.5788
2 21 0.5426 -0.5788
0 22 -0.6004 -0.61552
1 22 -0.6004 -0.61552
2 22 -0.59824 -0.61552
0 23 0.68912 -0.56584
1 23 0.68912 -0.56584
2 23 0.68912 -0.56584
0 24 0.67832 -0.56584
1 24 0.67832 -0.568
2 24 0.67832 -0.568
0 25 -0.55504 -0.58528
1 25 -0.55504 -0.58528
2 25 -0.55504 -0.58528
0 26 -0.69976 -0.86392
1 26 -0.69976 -0.86392
2 26 -0.69976 -0.86608
0 27 0.66104 -0.568
1 27 0.66104 -0.57016
2 27 0.66104 -0.57016
0 28 -0.47944 -0.298
1 28 -0.47944 -0.298
2 28 -0.47944 -0.298
0 29 0.0908001 -0.65872
1 29 0.0908001 -0.65872
2 29 0.0908001 -0.66088
0 30 0.55736 -0.57664
1 30 0.55736 -0.57664
2 30 0.55736 -0.57664
0 31 -0.39304 -0.5032
1 31 -0.39304 -0.50536
2 31 -0.39304 -0.50536
0 32 -0.22888 -0.622
1 32 -0.22888 -0.622
2 32 -0.22888 -0.622
0 33 -0.20512 -0.55504
1 33 -0.20512 -0.55504
2 33 -0.20512 -0.55504
0 34 0.61568 -0.28504
1 34 0.61568 -0.28504
2 34 0.61568 -0.28504
0 35 -0.65656 -0.45568
1 35 -0.65656 -0.45568
2 35 -0.65656 -0.45784
0 36 0.512 -0.58312
1 36 0.512 -0.58312
2 36 0.512 -0.58312
0 37 -0.0228158 -0.660448
1 37 -0.0228158 -0.660448
2 37 -0.0228158 -0.660448
0 38 -0.699328 -0.862624
1 38 -0.699328 -0.862624
2 38 -0.699328 -0.862624
0 39 -0.686368 -0.63712
1 39 -0.686368 -0.63712
2 39 -0.686368 -0.63712
0 40 -0.33904 -0.471232
1 40 -0.33904 -0.471232
2 40 -0.33904 -0.471232
0 41 -0.655264 -0.652672
1 41 -0.655264 -0.652672
2 41 -0.655264 -0.652672
0 42 -0.626752 -0.613792
1 42 -0.626752 -0.613792
2 42 -0.626752 -0.613792
0 43 -0.219808 -0.561952
1 43 -0.219808 -0.561952
2 43 -0.219808 -0.561952
0 44 -0.258688 -0.528256
1 44 -0.258688 -0.528256
2 44 -0.258688 -0.528256
0 45 -0.19648 -0.310528
1 45 -0.19648 -0.310528
2 45 -0.19648 -0.310528
0 46 -0.230176 -0.621568
1 46 -0.230176 -0.621568
2 46 -0.230176 -0.621568
0 47 -0.471232 -0.30016
1 47 -0.471232 -0.30016
2 47 -0.471232 -0.30016
0 48 0.640736 -0.42976
1 48 0.640736 -0.42976
2 48 0.640736 -0.42976
0 49 -0.489376 -0.813376
1 49 -0.489376 -0.813376
2 49 -0.489376 -0.813376
0 50 -0.193888 -0.564544
1 50 -0.193888 -0.564544
2 50 -0.193888 -0.564544
0 51 -0.204256 -0.554176
1 51 -0.204256 -0.554176
2 51 -0.204256 -0.554176
0 52 -0.258688 -0.621568
1 52 -0.258688 -0.621568
2 52 -0.258688 -0.621568
0 53 -0.489894 -0.813376
1 53 -0.489894 -0.813376
2 53 -0.489894 -0.813376
0 54 -0.256614 -0.524109
1 54 -0.256614 -0.527219
2 54 -0.256614 -0.527219
0 55 -0.595648 -0.489894
1 55 -0.595648 -0.489894
2 55 -0.595648 -0.489894
0 56 -0.387251 -0.461901
1 56 -0.387251 -0.461901
2 56 -0.387251 -0.461901
0 57 -0.601869 -0.617421
1 57 -0.601869 -0.617421
2 57 -0.601869 -0.617421
0 58 -0.197517 -0.617421
1 58 -0.197517 -0.617421
2 58 -0.197517 -0.617421
0 59 -0.626752 -0.61431
1 59 -0.626752 -0.61431
2 59 -0.626752 -0.61431
0 60 0.0699778 -0.604979
1 60 0.0699778 -0.604979
2 60 0.0699778 -0.604979
0 61 0.545869 -0.496115
1 61 0.545869 -0.496115
2 61 0.545869 -0.496115
0 62 -0.698291 -0.863142
1 62 -0.698291 -0.863142
2 62 -0.698291 -0.863142
0 63 -0.272166 -0.309491
1 63 -0.272166 -0.309491
2 63 -0.272166 -0.309491
0 64 -0.604357 -0.619287
1 64 -0.604357 -0.619287
2 64 -0.604357 -0.619287
0 65 -0.402803 -0.623019
1 65 -0.402803 -0.623019
2 65 -0.402803 -0.623019
0 66 -0.387873 -0.462523
1 66 -0.387873 -0.462523
2 66 -0.387873 -0.462523
0 67 -0.372943 -0.623019
1 67 -0.372943 -0.623019
2 67 -0.372943 -0.623019
0 68 -0.615554 -0.596892
1 68 -0.615554 -0.596892
2 68 -0.615554 -0.596892
0 69 -0.671542 -0.656612
1 69 -0.671542 -0.656612
2 69 -0.671542 -0.656612
0 70 -0.641682 -0.380408
1 70 -0.641682 -0.380408
2 70 -0.641682 -0.380408
0 71 0.571375 -0.525975
1 71 0.571375 -0.525975
2 71 0.571375 -0.525975
0 72 -0.477453 -0.302026
1 72 -0.477453 -0.302026
2 72 -0.477453 -0.302026
0 73 -0.02209 -0.664077
1 73 -0.02209 -0.664077
2 73 -0.02209 -0.664077
0 74 0.590037 -0.51851
1 74 0.590037 -0.51851
2 74 0.590037 -0.51851
0 75 0.086152 -0.660344
1 75 0.086152 -0.660344
2 75 0.086152 -0.660344
