95
0 0 -0.065625 -0.665625
1 0 -0.065625 -0.666667
2 0 -0.065625 -0.666667
0 1 0.572917 -0.5625
1 1 0.572917 -0.563542
2 1 0.572917 -0.563542
0 2 0.558333 -0.578125
1 2 0.558333 -0.579167
2 2 0.558333 -0.579167
0 3 0.65625 -0.55625
1 3 0.65625 -0.557292
2 3 0.630208 -0.561458
0 4 0.160417 -0.615625
1 4 0.160417 -0.616667
2 4 0.160417 -0.616667
0 5 0.683333 -0.552083
1 5 0.683333 -0.553125
2 5 0.683333 -0.553125
0 6 0.65375 -0.54375
1 6 0.65375 -0.545
2 6 0.65375 -0.545
0 7 0.67625 -0.55625
1 7 0.67625 -0.5575
2 7 0.67625 -0.5575
0 8 0.64375 -0.54875
1 8 0.64375 -0.55
2 8 0.64375 -0.55
0 9 0.3625 -0.61625
1 9 0.3625 -0.6175
2 9 0.3625 -0.6175
0 10 -0.22 -0.5575
1 10 -0.22 -0.55875
2 10 -0.22 -0.55875
0 11 0.6875 -0.565
1 11 0.6875 -0.56625
2 11 0.6875 -0.56625
0 12 0.48375 -0.58875
1 12 0.48375 -0.59
2 12 0.48375 -0.59
0 13 0.5575 -0.5775
1 13 0.5575 -0.57875
2 13 0.5575 -0.57875
0 14 -0.20875 -0.51
1 14 -0.20875 -0.51125
2 14 -0.20875 -0.51125
0 15 0.5525 -0.562
1 15 0.5525 -0.5635
2 15 0.5525 -0.5635
0 16 0.644 -0.5455
1 16 0.644 -0.547
2 16 0.644 -0.547
0 17 0.473 -0.577
1 17 0.473 -0.5785
2 17 0.473 -0.5785
0 18 0.5075 -0.5695
1 18 0.5075 -0.571
2 18 0.5075 -0.571
0 19 -0.22 -0.5575
1 19 -0.22 -0.559
2 19 -0.22 -0.559
0 20 -0.658 -0.457
1 20 -0.658 -0.4585
2 20 -0.658 -0.4585
0 21 0.68 -0.577
1 21 0.68 -0.5785
2 21 0.68 -0.5785
0 22 0.569 -0.559
1 22 0.569 -0.5605
2 22 0.569 -0.5605
0 23 0.0935 -0.6595
1 23 0.0935 -0.661
2 23 0.0935 -0.661
0 24 0.4895 -0.5725
1 24 0.4895 -0.574
2 24 0.4895 -0.574
0 25 -0.679 -0.847
1 25 -0.679 -0.8485
2 25 -0.679 -0.8485
0 26 0.5105 -0.5845
1 26 0.5105 -0.586
2 26 0.5105 -0.586
0 27 0.5435 -0.5785
1 27 0.5435 -0.58
2 27 0.5435 -0.58
0 28 0.6455 -0.5335
1 28 0.6455 -0.535
2 28 0.6455 -0.535
0 29 -0.487 -0.808
1 29 -0.487 -0.8095
2 29 -0.487 -0.8095
0 30 -0.487 -0.8074
1 30 -0.487 -0.8092
2 30 -0.487 -0.8092
0 31 0.512 -0.5842
1 31 0.512 -0.586
2 31 0.512 -0.586
0 32 -0.6796 -0.847
1 32 -0.6796 -0.8488
2 32 -0.6796 -0.8488
0 33 -0.4708 -0.2998
1 33 -0.4708 -0.2998
2 33 -0.4708 -0.2998
0 34 0.1142 -0.658
1 34 0.1142 -0.6598
2 34 0.1142 -0.6598
0 35 0.4796 -0.5752
1 35 0.4796 -0.577
2 35 0.4796 -0.577
0 36 -0.4024 -0.6292
1 36 -0.4024 -0.631
2 36 -0.4024 -0.631
0 37 0.6794 -0.577
1 37 0.6812 -0.5788
2 37 0.6812 -0.5788
0 38 0.4904 -0.5734
1 38 0.4904 -0.5752
2 38 0.4904 -0.5752
0 39 -0.2188 -0.559
1 39 -0.2188 -0.559
2 39 -0.2188 -0.559
0 40 0.6668 -0.5788
1 40 0.6668 -0.5806
2 40 0.6668 -0.5806
0 41 0.6542 -0.5446
1 41 0.6542 -0.5464
2 41 0.6542 -0.5464
0 42 0.0926001 -0.6598
1 42 0.0926001 -0.6616
2 42 0.0926001 -0.6616
0 43 0.62 -0.5374
1 43 0.62 -0.5392
2 43 0.62 -0.5392
0 44 -0.3394 -0.4708
1 44 -0.3394 -0.4726
2 44 -0.3394 -0.4726
0 45 0.55736 -0.57664
1 45 0.55736 -0.5788
2 45 0.55736 -0.5788
0 46 0.68912 -0.56584
1 46 0.68912 -0.568
2 46 0.68912 -0.568
0 47 -0.59824 -0.61552
1 47 -0.6004 -0.61768
2 47 -0.6004 -0.61768
0 48 -0.22888 -0.622
1 48 -0.22888 -0.622
2 48 -0.22888 -0.62416
0 49 0.1124 -0.65656
1 49 0.1124 -0.65656
2 49 0.1124 -0.65872
0 50 -0.3736 -0.62632
1 50 -0.3736 -0.62848
2 50 -0.3736 -0.62848
0 51 -0.55504 -0.58528
1 51 -0.55504 -0.58744
2 51 -0.55504 -0.58744
0 52 0.67832 -0.568
1 52 0.67832 -0.568
2 52 0.67832 -0.568
0 53 -0.39304 -0.50536
1 53 -0.39304 -0.50536
2 53 -0.39304 -0.50536
0 54 0.512 -0.58312
1 54 0.512 -0.58528
2 54 0.512 -0.58528
0 55 -0.64144 -0.28936
1 55 -0.64144 -0.28936
2 55 -0.64144 -0.29152
0 56 -0.65656 -0.45784
1 56 -0.65656 -0.45784
2 56 -0.65656 -0.46
0 57 -0.42976 -0.62848
1 57 -0.42976 -0.63064
2 57 -0.42976 -0.63064
0 58 -0.69976 -0.86608
1 58 -0.69976 -0.86608
2 58 -0.69976 -0.86608
0 59 -0.21808 -0.55936
1 59 -0.21808 -0.55936
2 59 -0.21808 -0.55936
0 60 -0.471232 -0.30016
1 60 -0.471232 -0.30016
2 60 -0.471232 -0.30016
0 61 -0.626752 -0.613792
1 61 -0.626752 -0.613792
2 61 -0.626752 -0.613792
0 62 -0.489376 -0.813376
1 62 -0.489376 -0.815968
2 62 -0.489376 -0.815968
0 63 -0.681184 -0.849664
1 63 -0.681184 -0.849664
2 63 -0.681184 -0.849664
0 64 -0.63712 -0.289792
1 64 -0.63712 -0.289792
2 64 -0.63712 -0.289792
0 65 -0.699328 -0.862624
1 65 -0.699328 -0.865216
2 65 -0.699328 -0.865216
0 66 -0.219808 -0.561952
1 66 -0.219808 -0.561952
2 66 -0.219808 -0.561952
0 67 -0.258688 -0.528256
1 67 -0.258688 -0.530848
2 67 -0.258688 -0.530848
0 68 0.640736 -0.42976
1 68 0.640736 -0.42976
2 68 0.640736 -0.42976
0 69 -0.393472 -0.504928
1 69 -0.393472 -0.504928
2 69 -0.393472 -0.504928
0 70 0.113523 -0.427686
1 70 0.113523 -0.427686
2 70 0.113523 -0.427686
0 71 0.545869 -0.496115
1 71 0.545869 -0.496115
2 71 0.545869 -0.496115
0 72 -0.601869 -0.617421
1 72 -0.601869 -0.617421
2 72 -0.601869 -0.617421
0 73 -0.626752 -0.61431
1 73 -0.626752 -0.61431
2 73 -0.626752 -0.61431
0 74 -0.402803 -0.626752
1 74 -0.402803 -0.626752
2 74 -0.402803 -0.626752
0 75 -0.489894 -0.813376
1 75 -0.489894 -0.813376
2 75 -0.489894 -0.813376
0 76 -0.670297 -0.657856
1 76 -0.670297 -0.657856
2 76 -0.670297 -0.657856
0 77 -0.68585 -0.639194
1 77 -0.68585 -0.639194
2 77 -0.68585 -0.639194
0 78 -0.483673 -0.794714
1 78 -0.483673 -0.794714
2 78 -0.483673 -0.794714
0 79 -0.371699 -0.576985
1 79 -0.371699 -0.576985
2 79 -0.371699 -0.576985
0 80 -0.0357758 -0.493005
1 80 -0.0357758 -0.493005
2 80 -0.0357758 -0.493005
0 81 -0.228621 -0.620531
1 81 -0.228621 -0.620531
2 81 -0.228621 -0.620531
0 82 -0.552102 -0.586317
1 82 -0.552102 -0.586317
2 82 -0.552102 -0.586317
0 83 -0.256614 -0.527219
1 83 -0.256614 -0.527219
2 83 -0.256614 -0.527219
0 84 -0.272166 -0.309491
1 84 -0.272166 -0.312601
2 84 -0.272166 -0.312601
0 85 -0.02209 -0.664077
1 85 -0.02209 -0.664077
2 85 -0.02209 -0.664077
0 86 -0.671542 -0.656612
1 86 -0.671542 -0.656612
2 86 -0.671542 -0.656612
0 87 -0.387873 -0.462523
1 87 -0.387873 -0.462523
2 87 -0.387873 -0.462523
0 88 0.086152 -0.660344
1 88 0.086152 -0.660344
2 88 0.086152 -0.660344
0 89 -0.641682 -0.380408
1 89 -0.641682 -0.380408
2 89 -0.641682 -0.380408
0 90 -0.197517 -0.619287
1 90 -0.197517 -0.619287
2 90 -0.197517 -0.619287
0 91 0.571375 -0.525975
1 91 0.571375 -0.529707
2 91 0.571375 -0.529707
0 92 -0.652879 -0.358013
1 92 -0.652879 -0.358013
2 92 -0.652879 -0.358013
0 93 -0.272166 -0.313223
1 93 -0.272166 -0.313223
2 93 -0.272166 -0.313223
0 94 -0.372943 -0.623019
1 94 -0.372943 -0.623019
2 94 -0.372943 -0.623019
