63
0 0 0.0125 -0.66875
1 0 0.0114583 -0.66875
2 0 0.0114583 -0.667708
0 1 -0.672917 -0.601042
1 1 -0.673958 -0.6
2 1 -0.673958 -0.6
0 2 0.0375 -0.666667
1 2 0.0364583 -0.665625
2 2 0.0364583 -0.665625
0 3 0.457292 -0.676042
1 3 0.457292 -0.676042
2 3 0.457292 -0.675
0 4 0.515 -0.59125
1 4 0.515 -0.59125
2 4 0.515 -0.59
0 5 0.55625 -0.6
1 5 0.555 -0.6
2 5 0.555 -0.59875
0 6 0.45875 -0.585
1 6 0.4575 -0.58375
2 6 0.4575 -0.58375
0 7 -0.484 -0.8155
1 7 -0.484 -0.814
2 7 -0.484 -0.814
0 8 0.5 -0.5785
1 8 0.5 -0.577
2 8 0.5 -0.577
0 9 0.6275 -0.5455
1 9 0.6275 -0.544
2 9 0.6275 -0.544
0 10 0.683 -0.547
1 10 0.6815 -0.547
2 10 0.6815 -0.5455
0 11 0.623 -0.598
1 11 0.623 -0.5965
2 11 0.623 -0.5965
0 12 0.5678 -0.5824
1 12 0.5678 -0.5806
2 12 0.5678 -0.5806
0 13 0.458 -0.586
1 13 0.458 -0.586
2 13 0.458 -0.586
0 14 0.6812 -0.5734
1 14 0.6812 -0.5734
2 14 0.6812 -0.5734
0 15 0.5588 -0.5824
1 15 0.5588 -0.5824
2 15 0.5588 -0.5824
0 16 -0.6544 -0.4654
1 16 -0.6544 -0.4636
2 16 -0.6544 -0.4636
0 17 -0.4762 -0.307
1 17 -0.4762 -0.3052
2 17 -0.4762 -0.3052
0 18 -0.217 -0.5662
1 18 -0.217 -0.5644
2 18 -0.217 -0.5644
0 19 0.0962001 -0.667
1 19 0.0962001 -0.667
2 19 0.0962001 -0.667
0 20 0.6182 -0.5464
1 20 0.6182 -0.5464
2 20 0.6182 -0.5464
0 21 0.6848 -0.54856
1 21 0.6848 -0.54856
2 21 0.6848 -0.5464
0 22 0.51416 -0.5896
1 22 0.51416 -0.5896
2 22 0.51416 -0.5896
0 23 -0.39952 -0.63496
1 23 -0.39952 -0.63496
2 23 -0.39952 -0.63496
0 24 -0.62416 -0.61984
1 24 -0.62416 -0.61984
2 24 -0.62416 -0.61984
0 25 -0.6328 -0.29584
1 25 -0.6328 -0.29584
2 25 -0.6328 -0.298
0 26 -0.69544 -0.87256
1 26 -0.69544 -0.87256
2 26 -0.69544 -0.8704
0 27 0.11024 -0.6652
1 27 0.11024 -0.6652
2 27 0.11024 -0.6652
0 28 0.62864 -0.58096
1 28 0.62864 -0.58096
2 28 0.62864 -0.58096
0 29 0.66968 -0.58744
1 29 0.66968 -0.58744
2 29 0.66968 -0.58744
0 30 -0.21592 -0.56584
1 30 -0.21592 -0.56584
2 30 -0.21592 -0.56584
0 31 -0.191296 -0.57232
1 31 -0.191296 -0.57232
2 31 -0.191296 -0.57232
0 32 -0.333856 -0.479008
1 32 -0.333856 -0.479008
2 32 -0.333856 -0.479008
0 33 0.643328 -0.434944
1 33 0.643328 -0.434944
2 33 0.643328 -0.434944
0 34 0.715904 -0.346816
1 34 0.715904 -0.346816
2 34 0.715904 -0.346816
0 35 0.64592 -0.445312
1 35 0.64592 -0.445312
2 35 0.64592 -0.445312
0 36 0.461888 -0.613792
1 36 0.461888 -0.613792
2 36 0.461888 -0.613792
0 37 -0.193888 -0.318304
1 37 -0.19648 -0.318304
2 37 -0.19648 -0.318304
0 38 -0.62416 -0.621568
1 38 -0.62416 -0.621568
2 38 -0.62416 -0.621568
0 39 0.111968 -0.665632
1 39 0.111968 -0.665632
2 39 0.111968 -0.665632
0 40 -0.623641 -0.620531
1 40 -0.623641 -0.620531
2 40 -0.623641 -0.620531
0 41 -0.667187 -0.664077
1 41 -0.667187 -0.664077
2 41 -0.667187 -0.664077
0 42 -0.0202237 -0.667187
1 42 -0.0202237 -0.667187
2 42 -0.0202237 -0.667187
0 43 -0.399693 -0.632973
1 43 -0.399693 -0.632973
2 43 -0.399693 -0.632973
0 44 0.54898 -0.502336
1 44 0.54898 -0.502336
2 44 0.54898 -0.502336
0 45 -0.598758 -0.623641
1 45 -0.598758 -0.623641
2 45 -0.598758 -0.623641
0 46 -0.682739 -0.645414
1 46 -0.682739 -0.645414
2 46 -0.682739 -0.645414
0 47 -0.486784 -0.819597
1 47 -0.486784 -0.819597
2 47 -0.486784 -0.819597
0 48 -0.695181 -0.872474
1 48 -0.695181 -0.869363
2 48 -0.695181 -0.869363
0 49 -0.667809 -0.664077
1 49 -0.667809 -0.664077
2 49 -0.667809 -0.664077
0 50 -0.682739 -0.645414
1 50 -0.682739 -0.645414
2 50 -0.682739 -0.645414
0 51 -0.0183575 -0.671542
1 51 -0.0183575 -0.671542
2 51 -0.0183575 -0.671542
0 52 -0.193784 -0.623019
1 52 -0.193784 -0.623019
2 52 -0.193784 -0.623019
0 53 0.657222 -0.425198
1 53 0.657222 -0.425198
2 53 0.657222 -0.425198
0 54 -0.399071 -0.630484
1 54 -0.399071 -0.630484
2 54 -0.399071 -0.630484
0 55 -0.693937 -0.873096
1 55 -0.693937 -0.873096
2 55 -0.693937 -0.869363
0 56 -0.630484 -0.637949
1 56 -0.630484 -0.637949
2 56 -0.630484 -0.637949
0 57 0.0898844 -0.667809
1 57 0.0898844 -0.667809
2 57 0.0898844 -0.667809
0 58 -0.350548 -0.522242
1 58 -0.350548 -0.522242
2 58 -0.350548 -0.522242
0 59 -0.54837 -0.59316
1 59 -0.54837 -0.59316
2 59 -0.54837 -0.59316
0 60 0.463133 -0.675274
1 60 0.463133 -0.675274
2 60 0.463133 -0.675274
0 61 -0.384141 -0.469988
1 61 -0.384141 -0.469988
2 61 -0.384141 -0.469988
0 62 0.54898 -0.50358
1 62 0.54898 -0.50358
2 62 0.54898 -0.50358
