72
0 0 0.361458 -0.613542
1 0 0.361458 -0.613542
2 0 0.361458 -0.6125
0 1 0.0739583 -0.725
1 1 0.0739583 -0.725
2 1 0.0739583 -0.723958
0 2 0.5125 -0.58125
1 2 0.5125 -0.58125
2 2 0.5125 -0.580208
0 3 0.322917 -0.838542
1 3 0.322917 -0.838542
2 3 0.322917 -0.8375
0 4 0.6525 -0.5775
1 4 0.6525 -0.5775
2 4 0.6525 -0.57625
0 5 0.6175 -0.54625
1 5 0.6175 -0.54625
2 5 0.6175 -0.545
0 6 0.56375 -0.57
1 6 0.56375 -0.57
2 6 0.56375 -0.56875
0 7 0.62875 -0.5475
1 7 0.62875 -0.5475
2 7 0.62875 -0.54625
0 8 0.51875 -0.58
1 8 0.51875 -0.58
2 8 0.51875 -0.57875
0 9 0.48375 -0.585
1 9 0.48375 -0.585
2 9 0.48375 -0.58375
0 10 -0.22 -0.55375
1 10 -0.22 -0.55375
2 10 -0.22 -0.5525
0 11 0.4745 -0.5845
1 11 0.4745 -0.5845
2 11 0.4745 -0.583
0 12 -0.487 -0.805
1 12 -0.487 -0.805
2 12 -0.487 -0.8035
0 13 0.6395 -0.5335
1 13 0.6395 -0.532
2 13 0.6395 -0.532
0 14 0.6185 -0.535
1 14 0.6185 -0.5335
2 14 0.6185 -0.5335
0 15 0.6785 -0.574
1 15 0.6785 -0.574
2 15 0.6785 -0.5725
0 16 0.6785 -0.538
1 16 0.6785 -0.538
2 16 0.6785 -0.5365
0 17 0.4895 -0.571
1 17 0.4895 -0.571
2 17 0.4895 -0.5695
0 18 0.65 -0.532
1 18 0.65 -0.5305
2 18 0.65 -0.5305
0 19 0.674 -0.553
1 19 0.674 -0.553
2 19 0.674 -0.5515
0 20 -0.6775 -0.844
1 20 -0.6775 -0.8425
2 20 -0.6775 -0.8425
0 21 -0.6778 -0.8434
1 21 -0.6778 -0.8434
2 21 -0.6778 -0.8434
0 22 -0.4852 -0.7966
1 22 -0.4852 -0.7966
2 22 -0.4852 -0.7948
0 23 0.6398 -0.5806
1 23 0.6398 -0.5806
2 23 0.6398 -0.5788
0 24 -0.6976 -0.8614
1 24 -0.6976 -0.8614
2 24 -0.6976 -0.8596
0 25 0.6524 -0.5788
1 25 0.6524 -0.5788
2 25 0.6524 -0.577
0 26 0.4724 -0.5734
1 26 0.4724 -0.5734
2 26 0.4724 -0.5716
0 27 -0.2188 -0.5554
1 27 -0.2188 -0.5554
2 27 -0.2188 -0.5536
0 28 -0.6274 -0.6094
1 28 -0.6274 -0.6094
2 28 -0.6274 -0.6076
0 29 -0.47944 -0.29584
1 29 -0.47944 -0.29584
2 29 -0.47944 -0.29584
0 30 -0.48592 -0.80344
1 30 -0.48592 -0.80344
2 30 -0.48592 -0.80128
0 31 -0.61552 -0.59608
1 31 -0.61552 -0.59392
2 31 -0.61552 -0.59392
0 32 -0.64144 -0.2872
1 32 -0.64144 -0.2872
2 32 -0.64144 -0.28504
0 33 0.10808 -0.65656
1 33 0.10808 -0.6544
2 33 0.10808 -0.6544
0 34 -0.6976 -0.86176
1 34 -0.6976 -0.86176
2 34 -0.6976 -0.8596
0 35 0.0908001 -0.65656
1 35 0.0908001 -0.65656
2 35 0.0908001 -0.65656
0 36 -0.59392 -0.48808
1 36 -0.59392 -0.48808
2 36 -0.59392 -0.48808
0 37 0.61784 -0.54856
1 37 0.61784 -0.54856
2 37 0.61784 -0.5464
0 38 0.640736 -0.582688
1 38 0.640736 -0.582688
2 38 0.640736 -0.582688
0 39 -0.193888 -0.561952
1 39 -0.193888 -0.561952
2 39 -0.193888 -0.561952
0 40 0.109376 -0.655264
1 40 0.109376 -0.655264
2 40 0.109376 -0.655264
0 41 -0.219808 -0.55936
1 41 -0.219808 -0.55936
2 41 -0.219808 -0.556768
0 42 -0.256096 -0.525664
1 42 -0.256096 -0.525664
2 42 -0.256096 -0.525664
0 43 -0.401248 -0.62416
1 43 -0.401248 -0.62416
2 43 -0.401248 -0.62416
0 44 -0.372736 -0.62416
1 44 -0.372736 -0.621568
2 44 -0.372736 -0.621568
0 45 -0.63712 -0.2872
1 45 -0.63712 -0.2872
2 45 -0.63712 -0.2872
0 46 -0.318304 -0.618976
1 46 -0.318304 -0.618976
2 46 -0.318304 -0.618976
0 47 -0.258688 -0.618976
1 47 -0.258688 -0.618976
2 47 -0.258688 -0.618976
0 48 -0.227584 -0.618976
1 48 -0.227584 -0.618976
2 48 -0.227584 -0.616384
0 49 0.625184 -0.58528
1 49 0.625184 -0.58528
2 49 0.625184 -0.58528
0 50 -0.642304 -0.374809
1 50 -0.642304 -0.374809
2 50 -0.642304 -0.374809
0 51 -0.219289 -0.561433
1 51 -0.219289 -0.561433
2 51 -0.219289 -0.558323
0 52 -0.657856 -0.511667
1 52 -0.654746 -0.508557
2 52 -0.654746 -0.508557
0 53 -0.626752 -0.6112
1 53 -0.626752 -0.6112
2 53 -0.623641 -0.6112
0 54 -0.0233341 -0.657856
1 54 -0.0233341 -0.657856
2 54 -0.0233341 -0.657856
0 55 -0.698291 -0.860032
1 55 -0.698291 -0.860032
2 55 -0.698291 -0.860032
0 56 0.0699778 -0.601869
1 56 0.0699778 -0.601869
2 56 0.0699778 -0.601869
0 57 -0.197517 -0.61431
1 57 -0.197517 -0.61431
2 57 -0.197517 -0.61431
0 58 -0.595648 -0.486784
1 58 -0.595648 -0.486784
2 58 -0.595648 -0.486784
0 59 -0.194406 -0.561433
1 59 -0.194406 -0.561433
2 59 -0.194406 -0.561433
0 60 -0.489894 -0.810266
1 60 -0.489894 -0.810266
2 60 -0.489894 -0.810266
0 61 -0.474342 -0.297049
1 61 -0.474342 -0.297049
2 61 -0.474342 -0.297049
0 62 -0.641682 -0.376676
1 62 -0.641682 -0.376676
2 62 -0.641682 -0.376676
0 63 0.0712221 -0.600625
1 63 0.0712221 -0.600625
2 63 0.0712221 -0.600625
0 64 -0.686472 -0.637949
1 64 -0.686472 -0.634217
2 64 -0.686472 -0.634217
0 65 -0.372943 -0.619287
1 65 -0.372943 -0.619287
2 65 -0.372943 -0.619287
0 66 -0.02209 -0.660344
1 66 -0.02209 -0.660344
2 66 -0.02209 -0.660344
0 67 -0.197517 -0.615554
1 67 -0.197517 -0.615554
2 67 -0.197517 -0.615554
0 68 -0.477453 -0.298294
1 68 -0.477453 -0.298294
2 68 -0.477453 -0.298294
0 69 0.571375 -0.522242
1 69 0.571375 -0.522242
2 69 0.571375 -0.522242
0 70 0.590037 -0.514777
1 70 0.590037 -0.514777
2 70 0.590037 -0.514777
0 71 0.086152 -0.656612
1 71 0.086152 -0.656612
2 71 0.086152 -0.656612
