66
0 0 0.457292 -0.677083
1 0 0.457292 -0.676042
2 0 0.457292 -0.676042
0 1 0.57 -0.70375
1 1 0.57 -0.7025
2 1 0.57 -0.7025
0 2 0.49375 -0.5825
1 2 0.49375 -0.5825
2 2 0.49375 -0.58125
0 3 0.45875 -0.58875
1 3 0.45875 -0.5875
2 3 0.45875 -0.5875
0 4 -0.205 -0.51
1 4 -0.205 -0.51
2 4 -0.205 -0.50875
0 5 -0.2175 -0.565
1 5 -0.2175 -0.565
2 5 -0.2175 -0.56375
0 6 0.623 -0.598
1 6 0.623 -0.598
2 6 0.623 -0.5965
0 7 0.6485 -0.541
1 7 0.6485 -0.5395
2 7 0.6485 -0.5395
0 8 -0.217 -0.565
1 8 -0.217 -0.565
2 8 -0.217 -0.565
0 9 0.533 -0.5875
1 9 0.533 -0.586
2 9 0.533 -0.586
0 10 0.5675 -0.5815
1 10 0.5675 -0.58
2 10 0.5675 -0.58
0 11 0.683 -0.5485
1 11 0.683 -0.547
2 11 0.6815 -0.547
0 12 0.6545 -0.5425
1 12 0.6545 -0.541
2 12 0.6545 -0.541
0 13 0.533 -0.604
1 13 0.533 -0.6025
2 13 0.533 -0.6025
0 14 0.6812 -0.5752
1 14 0.6812 -0.5734
2 14 0.6812 -0.5734
0 15 0.458 -0.5878
1 15 0.458 -0.586
2 15 0.458 -0.586
0 16 0.5336 -0.604
1 16 0.5336 -0.6022
2 16 0.5336 -0.6022
0 17 -0.4834 -0.8164
1 17 -0.4834 -0.8146
2 17 -0.4834 -0.8146
0 18 0.6182 -0.5482
1 18 0.6182 -0.5464
2 18 0.6182 -0.5464
0 19 0.647 -0.5554
1 19 0.647 -0.5536
2 19 0.647 -0.5536
0 20 -0.6328 -0.298
1 20 -0.6328 -0.2962
2 20 -0.6328 -0.2962
0 21 0.5588 -0.5842
1 21 0.5588 -0.5824
2 21 0.5588 -0.5824
0 22 0.4832 -0.5842
1 22 0.4832 -0.5824
2 22 0.4832 -0.5824
0 23 0.6434 -0.5914
1 23 0.6434 -0.5896
2 23 0.6434 -0.5896
0 24 -0.217 -0.5662
1 24 -0.217 -0.5662
2 24 -0.217 -0.5644
0 25 0.683 -0.586
1 25 0.683 -0.5842
2 25 0.683 -0.5842
0 26 -0.21592 -0.568
1 26 -0.21592 -0.56584
2 26 -0.21592 -0.56584
0 27 -0.69544 -0.87256
1 27 -0.69544 -0.87256
2 27 -0.69544 -0.87256
0 28 -0.19216 -0.57232
1 28 -0.19216 -0.57232
2 28 -0.19216 -0.57232
0 29 0.62864 -0.59392
1 29 0.62864 -0.59392
2 29 0.62864 -0.59392
0 30 -0.676 -0.85528
1 30 -0.676 -0.85528
2 30 -0.676 -0.85528
0 31 -0.62416 -0.622
1 31 -0.62416 -0.61984
2 31 -0.62416 -0.61984
0 32 -0.6328 -0.298
1 32 -0.6328 -0.29584
2 32 -0.6328 -0.29584
0 33 0.6308 -0.5572
1 33 0.6308 -0.5572
2 33 0.6308 -0.5572
0 34 0.11024 -0.66736
1 34 0.11024 -0.6652
2 34 0.11024 -0.6652
0 35 0.51416 -0.5896
1 35 0.51416 -0.5896
2 35 0.51416 -0.5896
0 36 -0.62416 -0.621568
1 36 -0.62416 -0.621568
2 36 -0.62416 -0.621568
0 37 -0.398656 -0.634528
1 37 -0.398656 -0.634528
2 37 -0.398656 -0.634528
0 38 -0.634528 -0.30016
1 38 -0.634528 -0.297568
2 38 -0.63712 -0.297568
0 39 -0.253504 -0.536032
1 39 -0.253504 -0.536032
2 39 -0.253504 -0.536032
0 40 -0.595648 -0.62416
1 40 -0.59824 -0.62416
2 40 -0.59824 -0.62416
0 41 -0.191296 -0.57232
1 41 -0.191296 -0.57232
2 41 -0.191296 -0.57232
0 42 -0.224992 -0.629344
1 42 -0.224992 -0.629344
2 42 -0.224992 -0.626752
0 43 -0.694144 -0.872992
1 43 -0.694144 -0.872992
2 43 -0.696736 -0.872992
0 44 -0.193888 -0.318304
1 44 -0.193888 -0.318304
2 44 -0.19648 -0.318304
0 45 -0.590464 -0.499744
1 45 -0.590464 -0.497152
2 45 -0.590464 -0.497152
0 46 0.0917507 -0.667187
1 46 0.0917507 -0.667187
2 46 0.0917507 -0.667187
0 47 0.54898 -0.502336
1 47 0.54898 -0.502336
2 47 0.54898 -0.502336
0 48 -0.0202237 -0.670297
1 48 -0.0202237 -0.667187
2 48 -0.0202237 -0.667187
0 49 -0.639194 -0.387251
1 49 -0.639194 -0.387251
2 49 -0.639194 -0.387251
0 50 -0.216179 -0.570765
1 50 -0.216179 -0.570765
2 50 -0.216179 -0.567654
0 51 -0.399693 -0.632973
1 51 -0.399693 -0.632973
2 51 -0.399693 -0.632973
0 52 -0.598758 -0.626752
1 52 -0.598758 -0.623641
2 52 -0.598758 -0.623641
0 53 -0.682739 -0.645414
1 53 -0.682739 -0.645414
2 53 -0.682739 -0.645414
0 54 0.716941 -0.349926
1 54 0.716941 -0.346816
2 54 0.716941 -0.346816
0 55 0.62985 -0.595648
1 55 0.62985 -0.595648
2 55 0.62985 -0.595648
0 56 -0.695181 -0.872474
1 56 -0.695181 -0.872474
2 56 -0.695181 -0.869363
0 57 -0.682739 -0.649147
1 57 -0.682739 -0.645414
2 57 -0.682739 -0.645414
0 58 -0.384141 -0.469988
1 58 -0.384141 -0.469988
2 58 -0.384141 -0.469988
0 59 0.0898844 -0.667809
1 59 0.0898844 -0.667809
2 59 0.0898844 -0.667809
0 60 -0.350548 -0.522242
1 60 -0.350548 -0.522242
2 60 -0.350548 -0.522242
0 61 -0.0183575 -0.671542
1 61 -0.0183575 -0.671542
2 61 -0.0183575 -0.671542
0 62 -0.54837 -0.596892
1 62 -0.54837 -0.59316
2 62 -0.54837 -0.59316
0 63 0.593769 -0.525975
1 63 0.593769 -0.525975
2 63 0.593769 -0.525975
0 64 0.403413 -0.48865
1 64 0.403413 -0.48865
2 64 0.403413 -0.48865
0 65 -0.693937 -0.873096
1 65 -0.693937 -0.873096
2 65 -0.693937 -0.873096
