65
0 0 0.0302083 -0.638542
1 0 0.0302083 -0.638542
2 0 0.0302083 -0.6375
0 1 -0.14375 -0.515625
1 1 -0.14375 -0.514583
2 1 -0.14375 -0.513542
0 2 0.361458 -0.6125
1 2 0.361458 -0.6125
2 2 0.361458 -0.611458
0 3 0.455 -0.57625
1 3 0.455 -0.57625
2 3 0.455 -0.575
0 4 0.65875 -0.56375
1 4 0.65875 -0.56375
2 4 0.65875 -0.5625
0 5 0.36125 -0.6125
1 5 0.36125 -0.61125
2 5 0.36125 -0.61125
0 6 -0.22 -0.5525
1 6 -0.22 -0.5525
2 6 -0.22 -0.55125
0 7 0.5725 -0.5675
1 7 0.5725 -0.5675
2 7 0.5725 -0.56625
0 8 0.64 -0.5325
1 8 0.64 -0.53125
2 8 0.64 -0.53125
0 9 0.62 -0.58625
1 9 0.62 -0.58625
2 9 0.62 -0.585
0 10 0.5105 -0.58
1 10 0.5105 -0.58
2 10 0.5105 -0.5785
0 11 0.65 -0.568
1 11 0.65 -0.568
2 11 0.65 -0.5665
0 12 0.6785 -0.5365
1 12 0.6785 -0.5365
2 12 0.6785 -0.535
0 13 0.6185 -0.5335
1 13 0.6185 -0.5335
2 13 0.6185 -0.532
0 14 0.617 -0.5455
1 14 0.617 -0.5455
2 14 0.617 -0.544
0 15 0.3215 -0.8395
1 15 0.3215 -0.838
2 15 0.3215 -0.838
0 16 -0.487 -0.8035
1 16 -0.487 -0.8035
2 16 -0.487 -0.802
0 17 0.6785 -0.5725
1 17 0.6785 -0.5725
2 17 0.6785 -0.5725
0 18 0.4535 -0.574
1 18 0.4535 -0.574
2 18 0.4535 -0.5725
0 19 -0.4798 -0.2944
1 19 -0.4798 -0.2944
2 19 -0.4798 -0.2926
0 20 -0.487 -0.8038
1 20 -0.487 -0.802
2 20 -0.487 -0.802
0 21 0.0530001 -0.442
1 21 0.0530001 -0.4402
2 21 0.0530001 -0.4402
0 22 0.5642 -0.5698
1 22 0.5642 -0.5698
2 22 0.5642 -0.5698
0 23 -0.4708 -0.2944
1 23 -0.4708 -0.2944
2 23 -0.4708 -0.2944
0 24 0.5102 -0.5806
1 24 0.5102 -0.5788
2 24 0.5102 -0.5788
0 25 -0.6778 -0.8434
1 25 -0.6778 -0.8416
2 25 -0.6778 -0.8416
0 26 -0.658 -0.4528
1 26 -0.658 -0.4528
2 26 -0.658 -0.451
0 27 0.0908001 -0.65656
1 27 0.0908001 -0.6544
2 27 0.0908001 -0.6544
0 28 0.67832 -0.57448
1 28 0.67832 -0.57448
2 28 0.67832 -0.57448
0 29 -0.61552 -0.59392
1 29 -0.61552 -0.59392
2 29 -0.61552 -0.59176
0 30 -0.64144 -0.28504
1 30 -0.64144 -0.28504
2 30 -0.64144 -0.28504
0 31 -0.63712 -0.28504
1 31 -0.63712 -0.28504
2 31 -0.63712 -0.28288
0 32 -0.6976 -0.8596
1 32 -0.6976 -0.8596
2 32 -0.6976 -0.8596
0 33 -0.40168 -0.62416
1 33 -0.40168 -0.62416
2 33 -0.40168 -0.622
0 34 -0.479008 -0.294976
1 34 -0.479008 -0.294976
2 34 -0.479008 -0.294976
0 35 -0.473824 -0.294976
1 35 -0.473824 -0.294976
2 35 -0.473824 -0.294976
0 36 -0.256096 -0.525664
1 36 -0.258688 -0.525664
2 36 -0.258688 -0.523072
0 37 -0.219808 -0.556768
1 37 -0.219808 -0.556768
2 37 -0.219808 -0.556768
0 38 -0.655264 -0.647488
1 38 -0.655264 -0.647488
2 38 -0.655264 -0.647488
0 39 0.0912323 -0.655264
1 39 0.0912323 -0.655264
2 39 0.0912323 -0.655264
0 40 -0.623641 -0.6112
1 40 -0.626752 -0.60809
2 40 -0.626752 -0.60809
0 41 -0.219289 -0.558323
1 41 -0.219289 -0.558323
2 41 -0.219289 -0.558323
0 42 -0.654746 -0.508557
1 42 -0.654746 -0.508557
2 42 -0.654746 -0.508557
0 43 -0.68585 -0.632973
1 43 -0.68585 -0.632973
2 43 -0.68585 -0.632973
0 44 0.654733 -0.415245
1 44 0.654733 -0.415245
2 44 0.654733 -0.412134
0 45 -0.489894 -0.810266
1 45 -0.489894 -0.807155
2 45 -0.489894 -0.807155
0 46 -0.402803 -0.620531
1 46 -0.402803 -0.620531
2 46 -0.402803 -0.620531
0 47 -0.601869 -0.6112
1 47 -0.601869 -0.6112
2 47 -0.601869 -0.6112
0 48 -0.272166 -0.306381
1 48 -0.272166 -0.306381
2 48 -0.272166 -0.306381
0 49 0.713831 -0.337485
1 49 0.713831 -0.337485
2 49 0.713831 -0.334374
0 50 -0.371699 -0.570765
1 50 -0.371699 -0.570765
2 50 -0.371699 -0.570765
0 51 -0.698291 -0.860032
1 51 -0.698291 -0.860032
2 51 -0.698291 -0.856922
0 52 0.0886403 -0.654746
1 52 0.0886403 -0.654746
2 52 0.0886403 -0.654746
0 53 -0.552102 -0.580096
1 53 -0.552102 -0.580096
2 53 -0.552102 -0.580096
0 54 0.086152 -0.656612
1 54 0.086152 -0.656612
2 54 0.086152 -0.656612
0 55 -0.402803 -0.619287
1 55 -0.402803 -0.619287
2 55 -0.402803 -0.619287
0 56 -0.216179 -0.54837
1 56 -0.216179 -0.54837
2 56 -0.216179 -0.54837
0 57 -0.02209 -0.660344
1 57 -0.02209 -0.660344
2 57 -0.02209 -0.660344
0 58 -0.671542 -0.652879
1 58 -0.671542 -0.652879
2 58 -0.671542 -0.652879
0 59 -0.697669 -0.858166
1 59 -0.697669 -0.858166
2 59 -0.697669 -0.858166
0 60 -0.630484 -0.623019
1 60 -0.630484 -0.623019
2 60 -0.630484 -0.623019
0 61 0.653489 -0.414
1 61 0.653489 -0.414
2 61 0.653489 -0.414
0 62 -0.552102 -0.581962
1 62 -0.552102 -0.581962
2 62 -0.552102 -0.581962
0 63 -0.0370199 -0.48865
1 63 -0.0370199 -0.48865
2 63 -0.0370199 -0.48865
0 64 0.590037 -0.514777
1 64 0.590037 -0.514777
2 64 0.590037 -0.514777
