69
0 0 0.45625 -0.577083
1 0 0.455208 -0.576042
2 0 0.455208 -0.576042
0 1 0.0302083 -0.639583
1 1 0.0302083 -0.638542
2 1 0.0302083 -0.638542
0 2 -0.219792 -0.553125
1 2 -0.220833 -0.553125
2 2 -0.220833 -0.552083
0 3 0.6175 -0.54625
1 3 0.6175 -0.545
2 3 0.6175 -0.545
0 4 0.6425 -0.5425
1 4 0.6425 -0.54125
2 4 0.6425 -0.54125
0 5 0.51125 -0.58125
1 5 0.51125 -0.58
2 5 0.51125 -0.58
0 6 0.51875 -0.58
1 6 0.51875 -0.57875
2 6 0.51875 -0.57875
0 7 0.36875 -0.6125
1 7 0.36875 -0.61125
2 7 0.36875 -0.61125
0 8 -0.22 -0.55375
1 8 -0.22 -0.5525
2 8 -0.22 -0.5525
0 9 0.3225 -0.83875
1 9 0.3225 -0.8375
2 9 0.3225 -0.8375
0 10 0.5105 -0.5815
1 10 0.5105 -0.58
2 10 0.5105 -0.58
0 11 0.5525 -0.559
1 11 0.551 -0.5575
2 11 0.551 -0.5575
0 12 0.617 -0.547
1 12 0.617 -0.5455
2 12 0.617 -0.5455
0 13 -0.487 -0.805
1 13 -0.487 -0.8035
2 13 -0.487 -0.8035
0 14 0.518 -0.58
1 14 0.518 -0.5785
2 14 0.518 -0.5785
0 15 0.497 -0.568
1 15 0.497 -0.5665
2 15 0.497 -0.5665
0 16 0.638 -0.58
1 16 0.638 -0.5785
2 16 0.638 -0.5785
0 17 0.6785 -0.538
1 17 0.6785 -0.5365
2 17 0.6785 -0.5365
0 18 0.6785 -0.574
1 18 0.6785 -0.5725
2 18 0.6785 -0.5725
0 19 -0.6364 -0.2854
1 19 -0.6364 -0.2836
2 19 -0.6364 -0.2836
0 20 -0.6976 -0.8614
1 20 -0.6976 -0.8596
2 20 -0.6976 -0.8596
0 21 -0.4708 -0.2962
1 21 -0.4708 -0.2944
2 21 -0.4708 -0.2944
0 22 0.4724 -0.5734
1 22 0.4724 -0.5716
2 22 0.4724 -0.5716
0 23 0.6272 -0.5464
1 23 0.6272 -0.5446
2 23 0.6272 -0.5446
0 24 -0.6274 -0.6094
1 24 -0.6274 -0.6076
2 24 -0.6274 -0.6076
0 25 -0.4852 -0.7966
1 25 -0.4852 -0.7948
2 25 -0.4852 -0.7948
0 26 0.5642 -0.5716
1 26 0.5642 -0.5698
2 26 0.5642 -0.5698
0 27 -0.4798 -0.2944
1 27 -0.4798 -0.2944
2 27 -0.4798 -0.2944
0 28 0.5516 -0.5608
1 28 0.5516 -0.559
2 28 0.5516 -0.559
0 29 0.6524 -0.5788
1 29 0.6524 -0.577
2 29 0.6524 -0.577
0 30 -0.6778 -0.8434
1 30 -0.6778 -0.8434
2 30 -0.6778 -0.8416
0 31 0.6524 -0.5788
1 31 0.6524 -0.5788
2 31 0.6524 -0.5788
0 32 -0.6976 -0.86176
1 32 -0.6976 -0.8596
2 32 -0.6976 -0.8596
0 33 -0.0236799 -0.65656
1 33 -0.0236799 -0.6544
2 33 -0.0236799 -0.6544
0 34 0.66536 -0.57664
1 34 0.66536 -0.57664
2 34 0.66536 -0.57664
0 35 0.62432 -0.58312
1 35 0.62432 -0.58312
2 35 0.62432 -0.58312
0 36 0.10808 -0.6544
1 36 0.10808 -0.6544
2 36 0.10808 -0.6544
0 37 -0.63712 -0.28504
1 37 -0.63712 -0.28504
2 37 -0.63712 -0.28504
0 38 -0.64144 -0.2872
1 38 -0.64144 -0.28504
2 38 -0.64144 -0.28504
0 39 -0.48592 -0.80344
1 39 -0.48592 -0.80128
2 39 -0.48592 -0.80128
0 40 -0.62632 -0.60904
1 40 -0.62632 -0.60904
2 40 -0.62632 -0.60904
0 41 -0.67816 -0.84448
1 41 -0.67816 -0.84232
2 41 -0.67816 -0.84232
0 42 -0.19864 -0.55504
1 42 -0.19864 -0.55288
2 42 -0.19864 -0.55288
0 43 0.109376 -0.655264
1 43 0.109376 -0.655264
2 43 0.109376 -0.655264
0 44 -0.63712 -0.2872
1 44 -0.63712 -0.2872
2 44 -0.63712 -0.2872
0 45 -0.219808 -0.55936
1 45 -0.219808 -0.556768
2 45 -0.219808 -0.556768
0 46 -0.696736 -0.860032
1 46 -0.696736 -0.860032
2 46 -0.696736 -0.860032
0 47 -0.0331838 -0.489376
1 47 -0.0331838 -0.489376
2 47 -0.0331838 -0.489376
0 48 0.0912323 -0.655264
1 48 0.0912323 -0.655264
2 48 0.0912323 -0.655264
0 49 0.474848 -0.600832
1 49 0.472256 -0.600832
2 49 0.472256 -0.600832
0 50 -0.642304 -0.374809
1 50 -0.642304 -0.374809
2 50 -0.642304 -0.374809
0 51 -0.654746 -0.508557
1 51 -0.654746 -0.508557
2 51 -0.654746 -0.508557
0 52 0.0699778 -0.601869
1 52 0.0699778 -0.601869
2 52 0.0699778 -0.601869
0 53 -0.68585 -0.636083
1 53 -0.68585 -0.632973
2 53 -0.68585 -0.632973
0 54 -0.219289 -0.561433
1 54 -0.219289 -0.558323
2 54 -0.219289 -0.558323
0 55 -0.194406 -0.561433
1 55 -0.194406 -0.561433
2 55 -0.194406 -0.561433
0 56 -0.698291 -0.860032
1 56 -0.698291 -0.860032
2 56 -0.698291 -0.860032
0 57 0.713831 -0.337485
1 57 0.713831 -0.337485
2 57 0.713831 -0.337485
0 58 -0.595648 -0.486784
1 58 -0.595648 -0.486784
2 58 -0.595648 -0.486784
0 59 -0.604357 -0.615554
1 59 -0.604357 -0.615554
2 59 -0.604357 -0.615554
0 60 -0.641682 -0.376676
1 60 -0.641682 -0.376676
2 60 -0.641682 -0.376676
0 61 -0.372943 -0.619287
1 61 -0.372943 -0.619287
2 61 -0.372943 -0.619287
0 62 -0.552102 -0.581962
1 62 -0.552102 -0.581962
2 62 -0.552102 -0.581962
0 63 0.086152 -0.656612
1 63 0.086152 -0.656612
2 63 0.086152 -0.656612
0 64 -0.02209 -0.660344
1 64 -0.02209 -0.660344
2 64 -0.02209 -0.660344
0 65 0.590037 -0.514777
1 65 0.590037 -0.514777
2 65 0.590037 -0.514777
0 66 -0.477453 -0.298294
1 66 -0.477453 -0.298294
2 66 -0.477453 -0.298294
0 67 -0.216179 -0.552102
1 67 -0.216179 -0.54837
2 67 -0.216179 -0.54837
0 68 -0.0370199 -0.48865
1 68 -0.0370199 -0.48865
2 68 -0.0370199 -0.48865
