74
0 0 0.560417 -0.579167
1 0 0.560417 -0.579167
2 0 0.560417 -0.578125
0 1 0.513542 -0.586458
1 1 0.513542 -0.586458
2 1 0.513542 -0.585417
0 2 0.573958 -0.563542
1 2 0.573958 -0.563542
2 2 0.573958 -0.5625
0 3 0.096875 -0.661458
1 3 0.096875 -0.661458
2 3 0.096875 -0.660417
0 4 0.491667 -0.572917
1 4 0.491667 -0.572917
2 4 0.491667 -0.571875
0 5 0.4775 -0.59125
1 5 0.4775 -0.59125
2 5 0.4775 -0.59
0 6 0.45625 -0.5825
1 6 0.45625 -0.5825
2 6 0.45625 -0.58125
0 7 0.64375 -0.5475
1 7 0.64375 -0.5475
2 7 0.64375 -0.54625
0 8 -0.21375 -0.51
1 8 -0.21375 -0.51
2 8 -0.21375 -0.50875
0 9 0.485 -0.59
1 9 0.485 -0.59
2 9 0.485 -0.58875
0 10 0.535 -0.59375
1 10 0.535 -0.59375
2 10 0.535 -0.5925
0 11 0.45625 -0.58
1 11 0.45625 -0.58
2 11 0.45625 -0.57875
0 12 0.575 -0.57375
1 12 0.575 -0.57375
2 12 0.575 -0.5725
0 13 -0.4855 -0.811
1 13 -0.4855 -0.8095
2 13 -0.4855 -0.8095
0 14 0.512 -0.586
1 14 0.512 -0.586
2 14 0.512 -0.5845
0 15 0.557 -0.577
1 15 0.557 -0.577
2 15 0.557 -0.5755
0 16 -0.214 -0.511
1 16 -0.214 -0.511
2 16 -0.214 -0.5095
0 17 -0.6565 -0.46
1 17 -0.6565 -0.46
2 17 -0.6565 -0.4585
0 18 -0.2185 -0.5605
1 18 -0.2185 -0.559
2 18 -0.2185 -0.559
0 19 0.491 -0.574
1 19 0.491 -0.574
2 19 0.491 -0.5725
0 20 -0.64 -0.292
1 20 -0.64 -0.292
2 20 -0.64 -0.2905
0 21 0.116 -0.6598
1 21 0.116 -0.6598
2 21 0.116 -0.658
0 22 0.6254 -0.5878
1 22 0.6254 -0.5878
2 22 0.6254 -0.5878
0 23 -0.4852 -0.8092
1 23 -0.4852 -0.8092
2 23 -0.4852 -0.8074
0 24 -0.2188 -0.5608
1 24 -0.2188 -0.5608
2 24 -0.2188 -0.559
0 25 0.6452 -0.55
1 25 0.6452 -0.55
2 25 0.6452 -0.5482
0 26 0.6362 -0.5752
1 26 0.6362 -0.5752
2 26 0.6362 -0.5734
0 27 0.6794 -0.5698
1 27 0.6794 -0.5698
2 27 0.6794 -0.568
0 28 -0.469 -0.3016
1 28 -0.469 -0.3016
2 28 -0.469 -0.2998
0 29 -0.478 -0.3016
1 29 -0.478 -0.2998
2 29 -0.478 -0.2998
0 30 -0.6256 -0.6148
1 30 -0.6256 -0.6148
2 30 -0.6256 -0.613
0 31 0.6812 -0.5788
1 31 0.6812 -0.5788
2 31 0.6812 -0.5788
0 32 0.4742 -0.5788
1 32 0.4742 -0.577
2 32 0.4742 -0.577
0 33 -0.42328 -0.30448
1 33 -0.42328 -0.30448
2 33 -0.42328 -0.30448
0 34 0.0929601 -0.66304
1 34 0.0929601 -0.66088
2 34 0.0929601 -0.66088
0 35 -0.41896 -0.30448
1 35 -0.41896 -0.30448
2 35 -0.41896 -0.30448
0 36 -0.63496 -0.29152
1 36 -0.63496 -0.29152
2 36 -0.63496 -0.28936
0 37 -0.63928 -0.29152
1 37 -0.63928 -0.29152
2 37 -0.63928 -0.29152
0 38 -0.22672 -0.62416
1 38 -0.22672 -0.62416
2 38 -0.22672 -0.62416
0 39 -0.69544 -0.86608
1 39 -0.69544 -0.86608
2 39 -0.6976 -0.86608
0 40 0.65456 -0.5464
1 40 0.65456 -0.5464
2 40 0.65456 -0.5464
0 41 -0.6544 -0.6544
1 41 -0.6544 -0.65224
2 41 -0.6544 -0.65224
0 42 0.512 -0.58528
1 42 0.512 -0.58528
2 42 0.512 -0.58312
0 43 0.68264 -0.54208
1 43 0.68264 -0.54208
2 43 0.68264 -0.54208
0 44 -0.227584 -0.62416
1 44 -0.227584 -0.62416
2 44 -0.227584 -0.621568
0 45 -0.336448 -0.473824
1 45 -0.336448 -0.473824
2 45 -0.336448 -0.473824
0 46 -0.678592 -0.849664
1 46 -0.678592 -0.849664
2 46 -0.678592 -0.849664
0 47 -0.401248 -0.629344
1 47 -0.401248 -0.629344
2 47 -0.401248 -0.629344
0 48 -0.668224 -0.660448
1 48 -0.670816 -0.657856
2 48 -0.670816 -0.657856
0 49 -0.344224 -0.479008
1 49 -0.344224 -0.479008
2 49 -0.344224 -0.479008
0 50 -0.634528 -0.292384
1 50 -0.634528 -0.292384
2 50 -0.634528 -0.289792
0 51 -0.4816 -0.797824
1 51 -0.4816 -0.797824
2 51 -0.4816 -0.795232
0 52 0.627776 -0.590464
1 52 0.627776 -0.590464
2 52 0.627776 -0.587872
0 53 0.635552 -0.590464
1 53 0.635552 -0.587872
2 53 0.635552 -0.587872
0 54 -0.315712 -0.62416
1 54 -0.315712 -0.62416
2 54 -0.315712 -0.62416
0 55 -0.256096 -0.530848
1 55 -0.256096 -0.530848
2 55 -0.256096 -0.528256
0 56 -0.679629 -0.850701
1 56 -0.679629 -0.850701
2 56 -0.679629 -0.850701
0 57 -0.623641 -0.617421
1 57 -0.623641 -0.617421
2 57 -0.623641 -0.61431
0 58 -0.256614 -0.530329
1 58 -0.256614 -0.530329
2 58 -0.256614 -0.527219
0 59 0.657844 -0.421465
1 59 0.657844 -0.421465
2 59 0.657844 -0.418355
0 60 -0.194406 -0.564544
1 60 -0.194406 -0.564544
2 60 -0.194406 -0.564544
0 61 -0.02209 -0.667809
1 61 -0.02209 -0.664077
2 61 -0.02209 -0.664077
0 62 -0.335618 -0.477453
1 62 -0.335618 -0.477453
2 62 -0.335618 -0.477453
0 63 -0.402803 -0.626752
1 63 -0.402803 -0.626752
2 63 -0.402803 -0.626752
0 64 -0.682739 -0.641682
1 64 -0.682739 -0.641682
2 64 -0.682739 -0.641682
0 65 -0.387873 -0.462523
1 65 -0.387873 -0.462523
2 65 -0.387873 -0.462523
0 66 -0.47372 -0.302026
1 66 -0.47372 -0.302026
2 66 -0.47372 -0.302026
0 67 -0.197517 -0.619287
1 67 -0.197517 -0.619287
2 67 -0.197517 -0.619287
0 68 0.657222 -0.421465
1 68 0.657222 -0.421465
2 68 0.657222 -0.421465
0 69 -0.350548 -0.51851
1 69 -0.350548 -0.514777
2 69 -0.350548 -0.514777
0 70 -0.641682 -0.380408
1 70 -0.641682 -0.380408
2 70 -0.641682 -0.380408
0 71 -0.649147 -0.358013
1 71 -0.649147 -0.358013
2 71 -0.649147 -0.358013
0 72 0.112279 -0.42893
1 72 0.112279 -0.42893
2 72 0.112279 -0.42893
0 73 -0.48865 -0.813376
1 73 -0.48865 -0.813376
2 73 -0.48865 -0.813376
