94
0 0 -0.4 -0.502083
1 0 -0.4 -0.503125
2 0 -0.4 -0.503125
0 1 0.0302083 -0.645833
1 1 0.0302083 -0.646875
2 1 0.0302083 -0.646875
0 2 -0.0177083 -0.66875
1 2 -0.0177083 -0.66875
2 2 -0.0177083 -0.669792
0 3 0.56625 -0.57875
1 3 0.56625 -0.58
2 3 0.56625 -0.58
0 4 0.3625 -0.61875
1 4 0.3625 -0.62
2 4 0.3625 -0.62
0 5 0.47625 -0.5925
1 5 0.47625 -0.59375
2 5 0.47625 -0.59375
0 6 0.47375 -0.58
1 6 0.47375 -0.58125
2 6 0.47375 -0.58125
0 7 0.68 -0.57125
1 7 0.68 -0.5725
2 7 0.68 -0.5725
0 8 0.455 -0.58
1 8 0.455 -0.58125
2 8 0.455 -0.58125
0 9 0.53375 -0.59375
1 9 0.53375 -0.595
2 9 0.53375 -0.595
0 10 0.65875 -0.56125
1 10 0.65875 -0.5625
2 10 0.65875 -0.5625
0 11 -0.22 -0.56
1 11 -0.22 -0.56
2 11 -0.22 -0.56
0 12 0.62 -0.5935
1 12 0.62 -0.5935
2 12 0.62 -0.5935
0 13 -0.22 -0.5605
1 13 -0.22 -0.5605
2 13 -0.22 -0.562
0 14 0.5405 -0.568
1 14 0.5405 -0.5695
2 14 0.5405 -0.5695
0 15 0.653 -0.583
1 15 0.653 -0.5845
2 15 0.653 -0.5845
0 16 -0.487 -0.811
1 16 -0.487 -0.811
2 16 -0.487 -0.811
0 17 0.5435 -0.5815
1 17 0.5435 -0.5815
2 17 0.5435 -0.5815
0 18 0.566 -0.5785
1 18 0.566 -0.58
2 18 0.566 -0.58
0 19 0.455 -0.61
1 19 0.455 -0.61
2 19 0.455 -0.61
0 20 0.6155 -0.5425
1 20 0.6155 -0.544
2 20 0.6155 -0.544
0 21 0.68 -0.58
1 21 0.68 -0.58
2 21 0.68 -0.58
0 22 0.68 -0.544
1 22 0.68 -0.544
2 22 0.68 -0.544
0 23 0.6416 -0.5392
1 23 0.6416 -0.5392
2 23 0.6416 -0.5392
0 24 0.6182 -0.5536
1 24 0.6182 -0.5536
2 24 0.6182 -0.5536
0 25 0.5534 -0.5662
1 25 0.5534 -0.5662
2 25 0.5534 -0.5662
0 26 -0.487 -0.811
1 26 -0.487 -0.811
2 26 -0.487 -0.811
0 27 0.6506 -0.5734
1 27 0.6506 -0.5752
2 27 0.6506 -0.5752
0 28 0.1142 -0.6616
1 28 0.1142 -0.6616
2 28 0.1142 -0.6616
0 29 -0.6346 -0.2908
1 29 -0.6346 -0.2926
2 29 -0.6346 -0.2926
0 30 0.557 -0.5788
1 30 0.557 -0.5788
2 30 0.557 -0.5788
0 31 0.62 -0.541
1 31 0.62 -0.541
2 31 0.62 -0.541
0 32 -0.2188 -0.5608
1 32 -0.2188 -0.5608
2 32 -0.2188 -0.5626
0 33 0.6254 -0.5896
1 33 0.6254 -0.5896
2 33 0.6254 -0.5896
0 34 -0.4708 -0.3016
1 34 -0.4708 -0.3034
2 34 -0.4708 -0.3034
0 35 0.6542 -0.5842
1 35 0.6542 -0.586
2 35 0.6542 -0.586
0 36 -0.6796 -0.8506
1 36 -0.6796 -0.8506
2 36 -0.6778 -0.8506
0 37 -0.40168 -0.63064
1 37 -0.40168 -0.63064
2 37 -0.40168 -0.6328
0 38 0.55736 -0.5788
1 38 0.55736 -0.5788
2 38 0.55736 -0.5788
0 39 -0.33904 -0.47296
1 39 -0.33904 -0.47512
2 39 -0.33904 -0.47512
0 40 0.4796 -0.60256
1 40 0.4796 -0.60256
2 40 0.4796 -0.60256
0 41 -0.3736 -0.63064
1 41 -0.3736 -0.63064
2 41 -0.3736 -0.63064
0 42 0.6524 -0.57448
1 42 0.6524 -0.57448
2 42 0.6524 -0.57448
0 43 -0.69976 -0.86824
1 43 -0.69976 -0.86824
2 43 -0.6976 -0.86824
0 44 -0.63496 -0.29152
1 44 -0.63496 -0.29368
2 44 -0.63496 -0.29368
0 45 -0.47728 -0.30232
1 45 -0.47728 -0.30232
2 45 -0.47728 -0.30232
0 46 -0.4708 -0.30232
1 46 -0.4708 -0.30232
2 46 -0.4708 -0.30232
0 47 -0.6004 -0.61768
1 47 -0.6004 -0.61984
2 47 -0.6004 -0.61984
0 48 -0.62632 -0.61552
1 48 -0.62632 -0.61552
2 48 -0.62632 -0.61552
0 49 0.10808 -0.66088
1 49 0.10808 -0.66088
2 49 0.10808 -0.66088
0 50 0.0800002 -0.6652
1 50 0.0800002 -0.6652
2 50 0.0800002 -0.6652
0 51 0.55088 -0.59608
1 51 0.55088 -0.59608
2 51 0.55088 -0.59608
0 52 -0.21808 -0.56152
1 52 -0.21808 -0.56152
2 52 -0.21808 -0.56152
0 53 0.62648 -0.57664
1 53 0.62648 -0.5788
2 53 0.62648 -0.5788
0 54 0.67832 -0.57016
1 54 0.67832 -0.57016
2 54 0.67832 -0.57016
0 55 -0.65656 -0.6544
1 55 -0.65656 -0.6544
2 55 -0.65656 -0.6544
0 56 -0.489376 -0.815968
1 56 -0.489376 -0.815968
2 56 -0.489376 -0.81856
0 57 -0.199072 -0.55936
1 57 -0.199072 -0.561952
2 57 -0.199072 -0.561952
0 58 -0.471232 -0.302752
1 58 -0.471232 -0.302752
2 58 -0.471232 -0.302752
0 59 0.459296 -0.608608
1 59 0.459296 -0.6112
2 59 0.459296 -0.6112
0 60 -0.19648 -0.621568
1 60 -0.19648 -0.62416
2 60 -0.19648 -0.62416
0 61 -0.401248 -0.629344
1 61 -0.401248 -0.629344
2 61 -0.401248 -0.631936
0 62 -0.256096 -0.530848
1 62 -0.256096 -0.530848
2 62 -0.256096 -0.53344
0 63 -0.626752 -0.616384
1 63 -0.626752 -0.616384
2 63 -0.626752 -0.616384
0 64 -0.193888 -0.567136
1 64 -0.193888 -0.567136
2 64 -0.193888 -0.567136
0 65 0.648512 -0.587872
1 65 0.648512 -0.587872
2 65 0.648512 -0.587872
0 66 -0.219808 -0.564544
1 66 -0.219808 -0.564544
2 66 -0.219808 -0.564544
0 67 -0.19648 -0.31312
1 67 -0.19648 -0.31312
2 67 -0.19648 -0.31312
0 68 -0.219289 -0.564544
1 68 -0.219289 -0.567654
2 68 -0.219289 -0.567654
0 69 -0.595648 -0.493005
1 69 -0.595648 -0.493005
2 69 -0.595648 -0.493005
0 70 -0.642304 -0.38103
1 70 -0.642304 -0.38103
2 70 -0.642304 -0.38103
0 71 -0.670297 -0.657856
1 71 -0.670297 -0.657856
2 71 -0.670297 -0.660966
0 72 -0.489894 -0.816486
1 72 -0.489894 -0.816486
2 72 -0.489894 -0.816486
0 73 -0.0357758 -0.496115
1 73 -0.0357758 -0.496115
2 73 -0.0357758 -0.496115
0 74 -0.197517 -0.620531
1 74 -0.197517 -0.620531
2 74 -0.197517 -0.620531
0 75 0.62674 -0.592537
1 75 0.62674 -0.592537
2 75 0.62674 -0.592537
0 76 -0.601869 -0.620531
1 76 -0.601869 -0.620531
2 76 -0.601869 -0.620531
0 77 -0.483673 -0.797824
1 77 -0.483673 -0.797824
2 77 -0.483673 -0.797824
0 78 -0.626752 -0.617421
1 78 -0.626752 -0.617421
2 78 -0.626752 -0.617421
0 79 -0.371699 -0.580096
1 79 -0.371699 -0.580096
2 79 -0.371699 -0.580096
0 80 -0.256614 -0.530329
1 80 -0.256614 -0.530329
2 80 -0.256614 -0.530329
0 81 -0.68585 -0.639194
1 81 -0.68585 -0.642304
2 81 -0.68585 -0.642304
0 82 -0.626752 -0.619287
1 82 -0.626752 -0.619287
2 82 -0.626752 -0.619287
0 83 -0.48865 -0.817108
1 83 -0.48865 -0.817108
2 83 -0.48865 -0.817108
0 84 -0.615554 -0.600625
1 84 -0.615554 -0.600625
2 84 -0.615554 -0.600625
0 85 -0.604357 -0.623019
1 85 -0.604357 -0.623019
2 85 -0.604357 -0.623019
0 86 -0.372943 -0.626752
1 86 -0.372943 -0.626752
2 86 -0.372943 -0.626752
0 87 -0.630484 -0.630484
1 87 -0.630484 -0.630484
2 87 -0.630484 -0.630484
0 88 -0.02209 -0.667809
1 88 -0.02209 -0.667809
2 88 -0.02209 -0.667809
0 89 0.0712221 -0.608089
1 89 0.0712221 -0.608089
2 89 0.0712221 -0.608089
0 90 0.086152 -0.664077
1 90 0.086152 -0.664077
2 90 0.086152 -0.664077
0 91 -0.272166 -0.316956
1 91 -0.272166 -0.316956
2 91 -0.272166 -0.316956
0 92 -0.372943 -0.57823
1 92 -0.372943 -0.57823
2 92 -0.372943 -0.57823
0 93 -0.197517 -0.619287
1 93 -0.197517 -0.619287
2 93 -0.197517 -0.619287
