84
0 0 0.361458 -0.613542
1 0 0.361458 -0.613542
2 0 0.361458 -0.614583
0 1 -0.0302083 -0.677083
1 1 -0.0302083 -0.677083
2 1 -0.0302083 -0.678125
0 2 0.0291667 -0.639583
1 2 0.0291667 -0.639583
2 2 0.0291667 -0.640625
0 3 0.51125 -0.58125
1 3 0.51125 -0.58125
2 3 0.51125 -0.5825
0 4 0.6625 -0.56625
1 4 0.63625 -0.57
2 4 0.63625 -0.57125
0 5 0.68625 -0.56125
1 5 0.68625 -0.56125
2 5 0.68625 -0.5625
0 6 0.55125 -0.59
1 6 0.55125 -0.59
2 6 0.55125 -0.59125
0 7 0.6825 -0.54875
1 7 0.6825 -0.54875
2 7 0.6825 -0.55
0 8 0.36125 -0.6125
1 8 0.36125 -0.6125
2 8 0.36125 -0.61375
0 9 0.4825 -0.5825
1 9 0.4825 -0.5825
2 9 0.4825 -0.58375
0 10 0.36875 -0.6125
1 10 0.36875 -0.6125
2 10 0.36875 -0.61375
0 11 0.0550001 -0.39875
1 11 0.0550001 -0.39875
2 11 0.0550001 -0.4
0 12 0.63875 -0.57875
1 12 0.63875 -0.57875
2 12 0.63875 -0.58
0 13 0.64 -0.5325
1 13 0.64 -0.5325
2 13 0.64 -0.53375
0 14 0.4895 -0.571
1 14 0.4895 -0.571
2 14 0.4895 -0.5725
0 15 0.6725 -0.55
1 15 0.6725 -0.55
2 15 0.6725 -0.5515
0 16 0.6695 -0.538
1 16 0.6695 -0.538
2 16 0.6695 -0.5395
0 17 -0.4885 -0.805
1 17 -0.487 -0.805
2 17 -0.487 -0.8065
0 18 0.6245 -0.5725
1 18 0.6245 -0.5725
2 18 0.6245 -0.574
0 19 -0.2215 -0.5545
1 19 -0.2215 -0.5545
2 19 -0.2215 -0.556
0 20 0.569 -0.556
1 20 0.569 -0.556
2 20 0.569 -0.5575
0 21 0.677 -0.565
1 21 0.677 -0.565
2 21 0.677 -0.5665
0 22 0.5555 -0.574
1 22 0.5555 -0.574
2 22 0.5555 -0.5755
0 23 0.6245 -0.535
1 23 0.6245 -0.535
2 23 0.6245 -0.5365
0 24 -0.679 -0.8425
1 24 -0.679 -0.844
2 24 -0.679 -0.844
0 25 0.4925 -0.583
1 25 0.4925 -0.583
2 25 0.4925 -0.5845
0 26 0.6515 -0.577
1 26 0.6515 -0.577
2 26 0.6515 -0.5785
0 27 0.6395 -0.532
1 27 0.6395 -0.532
2 27 0.6395 -0.5335
0 28 0.65 -0.5305
1 28 0.65 -0.5305
2 28 0.65 -0.532
0 29 0.6695 -0.541
1 29 0.6695 -0.541
2 29 0.6695 -0.5425
0 30 0.665 -0.5755
1 30 0.665 -0.5755
2 30 0.665 -0.577
0 31 0.518 -0.58
1 31 0.518 -0.58
2 31 0.518 -0.5815
0 32 -0.1975 -0.553
1 32 -0.1975 -0.553
2 32 -0.1975 -0.5545
0 33 -0.6994 -0.8614
1 33 -0.6994 -0.8614
2 33 -0.6994 -0.8632
0 34 -0.2206 -0.5554
1 34 -0.2206 -0.5554
2 34 -0.2206 -0.5572
0 35 -0.0981999 -0.5248
1 35 -0.0981999 -0.5248
2 35 -0.0981999 -0.5266
0 36 -0.3754 -0.6238
1 36 -0.3754 -0.6238
2 36 -0.3754 -0.6256
0 37 -0.6796 -0.8434
1 37 -0.6796 -0.8434
2 37 -0.6796 -0.8452
0 38 0.6236 -0.5338
1 38 0.6236 -0.5338
2 38 0.6236 -0.5356
0 39 -0.487 -0.8038
1 39 -0.487 -0.8038
2 39 -0.487 -0.8056
0 40 0.6146 -0.5356
1 40 0.6146 -0.5356
2 40 0.6146 -0.5374
0 41 0.6236 -0.5824
1 41 0.6236 -0.5824
2 41 0.6236 -0.5842
0 42 0.5174 -0.5788
1 42 0.5174 -0.5788
2 42 0.5174 -0.5806
0 43 -0.6418 -0.2872
1 43 -0.6418 -0.2872
2 43 -0.6418 -0.289
0 44 -0.62848 -0.60904
1 44 -0.62848 -0.60904
2 44 -0.62848 -0.6112
0 45 0.1124 -0.6544
1 45 0.1124 -0.6544
2 45 0.1124 -0.65656
0 46 -0.22024 -0.5572
1 46 -0.22024 -0.5572
2 46 -0.22024 -0.5572
0 47 -0.69976 -0.86176
1 47 -0.69976 -0.86176
2 47 -0.69976 -0.86176
0 48 -0.63712 -0.2872
1 48 -0.63712 -0.2872
2 48 -0.63712 -0.2872
0 49 0.62432 -0.58312
1 49 0.62432 -0.58312
2 49 0.62432 -0.58528
0 50 0.61352 -0.5356
1 50 0.61352 -0.5356
2 50 0.61352 -0.53776
0 51 -0.19864 -0.55288
1 51 -0.19864 -0.55288
2 51 -0.19864 -0.55504
0 52 0.47312 -0.6004
1 52 0.47312 -0.6004
2 52 0.47312 -0.60256
0 53 -0.489376 -0.810784
1 53 -0.489376 -0.810784
2 53 -0.489376 -0.810784
0 54 0.625184 -0.58528
1 54 0.625184 -0.58528
2 54 0.625184 -0.58528
0 55 -0.346816 -0.473824
1 55 -0.346816 -0.473824
2 55 -0.346816 -0.473824
0 56 -0.40384 -0.62416
1 56 -0.40384 -0.62416
2 56 -0.40384 -0.62416
0 57 -0.699328 -0.860032
1 57 -0.699328 -0.860032
2 57 -0.699328 -0.860032
0 58 -0.626752 -0.6112
1 58 -0.626752 -0.6112
2 58 -0.626752 -0.6112
0 59 -0.199072 -0.616384
1 59 -0.199072 -0.616384
2 59 -0.199072 -0.616384
0 60 -0.63712 -0.2872
1 60 -0.63712 -0.2872
2 60 -0.63712 -0.289792
0 61 -0.42976 -0.62416
1 61 -0.42976 -0.62416
2 61 -0.42976 -0.626752
0 62 0.640736 -0.582688
1 62 0.640736 -0.582688
2 62 0.640736 -0.582688
0 63 -0.258688 -0.525664
1 63 -0.258688 -0.525664
2 63 -0.258688 -0.525664
0 64 -0.258688 -0.618976
1 64 -0.258688 -0.618976
2 64 -0.258688 -0.618976
0 65 -0.372736 -0.574912
1 65 -0.372736 -0.574912
2 65 -0.372736 -0.574912
0 66 -0.216179 -0.548992
1 66 -0.216179 -0.548992
2 66 -0.216179 -0.548992
0 67 0.545869 -0.493005
1 67 0.545869 -0.493005
2 67 0.545869 -0.493005
0 68 -0.626752 -0.6112
1 68 -0.626752 -0.6112
2 68 -0.626752 -0.6112
0 69 -0.601869 -0.61431
1 69 -0.601869 -0.61431
2 69 -0.601869 -0.61431
0 70 -0.595648 -0.486784
1 70 -0.595648 -0.486784
2 70 -0.595648 -0.486784
0 71 -0.698291 -0.860032
1 71 -0.698291 -0.860032
2 71 -0.698291 -0.860032
0 72 -0.387251 -0.45879
1 72 -0.387251 -0.45879
2 72 -0.387251 -0.45879
0 73 0.654733 -0.415245
1 73 0.654733 -0.415245
2 73 0.654733 -0.415245
0 74 -0.489894 -0.810266
1 74 -0.489894 -0.810266
2 74 -0.489894 -0.810266
0 75 -0.259725 -0.524109
1 75 -0.259725 -0.524109
2 75 -0.259725 -0.524109
0 76 -0.477453 -0.298294
1 76 -0.477453 -0.298294
2 76 -0.477453 -0.298294
0 77 -0.626752 -0.611822
1 77 -0.626752 -0.611822
2 77 -0.626752 -0.611822
0 78 -0.686472 -0.634217
1 78 -0.686472 -0.634217
2 78 -0.686472 -0.637949
0 79 -0.604357 -0.615554
1 79 -0.604357 -0.615554
2 79 -0.604357 -0.615554
0 80 -0.615554 -0.59316
1 80 -0.615554 -0.59316
2 80 -0.615554 -0.59316
0 81 0.653489 -0.414
1 81 0.653489 -0.414
2 81 0.653489 -0.417733
0 82 0.086152 -0.656612
1 82 0.086152 -0.656612
2 82 0.086152 -0.660344
0 83 -0.231109 -0.615554
1 83 -0.231109 -0.615554
2 83 -0.231109 -0.615554
