68
0 0 -0.207292 -0.503125
1 0 -0.207292 -0.503125
2 0 -0.207292 -0.504167
0 1 0.0197917 -0.688542
1 1 0.0197917 -0.688542
2 1 0.0197917 -0.689583
0 2 0.5575 -0.5775
1 2 0.5575 -0.5775
2 2 0.5575 -0.57875
0 3 0.64375 -0.54875
1 3 0.64375 -0.54875
2 3 0.64375 -0.55
0 4 0.65375 -0.54375
1 4 0.65375 -0.54375
2 4 0.65375 -0.545
0 5 0.56625 -0.57625
1 5 0.56625 -0.57625
2 5 0.56625 -0.5775
0 6 0.62625 -0.57625
1 6 0.62625 -0.57625
2 6 0.62625 -0.5775
0 7 0.67625 -0.55625
1 7 0.67625 -0.55625
2 7 0.67625 -0.5575
0 8 0.625 -0.53875
1 8 0.625 -0.53875
2 8 0.625 -0.54
0 9 0.569 -0.559
1 9 0.569 -0.559
2 9 0.569 -0.5605
0 10 -0.679 -0.847
1 10 -0.679 -0.847
2 10 -0.679 -0.8485
0 11 0.5525 -0.562
1 11 0.5525 -0.562
2 11 0.5525 -0.5635
0 12 0.473 -0.577
1 12 0.473 -0.577
2 12 0.473 -0.5785
0 13 0.6455 -0.5335
1 13 0.6455 -0.5335
2 13 0.6455 -0.535
0 14 -0.22 -0.5575
1 14 -0.22 -0.5575
2 14 -0.22 -0.559
0 15 -0.658 -0.457
1 15 -0.658 -0.457
2 15 -0.658 -0.4585
0 16 0.0935 -0.6595
1 16 0.0935 -0.6595
2 16 0.0935 -0.661
0 17 -0.6796 -0.847
1 17 -0.6796 -0.847
2 17 -0.6796 -0.8488
0 18 0.566 -0.5752
1 18 0.566 -0.577
2 18 0.566 -0.577
0 19 -0.4708 -0.298
1 19 -0.4708 -0.2998
2 19 -0.4708 -0.2998
0 20 0.62 -0.5374
1 20 0.62 -0.5374
2 20 0.62 -0.5392
0 21 0.1142 -0.658
1 21 0.1142 -0.658
2 21 0.1142 -0.6598
0 22 0.6182 -0.2854
1 22 0.6182 -0.2854
2 22 0.6182 -0.2872
0 23 0.6776 -0.5662
1 23 0.6776 -0.568
2 23 0.6776 -0.568
0 24 0.6452 -0.5338
1 24 0.6452 -0.5338
2 24 0.6452 -0.5356
0 25 0.6794 -0.577
1 25 0.6794 -0.577
2 25 0.6812 -0.5788
0 26 0.0926001 -0.6598
1 26 0.0926001 -0.6598
2 26 0.0926001 -0.6616
0 27 -0.0236799 -0.65872
1 27 -0.0236799 -0.66088
2 27 -0.0236799 -0.66088
0 28 0.68912 -0.56584
1 28 0.68912 -0.56584
2 28 0.68912 -0.568
0 29 0.10808 -0.65872
1 29 0.10808 -0.65872
2 29 0.10808 -0.65872
0 30 0.512 -0.58312
1 30 0.512 -0.58312
2 30 0.512 -0.58528
0 31 0.61568 -0.28504
1 31 0.61568 -0.28504
2 31 0.61568 -0.2872
0 32 -0.65656 -0.45568
1 32 -0.65656 -0.45784
2 32 -0.65656 -0.45784
0 33 -0.69976 -0.86392
1 33 -0.69976 -0.86608
2 33 -0.69976 -0.86608
0 34 0.47312 -0.60472
1 34 0.47312 -0.60472
2 34 0.47312 -0.60472
0 35 0.0908001 -0.65872
1 35 0.0908001 -0.66088
2 35 0.0929601 -0.66088
0 36 0.67832 -0.568
1 36 0.67832 -0.568
2 36 0.67832 -0.568
0 37 -0.219808 -0.561952
1 37 -0.219808 -0.561952
2 37 -0.219808 -0.561952
0 38 -0.626752 -0.613792
1 38 -0.626752 -0.613792
2 38 -0.626752 -0.613792
0 39 -0.471232 -0.30016
1 39 -0.471232 -0.30016
2 39 -0.471232 -0.30016
0 40 -0.699328 -0.862624
1 40 -0.699328 -0.862624
2 40 -0.699328 -0.865216
0 41 -0.489376 -0.813376
1 41 -0.489376 -0.813376
2 41 -0.489376 -0.815968
0 42 0.640736 -0.42976
1 42 0.640736 -0.42976
2 42 0.640736 -0.42976
0 43 -0.258688 -0.528256
1 43 -0.258688 -0.528256
2 43 -0.258688 -0.530848
0 44 -0.68585 -0.636083
1 44 -0.68585 -0.639194
2 44 -0.68585 -0.639194
0 45 -0.626752 -0.61431
1 45 -0.626752 -0.61431
2 45 -0.626752 -0.61431
0 46 -0.670297 -0.654746
1 46 -0.670297 -0.657856
2 46 -0.670297 -0.657856
0 47 -0.402803 -0.626752
1 47 -0.402803 -0.626752
2 47 -0.402803 -0.626752
0 48 0.545869 -0.496115
1 48 0.545869 -0.496115
2 48 0.545869 -0.496115
0 49 -0.489894 -0.813376
1 49 -0.489894 -0.813376
2 49 -0.489894 -0.813376
0 50 -0.601869 -0.617421
1 50 -0.601869 -0.617421
2 50 -0.601869 -0.617421
0 51 -0.256614 -0.527219
1 51 -0.256614 -0.527219
2 51 -0.256614 -0.527219
0 52 0.62674 -0.589427
1 52 0.62674 -0.589427
2 52 0.62674 -0.589427
0 53 -0.698291 -0.863142
1 53 -0.698291 -0.863142
2 53 -0.698291 -0.863142
0 54 -0.194406 -0.561433
1 54 -0.194406 -0.564544
2 54 -0.194406 -0.564544
0 55 -0.371699 -0.576985
1 55 -0.371699 -0.576985
2 55 -0.371699 -0.576985
0 56 -0.272166 -0.309491
1 56 -0.272166 -0.309491
2 56 -0.272166 -0.312601
0 57 -0.483673 -0.794714
1 57 -0.483673 -0.794714
2 57 -0.483673 -0.794714
0 58 -0.615554 -0.596892
1 58 -0.615554 -0.596892
2 58 -0.615554 -0.596892
0 59 -0.02209 -0.664077
1 59 -0.02209 -0.664077
2 59 -0.02209 -0.664077
0 60 0.086152 -0.660344
1 60 0.086152 -0.660344
2 60 0.086152 -0.660344
0 61 -0.626752 -0.615554
1 61 -0.626752 -0.615554
2 61 -0.626752 -0.615554
0 62 -0.641682 -0.380408
1 62 -0.641682 -0.380408
2 62 -0.641682 -0.380408
0 63 -0.354281 -0.514777
1 63 -0.354281 -0.514777
2 63 -0.354281 -0.514777
0 64 -0.372943 -0.623019
1 64 -0.372943 -0.623019
2 64 -0.372943 -0.623019
0 65 -0.671542 -0.656612
1 65 -0.671542 -0.656612
2 65 -0.671542 -0.656612
0 66 -0.477453 -0.302026
1 66 -0.477453 -0.302026
2 66 -0.477453 -0.302026
0 67 0.571375 -0.525975
1 67 0.571375 -0.525975
2 67 0.571375 -0.529707
