151
0 0 -0.0291667 -0.683333
1 0 -0.0291667 -0.684375
2 0 -0.0291667 -0.684375
0 1 -0.0177083 -0.66875
1 1 -0.0177083 -0.669792
2 1 -0.0177083 -0.669792
0 2 0.61375 -0.2875
1 2 0.61375 -0.2875
2 2 0.61375 -0.2875
0 3 0.45625 -0.58375
1 3 0.45625 -0.58375
2 3 0.45625 -0.58375
0 4 0.67125 -0.5475
1 4 0.67125 -0.5475
2 4 0.67125 -0.5475
0 5 0.53375 -0.595
1 5 0.53375 -0.595
2 5 0.53375 -0.595
0 6 0.57375 -0.575
1 6 0.57375 -0.575
2 6 0.57375 -0.575
0 7 0.6175 -0.5525
1 7 0.6175 -0.55375
2 7 0.6175 -0.55375
0 8 0.47625 -0.59375
1 8 0.47625 -0.59375
2 8 0.47625 -0.59375
0 9 0.48375 -0.59125
1 9 0.48375 -0.5925
2 9 0.48375 -0.5925
0 10 0.455 -0.58125
1 10 0.455 -0.58125
2 10 0.455 -0.58125
0 11 0.575 -0.57875
1 11 0.575 -0.57875
2 11 0.575 -0.57875
0 12 0.56625 -0.58
1 12 0.56625 -0.58
2 12 0.56625 -0.58
0 13 0.3625 -0.62
1 13 0.3625 -0.62
2 13 0.3625 -0.62
0 14 0.65 -0.57375
1 14 0.65 -0.57375
2 14 0.65 -0.57375
0 15 -0.22 -0.56
1 15 -0.22 -0.56
2 15 -0.22 -0.56
0 16 0.66875 -0.545
1 16 0.66875 -0.545
2 16 0.66875 -0.545
0 17 -0.22 -0.5605
1 17 -0.22 -0.562
2 17 -0.22 -0.562
0 18 0.5435 -0.5815
1 18 0.5435 -0.5815
2 18 0.5435 -0.5815
0 19 0.323 -0.847
1 19 0.323 -0.847
2 19 0.323 -0.847
0 20 0.455 -0.61
1 20 0.455 -0.61
2 20 0.455 -0.61
0 21 0.455 -0.5815
1 21 0.455 -0.5815
2 21 0.455 -0.5815
0 22 0.641 -0.5395
1 22 0.641 -0.5395
2 22 0.641 -0.5395
0 23 -0.487 -0.811
1 23 -0.487 -0.811
2 23 -0.487 -0.811
0 24 0.566 -0.58
1 24 0.566 -0.58
2 24 0.566 -0.58
0 25 0.653 -0.5845
1 25 0.653 -0.5845
2 25 0.653 -0.5845
0 26 0.5645 -0.577
1 26 0.5645 -0.577
2 26 0.5645 -0.577
0 27 0.5735 -0.5755
1 27 0.5735 -0.5755
2 27 0.5735 -0.5755
0 28 0.5345 -0.595
1 28 0.5345 -0.595
2 28 0.5345 -0.595
0 29 0.4895 -0.5755
1 29 0.4895 -0.5755
2 29 0.4895 -0.5755
0 30 0.62 -0.5935
1 30 0.62 -0.5935
2 30 0.62 -0.595
0 31 0.6155 -0.544
1 31 0.6155 -0.544
2 31 0.6155 -0.544
0 32 0.6245 -0.5425
1 32 0.6245 -0.5425
2 32 0.6245 -0.5425
0 33 0.68 -0.58
1 33 0.68 -0.58
2 33 0.68 -0.58
0 34 0.6395 -0.586
1 34 0.6395 -0.586
2 34 0.6395 -0.586
0 35 0.68 -0.544
1 35 0.68 -0.544
2 35 0.68 -0.544
0 36 -0.487 -0.811
1 36 -0.487 -0.811
2 36 -0.487 -0.811
0 37 0.647 -0.5626
1 37 0.647 -0.5626
2 37 0.647 -0.5626
0 38 0.5534 -0.5662
1 38 0.5534 -0.5662
2 38 0.5534 -0.5662
0 39 0.62 -0.541
1 39 0.62 -0.541
2 39 0.62 -0.541
0 40 -0.6796 -0.8506
1 40 -0.6778 -0.8506
2 40 -0.6778 -0.8506
0 41 0.6542 -0.586
1 41 0.6542 -0.586
2 41 0.6542 -0.586
0 42 0.6776 -0.5698
1 42 0.6776 -0.5698
2 42 0.6776 -0.5698
0 43 0.1142 -0.6616
1 43 0.1142 -0.6616
2 43 0.1142 -0.6616
0 44 -0.4708 -0.3034
1 44 -0.4708 -0.3034
2 44 -0.4708 -0.3034
0 45 0.512 -0.5878
1 45 0.512 -0.5878
2 45 0.512 -0.5878
0 46 0.4904 -0.577
1 46 0.4904 -0.577
2 46 0.4904 -0.577
0 47 0.476 -0.5932
1 47 0.476 -0.5932
2 47 0.476 -0.5932
0 48 0.0926001 -0.6634
1 48 0.0926001 -0.6634
2 48 0.0926001 -0.6634
0 49 0.6254 -0.5896
1 49 0.6254 -0.5896
2 49 0.6254 -0.5896
0 50 -0.2188 -0.5608
1 50 -0.2188 -0.5626
2 50 -0.2188 -0.5626
0 51 -0.6346 -0.2926
1 51 -0.6346 -0.2926
2 51 -0.6346 -0.2926
0 52 0.575 -0.5788
1 52 0.575 -0.5788
2 52 0.575 -0.5788
0 53 0.629 -0.6742
1 53 0.629 -0.6742
2 53 0.629 -0.6742
0 54 0.4598 -0.5698
1 54 0.4598 -0.5698
2 54 0.4598 -0.5698
0 55 0.629 -0.5518
1 55 0.629 -0.5536
2 55 0.629 -0.5536
0 56 0.4832 -0.5914
1 56 0.4832 -0.5914
2 56 0.4832 -0.5914
0 57 0.107 -0.6616
1 57 0.107 -0.6616
2 57 0.107 -0.6616
0 58 -0.0236799 -0.66304
1 58 -0.0236799 -0.66304
2 58 -0.0236799 -0.66304
0 59 -0.3736 -0.63064
1 59 -0.3736 -0.63064
2 59 -0.3736 -0.63064
0 60 0.55736 -0.5788
1 60 0.55736 -0.5788
2 60 0.55736 -0.5788
0 61 0.62648 -0.5896
1 61 0.62648 -0.5896
2 61 0.62648 -0.5896
0 62 -0.19432 -0.568
1 62 -0.19432 -0.568
2 62 -0.19432 -0.568
0 63 0.63944 -0.43192
1 63 0.63944 -0.43192
2 63 0.63944 -0.43192
0 64 -0.33904 -0.47512
1 64 -0.33904 -0.47512
2 64 -0.33904 -0.47512
0 65 0.512 -0.58744
1 65 0.512 -0.58744
2 65 0.512 -0.58744
0 66 -0.6004 -0.61984
1 66 -0.6004 -0.61984
2 66 -0.6004 -0.61984
0 67 -0.69976 -0.86824
1 67 -0.6976 -0.86824
2 67 -0.6976 -0.86824
0 68 -0.62632 -0.61552
1 68 -0.62632 -0.61552
2 68 -0.62632 -0.61552
0 69 0.10808 -0.66088
1 69 0.10808 -0.66088
2 69 0.10808 -0.66088
0 70 -0.47728 -0.30232
1 70 -0.47728 -0.30232
2 70 -0.47728 -0.30232
0 71 0.6524 -0.57448
1 71 0.6524 -0.57448
2 71 0.6524 -0.57448
0 72 0.65456 -0.58528
1 72 0.65456 -0.58528
2 72 0.65456 -0.58528
0 73 0.55088 -0.59608
1 73 0.55088 -0.59608
2 73 0.55088 -0.59608
0 74 -0.63496 -0.29368
1 74 -0.63496 -0.29368
2 74 -0.63496 -0.29368
0 75 -0.15328 -0.5248
1 75 -0.15328 -0.5248
2 75 -0.15328 -0.5248
0 76 -0.4708 -0.30232
1 76 -0.4708 -0.30232
2 76 -0.4708 -0.30232
0 77 -0.48592 -0.80992
1 77 -0.48592 -0.80992
2 77 -0.48592 -0.80992
0 78 -0.61336 -0.50752
1 78 -0.61336 -0.50752
2 78 -0.61336 -0.50752
0 79 0.67832 -0.57016
1 79 0.67832 -0.57016
2 79 0.67832 -0.57016
0 80 0.61568 -0.2872
1 80 0.61568 -0.2872
2 80 0.61568 -0.2872
0 81 0.4904 -0.57664
1 81 0.4904 -0.57664
2 81 0.4904 -0.57664
0 82 0.62648 -0.5788
1 82 0.62648 -0.5788
2 82 0.62648 -0.5788
0 83 0.0800002 -0.6652
1 83 0.0800002 -0.6652
2 83 0.0800002 -0.6652
0 84 -0.227584 -0.62416
1 84 -0.227584 -0.62416
2 84 -0.227584 -0.62416
0 85 -0.489376 -0.815968
1 85 -0.489376 -0.81856
2 85 -0.489376 -0.81856
0 86 -0.199072 -0.561952
1 86 -0.199072 -0.561952
2 86 -0.199072 -0.561952
0 87 -0.0331838 -0.497152
1 87 -0.0331838 -0.497152
2 87 -0.0331838 -0.497152
0 88 -0.19648 -0.62416
1 88 -0.19648 -0.62416
2 88 -0.19648 -0.62416
0 89 -0.699328 -0.867808
1 89 -0.696736 -0.867808
2 89 -0.696736 -0.867808
0 90 0.459296 -0.6112
1 90 0.459296 -0.6112
2 90 0.459296 -0.6112
0 91 -0.616384 -0.595648
1 91 -0.616384 -0.595648
2 91 -0.616384 -0.595648
0 92 -0.0228158 -0.66304
1 92 -0.0228158 -0.66304
2 92 -0.0228158 -0.66304
0 93 0.0912323 -0.66304
1 93 0.0912323 -0.66304
2 93 0.0912323 -0.66304
0 94 0.109376 -0.66304
1 94 0.109376 -0.66304
2 94 0.109376 -0.66304
0 95 -0.256096 -0.530848
1 95 -0.256096 -0.53344
2 95 -0.256096 -0.53344
0 96 -0.471232 -0.302752
1 96 -0.471232 -0.302752
2 96 -0.471232 -0.302752
0 97 -0.401248 -0.629344
1 97 -0.401248 -0.631936
2 97 -0.401248 -0.631936
0 98 -0.193888 -0.567136
1 98 -0.193888 -0.567136
2 98 -0.193888 -0.567136
0 99 -0.372736 -0.629344
1 99 -0.372736 -0.629344
2 99 -0.372736 -0.629344
0 100 -0.613792 -0.600832
1 100 -0.613792 -0.600832
2 100 -0.613792 -0.600832
0 101 0.640736 -0.432352
1 101 0.640736 -0.432352
2 101 0.640736 -0.432352
0 102 -0.626752 -0.616384
1 102 -0.626752 -0.616384
2 102 -0.626752 -0.616384
0 103 -0.681184 -0.852256
1 103 -0.678592 -0.852256
2 103 -0.678592 -0.852256
0 104 -0.219808 -0.564544
1 104 -0.219808 -0.564544
2 104 -0.219808 -0.564544
0 105 0.643328 -0.44272
1 105 0.643328 -0.44272
2 105 0.643328 -0.44272
0 106 -0.655264 -0.655264
1 106 -0.655264 -0.655264
2 106 -0.655264 -0.655264
0 107 -0.393472 -0.50752
1 107 -0.393472 -0.50752
2 107 -0.393472 -0.50752
0 108 -0.19648 -0.31312
1 108 -0.19648 -0.31312
2 108 -0.19648 -0.31312
0 109 -0.489894 -0.816486
1 109 -0.489894 -0.816486
2 109 -0.489894 -0.816486
0 110 -0.346816 -0.480563
1 110 -0.346816 -0.480563
2 110 -0.346816 -0.480563
0 111 -0.337485 -0.477453
1 111 -0.337485 -0.477453
2 111 -0.337485 -0.477453
0 112 -0.670297 -0.657856
1 112 -0.670297 -0.660966
2 112 -0.670297 -0.660966
0 113 0.545869 -0.499225
1 113 0.545869 -0.499225
2 113 0.545869 -0.499225
0 114 -0.642304 -0.38103
1 114 -0.642304 -0.38103
2 114 -0.642304 -0.38103
0 115 -0.402803 -0.629862
1 115 -0.402803 -0.629862
2 115 -0.402803 -0.629862
0 116 -0.387251 -0.465011
1 116 -0.387251 -0.465011
2 116 -0.387251 -0.465011
0 117 -0.626752 -0.617421
1 117 -0.626752 -0.617421
2 117 -0.626752 -0.617421
0 118 -0.68585 -0.642304
1 118 -0.68585 -0.642304
2 118 -0.68585 -0.642304
0 119 -0.601869 -0.620531
1 119 -0.601869 -0.620531
2 119 -0.601869 -0.620531
0 120 -0.0233341 -0.664077
1 120 -0.0233341 -0.664077
2 120 -0.0233341 -0.664077
0 121 -0.698291 -0.866253
1 121 -0.698291 -0.866253
2 121 -0.698291 -0.866253
0 122 -0.353037 -0.517888
1 122 -0.353037 -0.517888
2 122 -0.353037 -0.517888
0 123 0.713831 -0.343705
1 123 0.713831 -0.343705
2 123 0.713831 -0.343705
0 124 0.0761987 -0.440128
1 124 0.0761987 -0.440128
2 124 0.0761987 -0.440128
0 125 -0.256614 -0.530329
1 125 -0.256614 -0.530329
2 125 -0.256614 -0.530329
0 126 -0.0357758 -0.496115
1 126 -0.0357758 -0.496115
2 126 -0.0357758 -0.496115
0 127 -0.228621 -0.623641
1 127 -0.228621 -0.623641
2 127 -0.228621 -0.623641
0 128 0.62674 -0.592537
1 128 0.62674 -0.592537
2 128 0.62674 -0.592537
0 129 -0.595648 -0.493005
1 129 -0.595648 -0.493005
2 129 -0.595648 -0.493005
0 130 -0.371699 -0.580096
1 130 -0.371699 -0.580096
2 130 -0.371699 -0.580096
0 131 -0.219289 -0.567654
1 131 -0.219289 -0.567654
2 131 -0.219289 -0.567654
0 132 -0.197517 -0.620531
1 132 -0.197517 -0.620531
2 132 -0.197517 -0.620531
0 133 -0.483673 -0.797824
1 133 -0.483673 -0.797824
2 133 -0.483673 -0.797824
0 134 -0.552102 -0.589427
1 134 -0.552102 -0.589427
2 134 -0.552102 -0.589427
0 135 -0.354281 -0.51851
1 135 -0.354281 -0.51851
2 135 -0.354281 -0.51851
0 136 0.0712221 -0.608089
1 136 0.0712221 -0.608089
2 136 0.0712221 -0.608089
0 137 -0.552102 -0.589427
1 137 -0.552102 -0.589427
2 137 -0.552102 -0.589427
0 138 -0.656612 -0.514777
1 138 -0.656612 -0.514777
2 138 -0.656612 -0.514777
0 139 -0.630484 -0.630484
1 139 -0.630484 -0.630484
2 139 -0.630484 -0.630484
0 140 -0.48865 -0.817108
1 140 -0.48865 -0.817108
2 140 -0.48865 -0.817108
0 141 0.112279 -0.42893
1 141 0.112279 -0.42893
2 141 0.112279 -0.42893
0 142 0.657222 -0.425198
1 142 0.657222 -0.425198
2 142 0.657222 -0.425198
0 143 -0.626752 -0.619287
1 143 -0.626752 -0.619287
2 143 -0.626752 -0.619287
0 144 0.086152 -0.664077
1 144 0.086152 -0.664077
2 144 0.086152 -0.664077
0 145 -0.372943 -0.57823
1 145 -0.372943 -0.57823
2 145 -0.372943 -0.57823
0 146 -0.604357 -0.623019
1 146 -0.604357 -0.623019
2 146 -0.604357 -0.623019
0 147 -0.02209 -0.667809
1 147 -0.02209 -0.667809
2 147 -0.02209 -0.667809
0 148 -0.316956 -0.623019
1 148 -0.316956 -0.623019
2 148 -0.316956 -0.623019
0 149 -0.402803 -0.626752
1 149 -0.402803 -0.626752
2 149 -0.402803 -0.626752
0 150 -0.272166 -0.316956
1 150 -0.272166 -0.316956
2 150 -0.272166 -0.316956
