73
0 0 0.494792 -0.585417
1 0 0.494792 -0.586458
2 0 0.494792 -0.586458
0 1 -0.14375 -0.517708
1 1 -0.14375 -0.51875
2 1 -0.14375 -0.51875
0 2 0.36125 -0.615
1 2 0.36125 -0.61625
2 2 0.36125 -0.61625
0 3 0.455 -0.57625
1 3 0.455 -0.5775
2 3 0.455 -0.5775
0 4 0.40625 -0.66625
1 4 0.40625 -0.6675
2 4 0.40625 -0.6675
0 5 0.645 -0.53125
1 5 0.645 -0.5325
2 5 0.645 -0.5325
0 6 0.625 -0.5375
1 6 0.625 -0.53875
2 6 0.625 -0.53875
0 7 -0.679 -0.8455
1 7 -0.679 -0.8455
2 7 -0.679 -0.847
0 8 0.5525 -0.5605
1 8 0.5525 -0.562
2 8 0.5525 -0.562
0 9 0.6785 -0.5665
1 9 0.6785 -0.568
2 9 0.6785 -0.568
0 10 0.68 -0.538
1 10 0.68 -0.5395
2 10 0.68 -0.5395
0 11 0.5 -0.5815
1 11 0.5 -0.583
2 11 0.5 -0.583
0 12 0.65 -0.5335
1 12 0.65 -0.5335
2 12 0.65 -0.535
0 13 -0.4024 -0.6274
1 13 -0.4024 -0.6292
2 13 -0.4024 -0.6292
0 14 -0.487 -0.8056
1 14 -0.487 -0.8074
2 14 -0.487 -0.8074
0 15 -0.6796 -0.8452
1 15 -0.6796 -0.847
2 15 -0.6796 -0.847
0 16 0.557 -0.5752
1 16 0.557 -0.577
2 16 0.557 -0.577
0 17 -0.2044 -0.5554
1 17 -0.2044 -0.5554
2 17 -0.2044 -0.5554
0 18 0.674 -0.5536
1 18 0.674 -0.5554
2 18 0.674 -0.5554
0 19 -0.6994 -0.8632
1 19 -0.6994 -0.865
2 19 -0.6994 -0.865
0 20 -0.3754 -0.6256
1 20 -0.3754 -0.6274
2 20 -0.3754 -0.6274
0 21 0.6452 -0.532
1 21 0.6452 -0.5338
2 21 0.6452 -0.5338
0 22 0.68912 -0.56368
1 22 0.68912 -0.56584
2 22 0.68912 -0.56584
0 23 -0.19864 -0.55504
1 23 -0.19864 -0.5572
2 23 -0.19864 -0.5572
0 24 -0.69976 -0.86392
1 24 -0.69976 -0.86392
2 24 -0.69976 -0.86392
0 25 0.67832 -0.56584
1 25 0.67832 -0.56584
2 25 0.67832 -0.568
0 26 -0.62848 -0.6112
1 26 -0.62848 -0.6112
2 26 -0.62848 -0.6112
0 27 0.68048 -0.53992
1 27 0.68048 -0.53992
2 27 0.68048 -0.53992
0 28 -0.6004 -0.61336
1 28 -0.6004 -0.61552
2 28 -0.6004 -0.61552
0 29 -0.19864 -0.61984
1 29 -0.19648 -0.61984
2 29 -0.19648 -0.61984
0 30 0.61568 -0.28288
1 30 0.61568 -0.28504
2 30 0.61568 -0.28504
0 31 -0.22888 -0.61984
1 31 -0.22888 -0.622
2 31 -0.22888 -0.622
0 32 -0.47944 -0.298
1 32 -0.47944 -0.298
2 32 -0.47944 -0.298
0 33 0.10808 -0.65656
1 33 0.10808 -0.65872
2 33 0.10808 -0.65872
0 34 -0.68032 -0.84664
1 34 -0.68032 -0.84664
2 34 -0.68032 -0.84664
0 35 -0.37576 -0.62632
1 35 -0.37576 -0.62632
2 35 -0.37576 -0.62632
0 36 -0.65656 -0.45568
1 36 -0.65656 -0.45568
2 36 -0.65656 -0.45568
0 37 0.6416 -0.4384
1 37 0.6416 -0.4384
2 37 0.6416 -0.4384
0 38 -0.681184 -0.847072
1 38 -0.681184 -0.847072
2 38 -0.681184 -0.847072
0 39 -0.219808 -0.55936
1 39 -0.219808 -0.561952
2 39 -0.219808 -0.561952
0 40 -0.63712 -0.289792
1 40 -0.63712 -0.289792
2 40 -0.63712 -0.289792
0 41 -0.489376 -0.813376
1 41 -0.489376 -0.813376
2 41 -0.489376 -0.813376
0 42 -0.199072 -0.556768
1 42 -0.199072 -0.556768
2 42 -0.199072 -0.556768
0 43 0.625184 -0.587872
1 43 0.625184 -0.587872
2 43 0.625184 -0.587872
0 44 -0.699328 -0.862624
1 44 -0.699328 -0.862624
2 44 -0.699328 -0.862624
0 45 -0.626752 -0.6112
1 45 -0.626752 -0.613792
2 45 -0.626752 -0.613792
0 46 -0.318304 -0.621568
1 46 -0.318304 -0.621568
2 46 -0.318304 -0.621568
0 47 0.640736 -0.58528
1 47 0.640736 -0.58528
2 47 0.640736 -0.58528
0 48 -0.258688 -0.528256
1 48 -0.258688 -0.528256
2 48 -0.258688 -0.528256
0 49 -0.554176 -0.58528
1 49 -0.554176 -0.58528
2 49 -0.554176 -0.58528
0 50 0.0699778 -0.604979
1 50 0.0699778 -0.604979
2 50 0.0699778 -0.604979
0 51 -0.601869 -0.61431
1 51 -0.601869 -0.617421
2 51 -0.601869 -0.617421
0 52 -0.489894 -0.813376
1 52 -0.489894 -0.813376
2 52 -0.489894 -0.813376
0 53 -0.68585 -0.636083
1 53 -0.68585 -0.636083
2 53 -0.68585 -0.636083
0 54 -0.626752 -0.6112
1 54 -0.626752 -0.61431
2 54 -0.626752 -0.61431
0 55 -0.387251 -0.461901
1 55 -0.387251 -0.461901
2 55 -0.387251 -0.461901
0 56 -0.228621 -0.617421
1 56 -0.228621 -0.617421
2 56 -0.228621 -0.617421
0 57 -0.698291 -0.863142
1 57 -0.698291 -0.863142
2 57 -0.698291 -0.863142
0 58 -0.679629 -0.695181
1 58 -0.679629 -0.695181
2 58 -0.679629 -0.695181
0 59 -0.272166 -0.309491
1 59 -0.272166 -0.309491
2 59 -0.272166 -0.309491
0 60 0.571375 -0.525975
1 60 0.571375 -0.525975
2 60 0.571375 -0.525975
0 61 -0.652879 -0.354281
1 61 -0.652879 -0.354281
2 61 -0.652879 -0.354281
0 62 -0.656612 -0.511045
1 62 -0.656612 -0.511045
2 62 -0.656612 -0.511045
0 63 -0.671542 -0.656612
1 63 -0.671542 -0.656612
2 63 -0.671542 -0.656612
0 64 -0.402803 -0.623019
1 64 -0.402803 -0.623019
2 64 -0.402803 -0.623019
0 65 0.086152 -0.660344
1 65 0.086152 -0.660344
2 65 0.086152 -0.660344
0 66 -0.372943 -0.623019
1 66 -0.372943 -0.623019
2 66 -0.372943 -0.623019
0 67 0.0712221 -0.604357
1 67 0.0712221 -0.604357
2 67 0.0712221 -0.604357
0 68 -0.02209 -0.664077
1 68 -0.02209 -0.664077
2 68 -0.02209 -0.664077
0 69 -0.477453 -0.298294
1 69 -0.477453 -0.302026
2 69 -0.477453 -0.302026
0 70 0.590037 -0.51851
1 70 0.590037 -0.51851
2 70 0.590037 -0.51851
0 71 -0.335618 -0.47372
1 71 -0.335618 -0.47372
2 71 -0.335618 -0.47372
0 72 -0.197517 -0.615554
1 72 -0.197517 -0.615554
2 72 -0.197517 -0.615554
