157
0 0 0.322917 -0.845833
1 0 0.322917 -0.844792
2 0 0.322917 -0.845833
0 1 0.361458 -0.619792
1 1 0.361458 -0.619792
2 1 0.361458 -0.619792
0 2 0.0739583 -0.73125
1 2 0.0739583 -0.73125
2 2 0.0739583 -0.73125
0 3 -0.15625 -0.525
1 3 -0.15625 -0.525
2 3 -0.15625 -0.525
0 4 0.532292 -0.594792
1 4 0.532292 -0.594792
2 4 0.532292 -0.594792
0 5 0.566667 -0.580208
1 5 0.566667 -0.579167
2 5 0.566667 -0.579167
0 6 -0.408333 -0.911458
1 6 -0.408333 -0.911458
2 6 -0.408333 -0.911458
0 7 0.484375 -0.591667
1 7 0.484375 -0.591667
2 7 0.484375 -0.591667
0 8 0.645833 -0.560417
1 8 0.645833 -0.559375
2 8 0.645833 -0.559375
0 9 0.56375 -0.57625
1 9 0.56375 -0.57625
2 9 0.56375 -0.57625
0 10 0.635 -0.575
1 10 0.635 -0.575
2 10 0.635 -0.575
0 11 0.6775 -0.56875
1 11 0.6775 -0.56875
2 11 0.6775 -0.56875
0 12 0.6175 -0.5525
1 12 0.6175 -0.5525
2 12 0.6175 -0.5525
0 13 0.36875 -0.61875
1 13 0.36875 -0.61875
2 13 0.36875 -0.61875
0 14 0.62625 -0.55125
1 14 0.62625 -0.55125
2 14 0.62625 -0.55125
0 15 0.5325 -0.595
1 15 0.5325 -0.595
2 15 0.5325 -0.595
0 16 0.55625 -0.58125
1 16 0.55625 -0.58125
2 16 0.55625 -0.58125
0 17 0.6275 -0.675
1 17 0.6275 -0.675
2 17 0.6275 -0.675
0 18 0.615 -0.54375
1 18 0.615 -0.54375
2 18 0.615 -0.54375
0 19 0.3225 -0.84625
1 19 0.3225 -0.84625
2 19 0.3225 -0.84625
0 20 0.57375 -0.57875
1 20 0.57375 -0.57875
2 20 0.57375 -0.57875
0 21 0.655 -0.55
1 21 0.655 -0.55
2 21 0.655 -0.55
0 22 -0.00999997 -0.37375
1 22 -0.00999997 -0.37375
2 22 -0.00999997 -0.37375
0 23 0.5075 -0.5755
1 23 0.5075 -0.5755
2 23 0.5075 -0.5755
0 24 0.662 -0.574
1 24 0.662 -0.5725
2 24 0.662 -0.5725
0 25 0.5735 -0.5785
1 25 0.5735 -0.5785
2 25 0.5735 -0.5785
0 26 0.5555 -0.5785
1 26 0.5555 -0.5785
2 26 0.5555 -0.5785
0 27 0.683 -0.556
1 27 0.683 -0.556
2 27 0.683 -0.556
0 28 0.6515 -0.5845
1 28 0.6515 -0.5845
2 28 0.6515 -0.5845
0 29 -0.679 -0.85
1 29 -0.679 -0.85
2 29 -0.679 -0.85
0 30 0.4535 -0.61
1 30 0.4535 -0.61
2 30 0.4535 -0.61
0 31 0.6395 -0.586
1 31 0.6395 -0.586
2 31 0.6395 -0.586
0 32 0.6545 -0.55
1 32 0.6545 -0.55
2 32 0.6545 -0.55
0 33 0.5105 -0.5875
1 33 0.5105 -0.5875
2 33 0.5105 -0.5875
0 34 0.668 -0.5455
1 34 0.668 -0.5455
2 34 0.668 -0.5455
0 35 0.533 -0.595
1 35 0.533 -0.595
2 35 0.533 -0.595
0 36 0.65 -0.538
1 36 0.65 -0.538
2 36 0.65 -0.538
0 37 -0.0175 -0.6685
1 37 -0.0175 -0.6685
2 37 -0.0175 -0.6685
0 38 0.6395 -0.5395
1 38 0.6395 -0.5395
2 38 0.6395 -0.5395
0 39 -0.6364 -0.2944
1 39 -0.6364 -0.2926
2 39 -0.6364 -0.2944
0 40 0.6236 -0.5896
1 40 0.6236 -0.5896
2 40 0.6236 -0.5896
0 41 0.6236 -0.541
1 41 0.6236 -0.541
2 41 0.6236 -0.541
0 42 0.6344 -0.577
1 42 0.6344 -0.577
2 42 0.6344 -0.577
0 43 0.6614 -0.5734
1 43 0.6614 -0.5734
2 43 0.6614 -0.5734
0 44 0.5498 -0.5968
1 44 0.5498 -0.5968
2 44 0.5498 -0.5968
0 45 0.5642 -0.5788
1 45 0.5642 -0.5788
2 45 0.5642 -0.5788
0 46 -0.4708 -0.3016
1 46 -0.4726 -0.3034
2 46 -0.4726 -0.3016
0 47 0.6272 -0.5518
1 47 0.6272 -0.5518
2 47 0.6272 -0.5518
0 48 -0.487 -0.811
1 48 -0.487 -0.811
2 48 -0.487 -0.811
0 49 -0.3754 -0.631
1 49 -0.3754 -0.631
2 49 -0.3754 -0.631
0 50 0.6542 -0.55
1 50 0.6542 -0.55
2 50 0.6542 -0.55
0 51 0.107 -0.6616
1 51 0.107 -0.6616
2 51 0.107 -0.6616
0 52 -0.199 -0.6256
1 52 -0.199 -0.6256
2 52 -0.199 -0.6256
0 53 -0.6166 -0.5068
1 53 -0.6166 -0.5068
2 53 -0.6166 -0.5068
0 54 -0.6796 -0.8506
1 54 -0.6796 -0.8506
2 54 -0.6796 -0.8506
0 55 0.6146 -0.5428
1 55 0.6146 -0.5428
2 55 0.6146 -0.5428
0 56 -0.658 -0.46
1 56 -0.658 -0.46
2 56 -0.658 -0.46
0 57 0.6182 -0.541
1 57 0.6182 -0.541
2 57 0.6182 -0.541
0 58 -0.4312 -0.5932
1 58 -0.4312 -0.5932
2 58 -0.4312 -0.5932
0 59 -0.6994 -0.8686
1 59 -0.6994 -0.8686
2 59 -0.6994 -0.8686
0 60 0.6398 -0.586
1 60 0.6398 -0.586
2 60 0.6398 -0.586
0 61 0.4796 -0.5788
1 61 0.4796 -0.5788
2 61 0.4796 -0.5788
0 62 -0.487 -0.8038
1 62 -0.487 -0.8038
2 62 -0.487 -0.8038
0 63 0.6452 -0.5374
1 63 0.6452 -0.5374
2 63 0.6452 -0.5374
0 64 0.6794 -0.5806
1 64 0.6794 -0.5806
2 64 0.6794 -0.5806
0 65 -0.19864 -0.55936
1 65 -0.19864 -0.55936
2 65 -0.19864 -0.55936
0 66 -0.63712 -0.29368
1 66 -0.63712 -0.29368
2 66 -0.63712 -0.29152
0 67 -0.69976 -0.86824
1 67 -0.69976 -0.86824
2 67 -0.69976 -0.86824
0 68 -0.0236799 -0.66304
1 68 -0.0236799 -0.66304
2 68 -0.0236799 -0.66304
0 69 0.63944 -0.58744
1 69 0.63944 -0.58744
2 69 0.63944 -0.58744
0 70 -0.47944 -0.30232
1 70 -0.47944 -0.30232
2 70 -0.47944 -0.30232
0 71 -0.47296 -0.30232
1 71 -0.47296 -0.30232
2 71 -0.47296 -0.30232
0 72 -0.68032 -0.85096
1 72 -0.68032 -0.85096
2 72 -0.68032 -0.85096
0 73 0.62216 -0.56584
1 73 0.62216 -0.56584
2 73 0.62216 -0.56584
0 74 0.62432 -0.5896
1 74 0.62432 -0.5896
2 74 0.62432 -0.5896
0 75 -0.64144 -0.29368
1 75 -0.64144 -0.29368
2 75 -0.64144 -0.29152
0 76 -0.37576 -0.63064
1 76 -0.37576 -0.63064
2 76 -0.37576 -0.63064
0 77 0.66536 -0.58312
1 77 0.66536 -0.58312
2 77 0.66536 -0.58312
0 78 -0.62848 -0.61552
1 78 -0.62848 -0.61552
2 78 -0.62848 -0.61552
0 79 -0.22024 -0.56368
1 79 -0.22024 -0.56368
2 79 -0.22024 -0.56368
0 80 -0.20512 -0.55936
1 80 -0.20512 -0.55936
2 80 -0.20512 -0.55936
0 81 0.6524 -0.58528
1 81 0.6524 -0.58528
2 81 0.6524 -0.58528
0 82 -0.48808 -0.80992
1 82 -0.48808 -0.80992
2 82 -0.48808 -0.80992
0 83 0.64808 -0.56152
1 83 0.64808 -0.56152
2 83 0.64808 -0.56152
0 84 -0.19864 -0.62416
1 84 -0.19864 -0.62416
2 84 -0.19864 -0.62416
0 85 -0.19432 -0.568
1 85 -0.19432 -0.568
2 85 -0.19432 -0.568
0 86 0.5552 -0.59176
1 86 0.5552 -0.59176
2 86 0.5552 -0.59176
0 87 -0.6004 -0.61984
1 87 -0.6004 -0.61984
2 87 -0.6004 -0.61984
0 88 -0.25912 -0.62632
1 88 -0.25912 -0.62632
2 88 -0.25912 -0.62632
0 89 0.0908001 -0.66304
1 89 0.0908001 -0.66304
2 89 0.0908001 -0.66304
0 90 0.4796 -0.5788
1 90 0.4796 -0.5788
2 90 0.4796 -0.5788
0 91 -0.55504 -0.5896
1 91 -0.55504 -0.5896
2 91 -0.55504 -0.5896
0 92 -0.484192 -0.797824
1 92 -0.484192 -0.797824
2 92 -0.484192 -0.797824
0 93 -0.219808 -0.564544
1 93 -0.219808 -0.564544
2 93 -0.219808 -0.564544
0 94 -0.699328 -0.867808
1 94 -0.699328 -0.867808
2 94 -0.699328 -0.867808
0 95 -0.258688 -0.53344
1 95 -0.258688 -0.530848
2 95 -0.258688 -0.530848
0 96 -0.616384 -0.600832
1 96 -0.616384 -0.600832
2 96 -0.616384 -0.600832
0 97 -0.626752 -0.616384
1 97 -0.626752 -0.616384
2 97 -0.626752 -0.616384
0 98 -0.473824 -0.302752
1 98 -0.473824 -0.302752
2 98 -0.473824 -0.302752
0 99 -0.479008 -0.302752
1 99 -0.479008 -0.302752
2 99 -0.479008 -0.302752
0 100 -0.204256 -0.556768
1 100 -0.204256 -0.556768
2 100 -0.204256 -0.556768
0 101 -0.375328 -0.629344
1 101 -0.375328 -0.629344
2 101 -0.375328 -0.629344
0 102 -0.0254078 -0.66304
1 102 -0.0254078 -0.66304
2 102 -0.0254078 -0.66304
0 103 -0.336448 -0.476416
1 103 -0.336448 -0.476416
2 103 -0.336448 -0.476416
0 104 -0.595648 -0.49456
1 104 -0.595648 -0.49456
2 104 -0.595648 -0.49456
0 105 -0.63712 -0.292384
1 105 -0.63712 -0.292384
2 105 -0.63712 -0.292384
0 106 0.0912323 -0.66304
1 106 0.0912323 -0.66304
2 106 0.0912323 -0.66304
0 107 0.640736 -0.590464
1 107 0.640736 -0.590464
2 107 0.640736 -0.590464
0 108 -0.354592 -0.517888
1 108 -0.354592 -0.517888
2 108 -0.354592 -0.517888
0 109 0.640736 -0.432352
1 109 0.640736 -0.432352
2 109 0.640736 -0.432352
0 110 -0.230176 -0.62416
1 110 -0.230176 -0.62416
2 110 -0.230176 -0.62416
0 111 -0.42976 -0.631936
1 111 -0.42976 -0.631936
2 111 -0.42976 -0.631936
0 112 -0.19648 -0.31312
1 112 -0.19648 -0.31312
2 112 -0.19648 -0.31312
0 113 0.63296 -0.590464
1 113 0.63296 -0.590464
2 113 0.63296 -0.590464
0 114 0.713312 -0.344224
1 114 0.713312 -0.344224
2 114 0.713312 -0.344224
0 115 -0.681184 -0.852256
1 115 -0.681184 -0.852256
2 115 -0.681184 -0.852256
0 116 -0.489894 -0.816486
1 116 -0.489894 -0.816486
2 116 -0.489894 -0.816486
0 117 -0.337485 -0.477453
1 117 -0.337485 -0.477453
2 117 -0.337485 -0.477453
0 118 0.0668674 -0.60809
1 118 0.0668674 -0.60809
2 118 0.0668674 -0.60809
0 119 -0.0233341 -0.664077
1 119 -0.0233341 -0.664077
2 119 -0.0233341 -0.664077
0 120 -0.626752 -0.617421
1 120 -0.626752 -0.617421
2 120 -0.626752 -0.617421
0 121 -0.216179 -0.555213
1 121 -0.216179 -0.555213
2 121 -0.216179 -0.555213
0 122 -0.402803 -0.629862
1 122 -0.402803 -0.629862
2 122 -0.402803 -0.629862
0 123 0.545869 -0.499225
1 123 0.545869 -0.499225
2 123 0.545869 -0.499225
0 124 0.639181 -0.452569
1 124 0.639181 -0.452569
2 124 0.639181 -0.452569
0 125 0.654733 -0.421465
1 125 0.654733 -0.421465
2 125 0.654733 -0.421465
0 126 -0.259725 -0.530329
1 126 -0.259725 -0.530329
2 126 -0.259725 -0.530329
0 127 -0.387251 -0.465011
1 127 -0.387251 -0.465011
2 127 -0.387251 -0.465011
0 128 -0.371699 -0.580096
1 128 -0.371699 -0.580096
2 128 -0.371699 -0.580096
0 129 0.713831 -0.343705
1 129 0.713831 -0.343705
2 129 0.713831 -0.343705
0 130 -0.595648 -0.493005
1 130 -0.595648 -0.493005
2 130 -0.595648 -0.493005
0 131 -0.645414 -0.38103
1 131 -0.645414 -0.38103
2 131 -0.645414 -0.38103
0 132 -0.197517 -0.620531
1 132 -0.197517 -0.620531
2 132 -0.197517 -0.620531
0 133 -0.698291 -0.866253
1 133 -0.698291 -0.866253
2 133 -0.698291 -0.866253
0 134 -0.374809 -0.626752
1 134 -0.374809 -0.626752
2 134 -0.374809 -0.626752
0 135 -0.486784 -0.797824
1 135 -0.486784 -0.797824
2 135 -0.486784 -0.797824
0 136 0.113523 -0.430797
1 136 0.113523 -0.430797
2 136 0.113523 -0.430797
0 137 -0.0388861 -0.496115
1 137 -0.0388861 -0.496115
2 137 -0.0388861 -0.496115
0 138 -0.372943 -0.626752
1 138 -0.372943 -0.626752
2 138 -0.372943 -0.626752
0 139 0.653489 -0.421465
1 139 0.653489 -0.421465
2 139 0.653489 -0.421465
0 140 -0.656612 -0.514777
1 140 -0.656612 -0.514777
2 140 -0.656612 -0.514777
0 141 -0.634217 -0.634217
1 141 -0.634217 -0.634217
2 141 -0.634217 -0.634217
0 142 -0.231109 -0.623019
1 142 -0.231109 -0.623019
2 142 -0.231109 -0.623019
0 143 0.545247 -0.499848
1 143 0.545247 -0.499848
2 143 0.545247 -0.499848
0 144 -0.626752 -0.619287
1 144 -0.626752 -0.619287
2 144 -0.626752 -0.619287
0 145 -0.615554 -0.600625
1 145 -0.615554 -0.600625
2 145 -0.615554 -0.600625
0 146 -0.671542 -0.660344
1 146 -0.671542 -0.660344
2 146 -0.671542 -0.660344
0 147 0.086152 -0.664077
1 147 0.086152 -0.664077
2 147 0.086152 -0.664077
0 148 -0.02209 -0.667809
1 148 -0.02209 -0.667809
2 148 -0.02209 -0.667809
0 149 0.4594 -0.671542
1 149 0.4594 -0.671542
2 149 0.4594 -0.671542
0 150 -0.552102 -0.589427
1 150 -0.552102 -0.589427
2 150 -0.552102 -0.589427
0 151 -0.477453 -0.302026
1 151 -0.477453 -0.302026
2 151 -0.477453 -0.302026
0 152 -0.604357 -0.623019
1 152 -0.604357 -0.623019
2 152 -0.604357 -0.623019
0 153 -0.354281 -0.51851
1 153 -0.354281 -0.51851
2 153 -0.354281 -0.51851
0 154 -0.492383 -0.817108
1 154 -0.492383 -0.817108
2 154 -0.492383 -0.817108
0 155 0.590037 -0.522242
1 155 0.590037 -0.522242
2 155 0.590037 -0.522242
0 156 -0.484918 -0.798446
1 156 -0.484918 -0.798446
2 156 -0.484918 -0.798446
