95
0 0 0.61875 -0.553125
1 0 0.61875 -0.552083
2 0 0.61875 -0.552083
0 1 -0.398958 -0.504167
1 1 -0.398958 -0.503125
2 1 -0.398958 -0.503125
0 2 0.363542 -0.620833
1 2 0.363542 -0.619792
2 2 0.363542 -0.619792
0 3 0.320833 -0.904167
1 3 0.320833 -0.903125
2 3 0.320833 -0.903125
0 4 0.66125 -0.5625
1 4 0.66125 -0.56125
2 4 0.66125 -0.56125
0 5 0.64125 -0.58625
1 5 0.64125 -0.585
2 5 0.64125 -0.585
0 6 0.51375 -0.58875
1 6 0.51375 -0.5875
2 6 0.51375 -0.5875
0 7 -0.484 -0.8125
1 7 -0.484 -0.811
2 7 -0.484 -0.811
0 8 0.545 -0.5815
1 8 0.545 -0.5815
2 8 0.545 -0.5815
0 9 0.6215 -0.595
1 9 0.6215 -0.5935
2 9 0.6215 -0.5935
0 10 -0.2185 -0.562
1 10 -0.2185 -0.5605
2 10 -0.2185 -0.5605
0 11 0.6815 -0.58
1 11 0.6815 -0.58
2 11 0.6815 -0.58
0 12 0.4085 -0.6715
1 12 0.4085 -0.6715
2 12 0.4085 -0.6715
0 13 -0.4852 -0.811
1 13 -0.4852 -0.811
2 13 -0.4852 -0.811
0 14 0.638 -0.577
1 14 0.638 -0.577
2 14 0.638 -0.577
0 15 0.116 -0.6616
1 15 0.116 -0.6616
2 15 0.116 -0.6616
0 16 -0.469 -0.3034
1 16 -0.469 -0.3034
2 16 -0.469 -0.3034
0 17 0.566 -0.5788
1 17 0.566 -0.5788
2 17 0.566 -0.5788
0 18 0.4814 -0.5788
1 18 0.4814 -0.5788
2 18 0.4814 -0.5788
0 19 0.6254 -0.5896
1 19 0.6254 -0.5896
2 19 0.6254 -0.5896
0 20 -0.676 -0.8506
1 20 -0.676 -0.8506
2 20 -0.676 -0.8506
0 21 0.6794 -0.5698
1 21 0.6794 -0.5698
2 21 0.6794 -0.5698
0 22 -0.6256 -0.6166
1 22 -0.6256 -0.6166
2 22 -0.6256 -0.6166
0 23 0.6218 -0.541
1 23 0.6218 -0.541
2 23 0.6218 -0.541
0 24 0.6542 -0.5842
1 24 0.6542 -0.5842
2 24 0.6542 -0.5842
0 25 0.6164 -0.5428
1 25 0.6164 -0.5428
2 25 0.6164 -0.5428
0 26 0.63728 -0.57664
1 26 0.63728 -0.57664
2 26 0.63728 -0.57664
0 27 0.6416 -0.58744
1 27 0.6416 -0.58744
2 27 0.6416 -0.58744
0 28 0.62648 -0.5896
1 28 0.62648 -0.5896
2 28 0.62648 -0.5896
0 29 0.68048 -0.57016
1 29 0.68048 -0.57016
2 29 0.68048 -0.57016
0 30 -0.42328 -0.30664
1 30 -0.42328 -0.30664
2 30 -0.42328 -0.30664
0 31 -0.19648 -0.62416
1 31 -0.19648 -0.62416
2 31 -0.19648 -0.62416
0 32 -0.39088 -0.50752
1 32 -0.39088 -0.50752
2 32 -0.39088 -0.50752
0 33 0.65456 -0.58528
1 33 0.65456 -0.58528
2 33 0.65456 -0.58528
0 34 0.0929601 -0.66304
1 34 0.0929601 -0.66304
2 34 0.0929601 -0.66304
0 35 -0.61336 -0.60256
1 35 -0.61336 -0.60256
2 35 -0.61336 -0.60256
0 36 -0.20296 -0.55936
1 36 -0.20296 -0.55936
2 36 -0.20296 -0.55936
0 37 -0.63928 -0.29368
1 37 -0.63928 -0.29368
2 37 -0.63928 -0.29368
0 38 -0.59824 -0.61984
1 38 -0.59824 -0.61984
2 38 -0.59824 -0.61984
0 39 0.62 -0.55504
1 39 0.62 -0.55504
2 39 0.62 -0.55288
0 40 -0.0539199 -0.62848
1 40 -0.0539199 -0.62848
2 40 -0.0539199 -0.62848
0 41 -0.63496 -0.29584
1 41 -0.63496 -0.29368
2 41 -0.63496 -0.29368
0 42 -0.4276 -0.6328
1 42 -0.4276 -0.6328
2 42 -0.4276 -0.6328
0 43 -0.333856 -0.476416
1 43 -0.333856 -0.476416
2 43 -0.333856 -0.476416
0 44 -0.352 -0.517888
1 44 -0.352 -0.517888
2 44 -0.352 -0.517888
0 45 0.715904 -0.344224
1 45 0.715904 -0.344224
2 45 0.715904 -0.344224
0 46 -0.372736 -0.629344
1 46 -0.372736 -0.629344
2 46 -0.372736 -0.629344
0 47 -0.0305918 -0.497152
1 47 -0.0305918 -0.497152
2 47 -0.0305918 -0.497152
0 48 -0.315712 -0.626752
1 48 -0.315712 -0.626752
2 48 -0.315712 -0.626752
0 49 -0.256096 -0.53344
1 49 -0.256096 -0.53344
2 49 -0.256096 -0.530848
0 50 -0.401248 -0.631936
1 50 -0.401248 -0.631936
2 50 -0.401248 -0.631936
0 51 -0.427168 -0.631936
1 51 -0.427168 -0.631936
2 51 -0.427168 -0.631936
0 52 -0.344224 -0.4816
1 52 -0.344224 -0.4816
2 52 -0.344224 -0.4816
0 53 -0.227584 -0.62416
1 53 -0.227584 -0.62416
2 53 -0.227584 -0.62416
0 54 -0.634528 -0.294976
1 54 -0.634528 -0.294976
2 54 -0.634528 -0.294976
0 55 -0.696736 -0.8704
1 55 -0.696736 -0.867808
2 55 -0.696736 -0.867808
0 56 -0.59824 -0.621568
1 56 -0.59824 -0.621568
2 56 -0.59824 -0.621568
0 57 -0.606016 -0.59824
1 57 -0.606016 -0.59824
2 57 -0.606016 -0.59824
0 58 -0.486784 -0.81856
1 58 -0.486784 -0.81856
2 58 -0.486784 -0.815968
0 59 -0.217216 -0.564544
1 59 -0.217216 -0.564544
2 59 -0.217216 -0.564544
0 60 0.0938243 -0.66304
1 60 0.0938243 -0.66304
2 60 0.0938243 -0.66304
0 61 0.635552 -0.590464
1 61 0.635552 -0.590464
2 61 0.635552 -0.590464
0 62 -0.62416 -0.618976
1 62 -0.62416 -0.616384
2 62 -0.62416 -0.616384
0 63 -0.667187 -0.660966
1 63 -0.667187 -0.660966
2 63 -0.667187 -0.660966
0 64 -0.399693 -0.629862
1 64 -0.399693 -0.629862
2 64 -0.399693 -0.629862
0 65 0.0699778 -0.60809
1 65 0.0699778 -0.60809
2 65 0.0699778 -0.60809
0 66 0.545869 -0.499225
1 66 0.545869 -0.499225
2 66 0.545869 -0.499225
0 67 -0.623641 -0.617421
1 67 -0.623641 -0.617421
2 67 -0.623641 -0.617421
0 68 0.657844 -0.421465
1 68 0.657844 -0.421465
2 68 0.657844 -0.421465
0 69 -0.486784 -0.816486
1 69 -0.486784 -0.816486
2 69 -0.486784 -0.816486
0 70 -0.256614 -0.530329
1 70 -0.256614 -0.530329
2 70 -0.256614 -0.530329
0 71 -0.228621 -0.623641
1 71 -0.228621 -0.623641
2 71 -0.228621 -0.623641
0 72 -0.0326653 -0.496115
1 72 -0.0326653 -0.496115
2 72 -0.0326653 -0.496115
0 73 -0.384141 -0.465011
1 73 -0.384141 -0.465011
2 73 -0.384141 -0.465011
0 74 -0.368589 -0.580096
1 74 -0.368589 -0.580096
2 74 -0.368589 -0.580096
0 75 -0.353037 -0.517888
1 75 -0.353037 -0.517888
2 75 -0.353037 -0.517888
0 76 -0.695181 -0.866253
1 76 -0.695181 -0.866253
2 76 -0.695181 -0.866253
0 77 0.54898 -0.499848
1 77 0.54898 -0.499848
2 77 0.54898 -0.499848
0 78 -0.667809 -0.660344
1 78 -0.667809 -0.660344
2 78 -0.667809 -0.660344
0 79 -0.652879 -0.514777
1 79 -0.652879 -0.514777
2 79 -0.652879 -0.514777
0 80 -0.600625 -0.623019
1 80 -0.600625 -0.623019
2 80 -0.600625 -0.623019
0 81 -0.611822 -0.600625
1 81 -0.611822 -0.600625
2 81 -0.611822 -0.600625
0 82 -0.623019 -0.619287
1 82 -0.623019 -0.619287
2 82 -0.623019 -0.619287
0 83 -0.48865 -0.817108
1 83 -0.48865 -0.817108
2 83 -0.48865 -0.817108
0 84 -0.54837 -0.589427
1 84 -0.54837 -0.589427
2 84 -0.54837 -0.589427
0 85 -0.682739 -0.641682
1 85 -0.682739 -0.641682
2 85 -0.682739 -0.641682
0 86 0.0898844 -0.664077
1 86 0.0898844 -0.664077
2 86 0.0898844 -0.664077
0 87 -0.350548 -0.51851
1 87 -0.350548 -0.51851
2 87 -0.350548 -0.51851
0 88 -0.384141 -0.466255
1 88 -0.384141 -0.466255
2 88 -0.384141 -0.466255
0 89 -0.227376 -0.623019
1 89 -0.227376 -0.623019
2 89 -0.227376 -0.623019
0 90 -0.197517 -0.623019
1 90 -0.197517 -0.623019
2 90 -0.197517 -0.623019
0 91 -0.630484 -0.634217
1 91 -0.630484 -0.634217
2 91 -0.630484 -0.634217
0 92 -0.47372 -0.305759
1 92 -0.47372 -0.305759
2 92 -0.47372 -0.305759
0 93 0.657222 -0.421465
1 93 0.657222 -0.421465
2 93 0.657222 -0.421465
0 94 -0.02209 -0.667809
1 94 -0.02209 -0.667809
2 94 -0.02209 -0.667809
