86
0 0 -0.29375 -0.573958
1 0 -0.29375 -0.575
2 0 -0.29375 -0.575
0 1 -0.0302083 -0.676042
1 1 -0.0302083 -0.677083
2 1 -0.0302083 -0.677083
0 2 -0.372917 -0.522917
1 2 -0.372917 -0.523958
2 2 -0.372917 -0.523958
0 3 0.62625 -0.54375
1 3 0.62625 -0.545
2 3 0.62625 -0.545
0 4 0.36875 -0.61125
1 4 0.36875 -0.6125
2 4 0.36875 -0.6125
0 5 -0.19625 -0.55125
1 5 -0.19625 -0.5525
2 5 -0.19625 -0.5525
0 6 0.48 -0.56875
1 6 0.48 -0.57
2 6 0.48 -0.57
0 7 -0.20875 -0.4975
1 7 -0.20875 -0.49875
2 7 -0.20875 -0.49875
0 8 0.6825 -0.5475
1 8 0.6825 -0.54875
2 8 0.6825 -0.54875
0 9 0.518 -0.5785
1 9 0.518 -0.58
2 9 0.518 -0.58
0 10 0.6695 -0.5395
1 10 0.6695 -0.541
2 10 0.6695 -0.541
0 11 0.674 -0.5515
1 11 0.674 -0.553
2 11 0.674 -0.553
0 12 0.677 -0.5635
1 12 0.677 -0.565
2 12 0.677 -0.565
0 13 0.6515 -0.577
1 13 0.6515 -0.577
2 13 0.6515 -0.577
0 14 0.4535 -0.574
1 14 0.4535 -0.5755
2 14 0.4535 -0.5755
0 15 -0.403 -0.625
1 15 -0.403 -0.6265
2 15 -0.403 -0.6265
0 16 0.665 -0.574
1 16 0.665 -0.5755
2 16 0.665 -0.5755
0 17 0.623 -0.5335
1 17 0.6245 -0.535
2 17 0.6245 -0.535
0 18 -0.1975 -0.5515
1 18 -0.1975 -0.553
2 18 -0.1975 -0.553
0 19 -0.487 -0.802
1 19 -0.487 -0.8038
2 19 -0.487 -0.8038
0 20 0.5732 -0.5698
1 20 0.5732 -0.5698
2 20 0.5732 -0.5698
0 21 0.6236 -0.5824
1 21 0.6236 -0.5824
2 21 0.6236 -0.5824
0 22 -0.6994 -0.8596
1 22 -0.6994 -0.8614
2 22 -0.6994 -0.8614
0 23 -0.2206 -0.5536
1 23 -0.2206 -0.5554
2 23 -0.2206 -0.5554
0 24 -0.6796 -0.8416
1 24 -0.6796 -0.8434
2 24 -0.6796 -0.8434
0 25 0.6146 -0.5356
1 25 0.6146 -0.5356
2 25 0.6146 -0.5356
0 26 0.6236 -0.5338
1 26 0.6236 -0.5338
2 26 0.6236 -0.5338
0 27 -0.6292 -0.6076
1 27 -0.6292 -0.6094
2 27 -0.6292 -0.6094
0 28 -0.6418 -0.2854
1 28 -0.6418 -0.2872
2 28 -0.6418 -0.2872
0 29 0.6686 -0.5392
1 29 0.6686 -0.5392
2 29 0.6686 -0.5392
0 30 0.0908001 -0.6544
1 30 0.0908001 -0.65656
2 30 0.0908001 -0.65656
0 31 0.47312 -0.6004
1 31 0.47312 -0.6004
2 31 0.47312 -0.6004
0 32 0.62432 -0.58312
1 32 0.62432 -0.58312
2 32 0.62432 -0.58312
0 33 -0.62848 -0.60904
1 33 -0.62848 -0.60904
2 33 -0.62848 -0.60904
0 34 -0.22024 -0.55504
1 34 -0.22024 -0.5572
2 34 -0.22024 -0.5572
0 35 -0.48808 -0.80128
1 35 -0.48808 -0.80344
2 35 -0.48808 -0.80344
0 36 0.6524 -0.5788
1 36 0.6524 -0.5788
2 36 0.6524 -0.5788
0 37 -0.0258399 -0.6544
1 37 -0.0258399 -0.65656
2 37 -0.0258399 -0.65656
0 38 0.66536 -0.57664
1 38 0.66536 -0.57664
2 38 0.66536 -0.57664
0 39 -0.37576 -0.622
1 39 -0.37576 -0.62416
2 39 -0.37576 -0.62416
0 40 -0.40384 -0.62416
1 40 -0.40384 -0.62416
2 40 -0.40384 -0.62416
0 41 -0.69976 -0.8596
1 41 -0.69976 -0.86176
2 41 -0.69976 -0.86176
0 42 0.1124 -0.6544
1 42 0.1124 -0.6544
2 42 0.1124 -0.6544
0 43 0.10592 -0.6544
1 43 0.10592 -0.6544
2 43 0.10592 -0.6544
0 44 -0.68032 -0.84232
1 44 -0.68032 -0.84448
2 44 -0.68032 -0.84448
0 45 -0.699328 -0.860032
1 45 -0.699328 -0.860032
2 45 -0.699328 -0.860032
0 46 -0.346816 -0.473824
1 46 -0.346816 -0.473824
2 46 -0.346816 -0.473824
0 47 -0.626752 -0.608608
1 47 -0.626752 -0.6112
2 47 -0.626752 -0.6112
0 48 -0.595648 -0.486784
1 48 -0.595648 -0.486784
2 48 -0.595648 -0.486784
0 49 -0.0331838 -0.489376
1 49 -0.0331838 -0.489376
2 49 -0.0331838 -0.489376
0 50 -0.600832 -0.6112
1 50 -0.600832 -0.613792
2 50 -0.600832 -0.613792
0 51 -0.199072 -0.613792
1 51 -0.199072 -0.616384
2 51 -0.199072 -0.616384
0 52 -0.230176 -0.616384
1 52 -0.230176 -0.616384
2 52 -0.230176 -0.618976
0 53 -0.40384 -0.621568
1 53 -0.40384 -0.62416
2 53 -0.40384 -0.62416
0 54 -0.258688 -0.525664
1 54 -0.258688 -0.525664
2 54 -0.258688 -0.525664
0 55 -0.63712 -0.2872
1 55 -0.63712 -0.2872
2 55 -0.63712 -0.2872
0 56 0.625184 -0.58528
1 56 0.625184 -0.58528
2 56 0.625184 -0.58528
0 57 0.472256 -0.600832
1 57 0.472256 -0.600832
2 57 0.472256 -0.600832
0 58 -0.199072 -0.307936
1 58 -0.199072 -0.307936
2 58 -0.199072 -0.307936
0 59 0.0471682 -0.458272
1 59 0.0471682 -0.458272
2 59 0.0471682 -0.458272
0 60 -0.42976 -0.62416
1 60 -0.42976 -0.62416
2 60 -0.42976 -0.62416
0 61 0.654733 -0.415245
1 61 0.654733 -0.415245
2 61 0.654733 -0.415245
0 62 -0.626752 -0.6112
1 62 -0.626752 -0.6112
2 62 -0.626752 -0.6112
0 63 -0.489894 -0.810266
1 63 -0.489894 -0.810266
2 63 -0.489894 -0.810266
0 64 -0.0979837 -0.524109
1 64 -0.0979837 -0.524109
2 64 -0.0979837 -0.524109
0 65 -0.259725 -0.617421
1 65 -0.259725 -0.617421
2 65 -0.259725 -0.617421
0 66 0.642292 -0.433907
1 66 0.642292 -0.433907
2 66 0.642292 -0.433907
0 67 -0.197517 -0.61431
1 67 -0.197517 -0.61431
2 67 -0.197517 -0.61431
0 68 -0.698291 -0.860032
1 68 -0.698291 -0.860032
2 68 -0.698291 -0.860032
0 69 -0.259725 -0.524109
1 69 -0.259725 -0.524109
2 69 -0.259725 -0.524109
0 70 -0.634217 -0.626752
1 70 -0.634217 -0.626752
2 70 -0.634217 -0.626752
0 71 -0.656612 -0.507312
1 71 -0.656612 -0.507312
2 71 -0.656612 -0.507312
0 72 -0.387873 -0.45879
1 72 -0.387873 -0.45879
2 72 -0.387873 -0.45879
0 73 0.653489 -0.414
1 73 0.653489 -0.414
2 73 0.653489 -0.414
0 74 -0.615554 -0.59316
1 74 -0.615554 -0.59316
2 74 -0.615554 -0.59316
0 75 -0.02209 -0.660344
1 75 -0.02209 -0.660344
2 75 -0.02209 -0.660344
0 76 -0.626752 -0.611822
1 76 -0.626752 -0.611822
2 76 -0.626752 -0.611822
0 77 -0.604357 -0.615554
1 77 -0.604357 -0.615554
2 77 -0.604357 -0.615554
0 78 -0.671542 -0.652879
1 78 -0.671542 -0.652879
2 78 -0.671542 -0.652879
0 79 0.545247 -0.492383
1 79 0.545247 -0.492383
2 79 0.545247 -0.492383
0 80 -0.231109 -0.615554
1 80 -0.231109 -0.615554
2 80 -0.231109 -0.615554
0 81 0.086152 -0.656612
1 81 0.086152 -0.656612
2 81 0.086152 -0.656612
0 82 -0.477453 -0.298294
1 82 -0.477453 -0.298294
2 82 -0.477453 -0.298294
0 83 -0.552102 -0.581962
1 83 -0.552102 -0.581962
2 83 -0.552102 -0.581962
0 84 -0.697669 -0.858166
1 84 -0.697669 -0.861898
2 84 -0.697669 -0.861898
0 85 -0.0370199 -0.48865
1 85 -0.0370199 -0.48865
2 85 -0.0370199 -0.48865
