174
0 0 0.552083 -0.596875
1 0 0.552083 -0.596875
2 0 0.552083 -0.596875
0 1 0.455208 -0.584375
1 1 0.455208 -0.584375
2 1 0.455208 -0.584375
0 2 0.0291667 -0.646875
1 2 0.0291667 -0.646875
2 2 0.0291667 -0.646875
0 3 0.541667 -0.569792
1 3 0.541667 -0.569792
2 3 0.541667 -0.569792
0 4 0.0739583 -0.73125
1 4 0.0739583 -0.73125
2 4 0.0739583 -0.73125
0 5 0.519792 -0.586458
1 5 0.519792 -0.586458
2 5 0.519792 -0.586458
0 6 -0.0260417 -0.704167
1 6 -0.0260417 -0.704167
2 6 -0.0260417 -0.704167
0 7 0.361458 -0.619792
1 7 0.361458 -0.619792
2 7 0.361458 -0.619792
0 8 0.633333 -0.575
1 8 0.633333 -0.575
2 8 0.633333 -0.575
0 9 0.6275 -0.675
1 9 0.6275 -0.675
2 9 0.6275 -0.675
0 10 0.6525 -0.575
1 10 0.6525 -0.57625
2 10 0.6525 -0.57625
0 11 0.62375 -0.57625
1 11 0.62375 -0.57625
2 11 0.62375 -0.57625
0 12 0.56375 -0.57625
1 12 0.56375 -0.57625
2 12 0.56375 -0.57625
0 13 0.5525 -0.565
1 13 0.5525 -0.565
2 13 0.5525 -0.565
0 14 0.64375 -0.54875
1 14 0.64375 -0.54875
2 14 0.64375 -0.54875
0 15 0.57375 -0.57875
1 15 0.57375 -0.57875
2 15 0.57375 -0.57875
0 16 0.655 -0.55
1 16 0.655 -0.55
2 16 0.655 -0.55
0 17 0.455 -0.58375
1 17 0.455 -0.58375
2 17 0.455 -0.58375
0 18 0.3225 -0.84625
1 18 0.3225 -0.84625
2 18 0.3225 -0.84625
0 19 0.51 -0.585
1 19 0.51 -0.585
2 19 0.51 -0.585
0 20 0.6825 -0.55625
1 20 0.6825 -0.55625
2 20 0.6825 -0.55625
0 21 -0.67875 -0.85
1 21 -0.67875 -0.85
2 21 -0.67875 -0.85
0 22 0.36125 -0.62
1 22 0.36125 -0.62
2 22 0.36125 -0.62
0 23 0.52 -0.58625
1 23 0.52 -0.58625
2 23 0.52 -0.58625
0 24 0.683 -0.556
1 24 0.683 -0.556
2 24 0.683 -0.556
0 25 0.533 -0.595
1 25 0.533 -0.595
2 25 0.533 -0.595
0 26 0.6545 -0.55
1 26 0.6545 -0.55
2 26 0.6545 -0.55
0 27 0.5555 -0.5785
1 27 0.5555 -0.5785
2 27 0.5555 -0.5785
0 28 0.6515 -0.5845
1 28 0.6515 -0.5845
2 28 0.6515 -0.5845
0 29 0.5735 -0.5785
1 29 0.5735 -0.5785
2 29 0.5735 -0.5785
0 30 0.5105 -0.5875
1 30 0.5105 -0.5875
2 30 0.5105 -0.5875
0 31 0.479 -0.577
1 31 0.479 -0.577
2 31 0.479 -0.577
0 32 0.4895 -0.577
1 32 0.4895 -0.577
2 32 0.4895 -0.577
0 33 0.497 -0.574
1 33 0.497 -0.574
2 33 0.497 -0.574
0 34 0.617 -0.553
1 34 0.617 -0.553
2 34 0.617 -0.553
0 35 0.662 -0.5725
1 35 0.662 -0.574
2 35 0.662 -0.574
0 36 0.6275 -0.6745
1 36 0.6275 -0.6745
2 36 0.6275 -0.6745
0 37 0.644 -0.5515
1 37 0.644 -0.5515
2 37 0.644 -0.5515
0 38 0.5315 -0.5995
1 38 0.5315 -0.5995
2 38 0.5315 -0.5995
0 39 0.551 -0.5965
1 39 0.551 -0.5965
2 39 0.551 -0.5965
0 40 0.518 -0.586
1 40 0.518 -0.586
2 40 0.518 -0.586
0 41 0.6395 -0.5395
1 41 0.6395 -0.5395
2 41 0.6395 -0.5395
0 42 0.665 -0.5815
1 42 0.665 -0.5815
2 42 0.665 -0.5815
0 43 -0.679 -0.85
1 43 -0.679 -0.85
2 43 -0.679 -0.85
0 44 0.6395 -0.586
1 44 0.6395 -0.586
2 44 0.6395 -0.586
0 45 0.6272 -0.5518
1 45 0.6272 -0.5518
2 45 0.6272 -0.5518
0 46 -0.2044 -0.559
1 46 -0.2044 -0.559
2 46 -0.2044 -0.559
0 47 0.5642 -0.5788
1 47 0.5642 -0.5788
2 47 0.5642 -0.5788
0 48 0.6506 -0.5752
1 48 0.6506 -0.5752
2 48 0.6506 -0.5752
0 49 0.665 -0.5824
1 49 0.665 -0.5824
2 49 0.665 -0.5824
0 50 -0.0981999 -0.532
1 50 -0.0981999 -0.532
2 50 -0.0981999 -0.532
0 51 0.6416 -0.442
1 51 0.6416 -0.442
2 51 0.6416 -0.442
0 52 0.6236 -0.5896
1 52 0.6236 -0.5896
2 52 0.6236 -0.5896
0 53 -0.487 -0.811
1 53 -0.487 -0.811
2 53 -0.487 -0.811
0 54 0.6452 -0.5374
1 54 0.6452 -0.5374
2 54 0.6452 -0.5374
0 55 0.0530001 -0.4492
1 55 0.0530001 -0.4492
2 55 0.0530001 -0.4492
0 56 -0.2206 -0.5626
1 56 -0.2206 -0.5626
2 56 -0.2206 -0.5626
0 57 0.6146 -0.5428
1 57 0.6146 -0.5428
2 57 0.6146 -0.5428
0 58 -0.6796 -0.8506
1 58 -0.6796 -0.8506
2 58 -0.6796 -0.8506
0 59 0.4796 -0.5788
1 59 0.4796 -0.5788
2 59 0.4796 -0.5788
0 60 0.6254 -0.5788
1 60 0.6254 -0.5788
2 60 0.6254 -0.5788
0 61 -0.3754 -0.631
1 61 -0.3754 -0.631
2 61 -0.3754 -0.631
0 62 -0.6994 -0.8686
1 62 -0.6994 -0.8686
2 62 -0.6994 -0.8686
0 63 0.107 -0.6616
1 63 0.107 -0.6616
2 63 0.107 -0.6616
0 64 0.4742 -0.6076
1 64 0.4742 -0.6076
2 64 0.4742 -0.6076
0 65 -0.658 -0.46
1 65 -0.658 -0.46
2 65 -0.658 -0.46
0 66 0.6398 -0.586
1 66 0.6398 -0.586
2 66 0.6398 -0.586
0 67 -0.6166 -0.5068
1 67 -0.6166 -0.5068
2 67 -0.6166 -0.5068
0 68 0.6794 -0.5806
1 68 0.6794 -0.5806
2 68 0.6794 -0.5806
0 69 0.539 -0.568
1 69 0.539 -0.568
2 69 0.539 -0.568
0 70 0.55088 -0.59608
1 70 0.55088 -0.59608
2 70 0.55088 -0.59608
0 71 0.64808 -0.56152
1 71 0.64808 -0.56152
2 71 0.64808 -0.56152
0 72 -0.19432 -0.31312
1 72 -0.19648 -0.31312
2 72 -0.19432 -0.31312
0 73 -0.20512 -0.55936
1 73 -0.20512 -0.55936
2 73 -0.20512 -0.55936
0 74 -0.19864 -0.62416
1 74 -0.19864 -0.62416
2 74 -0.19864 -0.62416
0 75 0.512 -0.58744
1 75 0.512 -0.58744
2 75 0.512 -0.58744
0 76 0.0800002 -0.6652
1 76 0.0800002 -0.6652
2 76 0.0800002 -0.6652
0 77 -0.22888 -0.62632
1 77 -0.22888 -0.62632
2 77 -0.22888 -0.62632
0 78 0.62216 -0.56584
1 78 0.62216 -0.56584
2 78 0.62216 -0.56584
0 79 0.6848 -0.5572
1 79 0.6848 -0.5572
2 79 0.6848 -0.5572
0 80 -0.68032 -0.85096
1 80 -0.68032 -0.85096
2 80 -0.68032 -0.85096
0 81 -0.6004 -0.61984
1 81 -0.6004 -0.61984
2 81 -0.6004 -0.61984
0 82 0.67832 -0.57016
1 82 0.67832 -0.57016
2 82 0.67832 -0.57016
0 83 -0.62848 -0.61552
1 83 -0.62848 -0.61552
2 83 -0.62848 -0.61552
0 84 0.10808 -0.66088
1 84 0.10808 -0.66304
2 84 0.10808 -0.66304
0 85 -0.22024 -0.56368
1 85 -0.22024 -0.56368
2 85 -0.22024 -0.56368
0 86 -0.0992798 -0.53128
1 86 -0.0992798 -0.53128
2 86 -0.0992798 -0.53128
0 87 -0.47944 -0.30232
1 87 -0.47944 -0.30232
2 87 -0.47944 -0.30232
0 88 -0.69976 -0.86824
1 88 -0.69976 -0.86824
2 88 -0.69976 -0.86824
0 89 -0.47296 -0.30232
1 89 -0.47296 -0.30232
2 89 -0.47296 -0.30232
0 90 -0.19432 -0.568
1 90 -0.19432 -0.568
2 90 -0.19432 -0.568
0 91 0.1124 -0.65872
1 91 0.1124 -0.66088
2 91 0.1124 -0.66088
0 92 -0.0236799 -0.66304
1 92 -0.0236799 -0.66304
2 92 -0.0236799 -0.66304
0 93 0.0908001 -0.66304
1 93 0.0908001 -0.66304
2 93 0.0908001 -0.66304
0 94 0.66536 -0.58312
1 94 0.66536 -0.58312
2 94 0.66536 -0.58312
0 95 -0.37576 -0.63064
1 95 -0.37576 -0.63064
2 95 -0.37576 -0.63064
0 96 -0.48808 -0.80992
1 96 -0.48808 -0.80992
2 96 -0.48808 -0.80992
0 97 0.62432 -0.5896
1 97 0.62432 -0.5896
2 97 0.62432 -0.5896
0 98 0.6524 -0.58528
1 98 0.6524 -0.58528
2 98 0.6524 -0.58528
0 99 0.63944 -0.58744
1 99 0.63944 -0.58744
2 99 0.63944 -0.58744
0 100 0.5552 -0.59176
1 100 0.5552 -0.59176
2 100 0.5552 -0.59176
0 101 -0.42544 -0.30664
1 101 -0.42544 -0.30664
2 101 -0.42544 -0.30664
0 102 -0.19864 -0.55936
1 102 -0.19864 -0.55936
2 102 -0.19864 -0.55936
0 103 -0.55504 -0.5896
1 103 -0.55504 -0.5896
2 103 -0.55504 -0.5896
0 104 -0.699328 -0.867808
1 104 -0.699328 -0.867808
2 104 -0.699328 -0.867808
0 105 -0.616384 -0.600832
1 105 -0.616384 -0.600832
2 105 -0.616384 -0.600832
0 106 -0.199072 -0.62416
1 106 -0.199072 -0.62416
2 106 -0.199072 -0.62416
0 107 -0.40384 -0.629344
1 107 -0.40384 -0.631936
2 107 -0.40384 -0.631936
0 108 -0.479008 -0.302752
1 108 -0.479008 -0.302752
2 108 -0.479008 -0.302752
0 109 -0.473824 -0.302752
1 109 -0.473824 -0.302752
2 109 -0.473824 -0.302752
0 110 -0.336448 -0.476416
1 110 -0.336448 -0.476416
2 110 -0.336448 -0.476416
0 111 0.109376 -0.66304
1 111 0.109376 -0.66304
2 111 0.109376 -0.66304
0 112 0.0912323 -0.66304
1 112 0.0912323 -0.66304
2 112 0.0912323 -0.66304
0 113 -0.595648 -0.49456
1 113 -0.595648 -0.49456
2 113 -0.595648 -0.49456
0 114 -0.0331838 -0.497152
1 114 -0.0331838 -0.497152
2 114 -0.0331838 -0.497152
0 115 -0.219808 -0.564544
1 115 -0.219808 -0.564544
2 115 -0.219808 -0.564544
0 116 -0.204256 -0.556768
1 116 -0.204256 -0.556768
2 116 -0.204256 -0.556768
0 117 0.640736 -0.590464
1 117 0.640736 -0.590464
2 117 0.640736 -0.590464
0 118 0.625184 -0.593056
1 118 0.625184 -0.593056
2 118 0.625184 -0.593056
0 119 0.63296 -0.590464
1 119 0.63296 -0.590464
2 119 0.63296 -0.590464
0 120 -0.616384 -0.595648
1 120 -0.616384 -0.595648
2 120 -0.616384 -0.595648
0 121 -0.354592 -0.517888
1 121 -0.354592 -0.517888
2 121 -0.354592 -0.517888
0 122 -0.484192 -0.797824
1 122 -0.484192 -0.797824
2 122 -0.484192 -0.797824
0 123 0.643328 -0.44272
1 123 0.643328 -0.44272
2 123 0.643328 -0.44272
0 124 0.713312 -0.344224
1 124 0.713312 -0.344224
2 124 0.713312 -0.344224
0 125 -0.230176 -0.62416
1 125 -0.230176 -0.62416
2 125 -0.230176 -0.62416
0 126 -0.673408 -0.660448
1 126 -0.673408 -0.660448
2 126 -0.673408 -0.660448
0 127 -0.258688 -0.530848
1 127 -0.258688 -0.53344
2 127 -0.258688 -0.53344
0 128 -0.626752 -0.616384
1 128 -0.626752 -0.616384
2 128 -0.626752 -0.616384
0 129 0.639181 -0.452569
1 129 0.639181 -0.452569
2 129 0.639181 -0.452569
0 130 0.654733 -0.421465
1 130 0.654733 -0.421465
2 130 0.654733 -0.421465
0 131 0.113523 -0.430797
1 131 0.113523 -0.430797
2 131 0.113523 -0.430797
0 132 -0.402803 -0.629862
1 132 -0.402803 -0.629862
2 132 -0.402803 -0.629862
0 133 -0.68896 -0.642304
1 133 -0.68585 -0.642304
2 133 -0.68585 -0.642304
0 134 0.0668674 -0.60809
1 134 0.0668674 -0.60809
2 134 0.0668674 -0.60809
0 135 -0.0233341 -0.664077
1 135 -0.0233341 -0.664077
2 135 -0.0233341 -0.664077
0 136 -0.474342 -0.30327
1 136 -0.474342 -0.30327
2 136 -0.474342 -0.30327
0 137 -0.337485 -0.477453
1 137 -0.337485 -0.477453
2 137 -0.337485 -0.477453
0 138 0.545869 -0.499225
1 138 0.545869 -0.499225
2 138 0.545869 -0.499225
0 139 -0.216179 -0.555213
1 139 -0.216179 -0.555213
2 139 -0.216179 -0.555213
0 140 -0.489894 -0.816486
1 140 -0.489894 -0.816486
2 140 -0.489894 -0.816486
0 141 -0.626752 -0.617421
1 141 -0.626752 -0.617421
2 141 -0.626752 -0.617421
0 142 -0.657856 -0.517888
1 142 -0.657856 -0.517888
2 142 -0.657856 -0.517888
0 143 -0.0388861 -0.496115
1 143 -0.0388861 -0.496115
2 143 -0.0388861 -0.496115
0 144 -0.698291 -0.866253
1 144 -0.698291 -0.866253
2 144 -0.698291 -0.866253
0 145 0.713831 -0.343705
1 145 0.713831 -0.343705
2 145 0.713831 -0.343705
0 146 -0.371699 -0.580096
1 146 -0.371699 -0.580096
2 146 -0.371699 -0.580096
0 147 -0.374809 -0.626752
1 147 -0.374809 -0.626752
2 147 -0.374809 -0.626752
0 148 -0.595648 -0.493005
1 148 -0.595648 -0.493005
2 148 -0.595648 -0.493005
0 149 -0.197517 -0.620531
1 149 -0.197517 -0.620531
2 149 -0.197517 -0.620531
0 150 -0.486784 -0.797824
1 150 -0.486784 -0.797824
2 150 -0.486784 -0.797824
0 151 -0.356147 -0.517888
1 151 -0.356147 -0.517888
2 151 -0.356147 -0.517888
0 152 -0.657856 -0.657856
1 152 -0.657856 -0.657856
2 152 -0.657856 -0.657856
0 153 0.086152 -0.664077
1 153 0.086152 -0.664077
2 153 0.086152 -0.664077
0 154 -0.671542 -0.660344
1 154 -0.671542 -0.660344
2 154 -0.671542 -0.660344
0 155 -0.615554 -0.600625
1 155 -0.615554 -0.600625
2 155 -0.615554 -0.600625
0 156 -0.686472 -0.641682
1 156 -0.686472 -0.641682
2 156 -0.686472 -0.641682
0 157 -0.604357 -0.623019
1 157 -0.604357 -0.623019
2 157 -0.604357 -0.623019
0 158 0.545247 -0.499848
1 158 0.545247 -0.499848
2 158 0.545247 -0.499848
0 159 0.653489 -0.421465
1 159 0.653489 -0.421465
2 159 0.653489 -0.421465
0 160 -0.634217 -0.634217
1 160 -0.634217 -0.634217
2 160 -0.634217 -0.634217
0 161 -0.656612 -0.514777
1 161 -0.656612 -0.514777
2 161 -0.656612 -0.514777
0 162 0.4594 -0.671542
1 162 0.4594 -0.671542
2 162 0.4594 -0.671542
0 163 -0.02209 -0.667809
1 163 -0.02209 -0.667809
2 163 -0.02209 -0.667809
0 164 -0.626752 -0.619287
1 164 -0.626752 -0.619287
2 164 -0.626752 -0.619287
0 165 -0.335618 -0.481185
1 165 -0.335618 -0.481185
2 165 -0.335618 -0.481185
0 166 -0.372943 -0.626752
1 166 -0.372943 -0.626752
2 166 -0.372943 -0.626752
0 167 -0.231109 -0.623019
1 167 -0.231109 -0.623019
2 167 -0.231109 -0.623019
0 168 -0.484918 -0.798446
1 168 -0.484918 -0.798446
2 168 -0.484918 -0.798446
0 169 -0.316956 -0.623019
1 169 -0.316956 -0.623019
2 169 -0.316956 -0.623019
0 170 -0.354281 -0.51851
1 170 -0.354281 -0.51851
2 170 -0.354281 -0.51851
0 171 -0.552102 -0.589427
1 171 -0.552102 -0.589427
2 171 -0.552102 -0.589427
0 172 -0.492383 -0.817108
1 172 -0.492383 -0.817108
2 172 -0.492383 -0.817108
0 173 0.590037 -0.522242
1 173 0.590037 -0.522242
2 173 0.590037 -0.522242
