147
0 0 0.557292 -0.571875
1 0 0.557292 -0.570833
2 0 0.557292 -0.571875
0 1 0.0333333 -0.653125
1 1 0.0333333 -0.653125
2 1 0.0333333 -0.653125
0 2 0.159375 -0.609375
1 2 0.159375 -0.609375
2 2 0.159375 -0.609375
0 3 0.66125 -0.565
1 3 0.66125 -0.565
2 3 0.66125 -0.565
0 4 0.49625 -0.565
1 4 0.49625 -0.565
2 4 0.49625 -0.565
0 5 0.565 -0.57
1 5 0.565 -0.57
2 5 0.565 -0.57
0 6 0.55125 -0.58625
1 6 0.55125 -0.58625
2 6 0.55125 -0.58625
0 7 0.42375 -0.32625
1 7 0.42375 -0.32625
2 7 0.42375 -0.32625
0 8 0.47875 -0.5675
1 8 0.47875 -0.5675
2 8 0.47875 -0.5675
0 9 0.50125 -0.58
1 9 0.50125 -0.58
2 9 0.50125 -0.58
0 10 0.5555 -0.571
1 10 0.5555 -0.571
2 10 0.5555 -0.571
0 11 0.551 -0.586
1 11 0.551 -0.586
2 11 0.551 -0.586
0 12 -0.487 -0.802
1 12 -0.487 -0.802
2 12 -0.487 -0.802
0 13 -0.43 -0.583
1 13 -0.43 -0.583
2 13 -0.43 -0.583
0 14 -0.2215 -0.5515
1 14 -0.2215 -0.5515
2 14 -0.2215 -0.5515
0 15 0.5105 -0.5785
1 15 0.5105 -0.5785
2 15 0.5105 -0.5785
0 16 0.6245 -0.5695
1 16 0.6245 -0.5695
2 16 0.6245 -0.5695
0 17 0.6335 -0.5665
1 17 0.6335 -0.5665
2 17 0.6335 -0.5665
0 18 0.572 -0.5665
1 18 0.572 -0.5665
2 18 0.572 -0.5665
0 19 0.6275 -0.544
1 19 0.6275 -0.544
2 19 0.6275 -0.544
0 20 0.6425 -0.5425
1 20 0.6425 -0.5425
2 20 0.6425 -0.5425
0 21 0.5255 -0.5605
1 21 0.5255 -0.5605
2 21 0.5255 -0.5605
0 22 0.6785 -0.571
1 22 0.6785 -0.571
2 22 0.6785 -0.571
0 23 0.506 -0.5635
1 23 0.506 -0.5635
2 23 0.506 -0.5635
0 24 0.518 -0.577
1 24 0.518 -0.577
2 24 0.518 -0.577
0 25 0.6125 -0.2785
1 25 0.6125 -0.2785
2 25 0.6125 -0.2785
0 26 0.644 -0.5275
1 26 0.644 -0.5275
2 26 0.644 -0.5275
0 27 0.509 -0.5755
1 27 0.509 -0.5755
2 27 0.509 -0.5755
0 28 0.482 -0.5815
1 28 0.482 -0.5815
2 28 0.482 -0.5815
0 29 0.5 -0.58
1 29 0.5 -0.58
2 29 0.5 -0.58
0 30 0.4985 -0.577
1 30 0.4985 -0.577
2 30 0.4985 -0.577
0 31 0.6182 -0.532
1 31 0.6182 -0.532
2 31 0.6182 -0.532
0 32 -0.6418 -0.2836
1 32 -0.6418 -0.2836
2 32 -0.6418 -0.2836
0 33 0.6236 -0.532
1 33 0.6236 -0.532
2 33 0.6236 -0.532
0 34 -0.2206 -0.5518
1 34 -0.2206 -0.5518
2 34 -0.2206 -0.5518
0 35 0.6524 -0.5392
1 35 0.6524 -0.5392
2 35 0.6524 -0.5392
0 36 0.5642 -0.568
1 36 0.5642 -0.568
2 36 0.5642 -0.568
0 37 -0.4798 -0.2926
1 37 -0.4798 -0.2926
2 37 -0.4798 -0.2926
0 38 0.6758 -0.5608
1 38 0.6758 -0.5608
2 38 0.6758 -0.5608
0 39 0.6236 -0.5806
1 39 0.6236 -0.5806
2 39 0.6236 -0.5806
0 40 0.4544 -0.5734
1 40 0.4544 -0.5734
2 40 0.4544 -0.5734
0 41 0.5552 -0.5698
1 41 0.5552 -0.5698
2 41 0.5552 -0.5698
0 42 0.107 -0.6526
1 42 0.107 -0.6526
2 42 0.107 -0.6526
0 43 0.6128 -0.2782
1 43 0.6128 -0.2782
2 43 0.6128 -0.2782
0 44 -0.487 -0.802
1 44 -0.487 -0.802
2 44 -0.487 -0.802
0 45 0.638 -0.577
1 45 0.638 -0.577
2 45 0.638 -0.577
0 46 0.5174 -0.577
1 46 0.5174 -0.577
2 46 0.5174 -0.577
0 47 -0.6364 -0.2818
1 47 -0.6364 -0.2818
2 47 -0.6364 -0.2818
0 48 -0.3754 -0.622
1 48 -0.3754 -0.622
2 48 -0.3754 -0.622
0 49 0.6794 -0.5716
1 49 0.6794 -0.5716
2 49 0.6776 -0.5716
0 50 -0.6166 -0.4978
1 50 -0.6166 -0.4978
2 50 -0.6166 -0.4978
0 51 -0.6292 -0.6058
1 51 -0.6292 -0.6058
2 51 -0.6292 -0.6058
0 52 0.5516 -0.5572
1 52 0.5516 -0.5572
2 52 0.5516 -0.5572
0 53 0.6398 -0.5302
1 53 0.6398 -0.5302
2 53 0.6398 -0.5302
0 54 0.6488 -0.5644
1 54 0.6488 -0.5644
2 54 0.6488 -0.5644
0 55 0.6236 -0.568
1 55 0.6236 -0.568
2 55 0.6236 -0.568
0 56 0.47744 -0.59392
1 56 0.47744 -0.59392
2 56 0.47744 -0.59392
0 57 0.5552 -0.57016
1 57 0.5552 -0.57016
2 57 0.5552 -0.57016
0 58 -0.62848 -0.60688
1 58 -0.62848 -0.60688
2 58 -0.62848 -0.60688
0 59 0.66536 -0.57448
1 59 0.66536 -0.57448
2 59 0.66536 -0.57448
0 60 -0.63712 -0.28288
1 60 -0.63712 -0.28288
2 60 -0.63712 -0.28288
0 61 0.10592 -0.65224
1 61 0.10592 -0.65224
2 61 0.10592 -0.65224
0 62 0.1124 -0.65008
1 62 0.1124 -0.65224
2 62 0.1124 -0.65224
0 63 0.47312 -0.59824
1 63 0.47312 -0.59824
2 63 0.47312 -0.59824
0 64 -0.6976 -0.85744
1 64 -0.69976 -0.85744
2 64 -0.69976 -0.8596
0 65 0.6524 -0.57664
1 65 0.6524 -0.57664
2 65 0.6524 -0.57664
0 66 -0.20512 -0.54856
1 66 -0.20512 -0.54856
2 66 -0.20512 -0.54856
0 67 0.63944 -0.5788
1 67 0.63944 -0.5788
2 67 0.63944 -0.5788
0 68 0.54872 -0.58744
1 68 0.54872 -0.58744
2 68 0.54872 -0.58744
0 69 -0.19864 -0.61552
1 69 -0.19864 -0.61552
2 69 -0.19864 -0.61552
0 70 -0.47296 -0.29368
1 70 -0.47296 -0.29368
2 70 -0.47296 -0.29368
0 71 -0.22888 -0.61552
1 71 -0.22888 -0.61552
2 71 -0.22888 -0.61552
0 72 0.62432 -0.58096
1 72 0.62432 -0.58096
2 72 0.62432 -0.58096
0 73 -0.65656 -0.64576
1 73 -0.65656 -0.64576
2 73 -0.65656 -0.64576
0 74 0.61352 -0.53344
1 74 0.61352 -0.53344
2 74 0.61352 -0.53344
0 75 0.62648 -0.54424
1 75 0.62648 -0.54424
2 75 0.62648 -0.54424
0 76 -0.6004 -0.60904
1 76 -0.6004 -0.60904
2 76 -0.6004 -0.60904
0 77 0.67616 -0.56152
1 77 0.67616 -0.56152
2 77 0.67616 -0.56152
0 78 -0.33904 -0.466048
1 78 -0.33904 -0.466048
2 78 -0.33904 -0.466048
0 79 -0.626752 -0.608608
1 79 -0.626752 -0.608608
2 79 -0.626752 -0.608608
0 80 0.456704 -0.600832
1 80 0.456704 -0.600832
2 80 0.456704 -0.600832
0 81 -0.473824 -0.292384
1 81 -0.473824 -0.292384
2 81 -0.473824 -0.292384
0 82 -0.489376 -0.808192
1 82 -0.489376 -0.808192
2 82 -0.489376 -0.808192
0 83 -0.699328 -0.85744
1 83 -0.699328 -0.85744
2 83 -0.699328 -0.85744
0 84 -0.199072 -0.613792
1 84 -0.199072 -0.613792
2 84 -0.199072 -0.613792
0 85 -0.673408 -0.65008
1 85 -0.673408 -0.65008
2 85 -0.673408 -0.65008
0 86 -0.40384 -0.621568
1 86 -0.40384 -0.621568
2 86 -0.40384 -0.621568
0 87 0.109376 -0.652672
1 87 0.109376 -0.652672
2 87 0.109376 -0.652672
0 88 -0.600832 -0.6112
1 88 -0.600832 -0.6112
2 88 -0.600832 -0.6112
0 89 -0.595648 -0.484192
1 89 -0.595648 -0.484192
2 89 -0.595648 -0.484192
0 90 -0.375328 -0.618976
1 90 -0.375328 -0.618976
2 90 -0.375328 -0.618976
0 91 0.625184 -0.582688
1 91 0.625184 -0.582688
2 91 0.625184 -0.582688
0 92 -0.63712 -0.284608
1 92 -0.63712 -0.284608
2 92 -0.63712 -0.284608
0 93 -0.346816 -0.471232
1 93 -0.346816 -0.471232
2 93 -0.346816 -0.471232
0 94 -0.0979838 -0.523072
1 94 -0.0979838 -0.523072
2 94 -0.0979838 -0.523072
0 95 0.0523523 -0.437536
1 95 0.0523523 -0.437536
2 95 0.0523523 -0.437536
0 96 -0.19648 -0.55936
1 96 -0.19648 -0.55936
2 96 -0.19648 -0.55936
0 97 -0.258688 -0.523072
1 97 -0.258688 -0.523072
2 97 -0.258688 -0.523072
0 98 -0.0331838 -0.486784
1 98 -0.0331838 -0.486784
2 98 -0.0331838 -0.486784
0 99 -0.258688 -0.616384
1 99 -0.258688 -0.616384
2 99 -0.258688 -0.616384
0 100 0.643328 -0.432352
1 100 0.643328 -0.432352
2 100 0.643328 -0.432352
0 101 -0.318304 -0.616384
1 101 -0.318304 -0.616384
2 101 -0.318304 -0.616384
0 102 -0.318822 -0.61431
1 102 -0.318822 -0.61431
2 102 -0.318822 -0.61431
0 103 0.39968 -0.343705
1 103 0.39968 -0.343705
2 103 0.39968 -0.343705
0 104 -0.216179 -0.545881
1 104 -0.216179 -0.545881
2 104 -0.216179 -0.545881
0 105 0.0886403 -0.654746
1 105 0.0886403 -0.654746
2 105 0.0886403 -0.654746
0 106 -0.337485 -0.468121
1 106 -0.337485 -0.468121
2 106 -0.337485 -0.468121
0 107 -0.68585 -0.632973
1 107 -0.68896 -0.632973
2 107 -0.68896 -0.632973
0 108 0.654733 -0.412134
1 108 0.654733 -0.412134
2 108 0.654733 -0.412134
0 109 -0.371699 -0.570765
1 109 -0.371699 -0.570765
2 109 -0.371699 -0.570765
0 110 -0.654746 -0.346816
1 110 -0.654746 -0.346816
2 110 -0.654746 -0.346816
0 111 0.405901 -0.474342
1 111 0.405901 -0.474342
2 111 0.405901 -0.474342
0 112 -0.374809 -0.617421
1 112 -0.374809 -0.617421
2 112 -0.374809 -0.617421
0 113 -0.601869 -0.6112
1 113 -0.601869 -0.6112
2 113 -0.601869 -0.6112
0 114 -0.197517 -0.6112
1 114 -0.197517 -0.6112
2 114 -0.197517 -0.6112
0 115 -0.0388861 -0.486784
1 115 -0.0388861 -0.486784
2 115 -0.0388861 -0.486784
0 116 0.545869 -0.489894
1 116 0.545869 -0.489894
2 116 0.545869 -0.489894
0 117 -0.698291 -0.856922
1 117 -0.698291 -0.856922
2 117 -0.698291 -0.856922
0 118 -0.474342 -0.293939
1 118 -0.474342 -0.293939
2 118 -0.474342 -0.293939
0 119 -0.231731 -0.61431
1 119 -0.231731 -0.61431
2 119 -0.231731 -0.61431
0 120 -0.626752 -0.60809
1 120 -0.626752 -0.60809
2 120 -0.626752 -0.60809
0 121 -0.259725 -0.520998
1 121 -0.259725 -0.520998
2 121 -0.259725 -0.520998
0 122 -0.0979837 -0.520998
1 122 -0.0979837 -0.520998
2 122 -0.0979837 -0.520998
0 123 -0.0233341 -0.654746
1 123 -0.0233341 -0.654746
2 123 -0.0233341 -0.654746
0 124 -0.489894 -0.807155
1 124 -0.489894 -0.807155
2 124 -0.489894 -0.807155
0 125 -0.645414 -0.371699
1 125 -0.645414 -0.371699
2 125 -0.645414 -0.371699
0 126 -0.486784 -0.788493
1 126 -0.486784 -0.788493
2 126 -0.486784 -0.788493
0 127 -0.652879 -0.350548
1 127 -0.652879 -0.350548
2 127 -0.652879 -0.350548
0 128 -0.339351 -0.469988
1 128 -0.339351 -0.469988
2 128 -0.339351 -0.469988
0 129 -0.604357 -0.611822
1 129 -0.604357 -0.611822
2 129 -0.604357 -0.611822
0 130 0.0674896 -0.596892
1 130 0.0674896 -0.596892
2 130 0.0674896 -0.596892
0 131 0.653489 -0.414
1 131 0.653489 -0.414
2 131 0.653489 -0.414
0 132 -0.686472 -0.634217
1 132 -0.686472 -0.634217
2 132 -0.686472 -0.634217
0 133 -0.402803 -0.619287
1 133 -0.402803 -0.619287
2 133 -0.402803 -0.619287
0 134 -0.346816 -0.615554
1 134 -0.346816 -0.615554
2 134 -0.346816 -0.615554
0 135 -0.197517 -0.611822
1 135 -0.197517 -0.611822
2 135 -0.197517 -0.611822
0 136 -0.372943 -0.615554
1 136 -0.372943 -0.615554
2 136 -0.372943 -0.615554
0 137 0.638559 -0.44386
1 137 0.638559 -0.44386
2 137 0.638559 -0.44386
0 138 -0.656612 -0.507312
1 138 -0.656612 -0.507312
2 138 -0.656612 -0.507312
0 139 -0.697669 -0.858166
1 139 -0.697669 -0.858166
2 139 -0.697669 -0.858166
0 140 -0.313223 -0.59316
1 140 -0.313223 -0.59316
2 140 -0.313223 -0.59316
0 141 -0.671542 -0.649147
1 141 -0.671542 -0.649147
2 141 -0.671542 -0.649147
0 142 -0.231109 -0.611822
1 142 -0.231109 -0.611822
2 142 -0.231109 -0.611822
0 143 -0.290829 -0.596892
1 143 -0.290829 -0.596892
2 143 -0.290829 -0.596892
0 144 -0.477453 -0.294561
1 144 -0.477453 -0.294561
2 144 -0.477453 -0.294561
0 145 -0.552102 -0.581962
1 145 -0.552102 -0.581962
2 145 -0.552102 -0.581962
0 146 -0.626752 -0.343083
1 146 -0.626752 -0.343083
2 146 -0.626752 -0.343083
