110
0 0 -0.0302083 -0.675
1 0 -0.0302083 -0.676042
2 0 -0.0302083 -0.676042
0 1 0.557292 -0.571875
1 1 0.557292 -0.572917
2 1 0.557292 -0.572917
0 2 0.53125 -0.586458
1 2 0.53125 -0.586458
2 2 0.53125 -0.586458
0 3 0.321875 -0.836458
1 3 0.321875 -0.8375
2 3 0.321875 -0.8375
0 4 0.492708 -0.582292
1 4 0.492708 -0.582292
2 4 0.492708 -0.583333
0 5 -0.221875 -0.551042
1 5 -0.221875 -0.552083
2 5 -0.221875 -0.552083
0 6 0.65375 -0.54125
1 6 0.65375 -0.5425
2 6 0.65375 -0.5425
0 7 0.475 -0.585
1 7 0.475 -0.585
2 7 0.475 -0.585
0 8 0.09375 -0.655
1 8 0.09375 -0.655
2 8 0.09375 -0.655
0 9 0.675 -0.55
1 9 0.675 -0.55125
2 9 0.675 -0.55125
0 10 0.405 -0.6625
1 10 0.405 -0.66375
2 10 0.405 -0.66375
0 11 -0.6595 -0.4525
1 11 -0.6595 -0.4525
2 11 -0.6595 -0.4525
0 12 -0.679 -0.841
1 12 -0.679 -0.8425
2 12 -0.679 -0.8425
0 13 0.542 -0.574
1 13 0.542 -0.574
2 13 0.542 -0.574
0 14 0.5255 -0.562
1 14 0.5255 -0.562
2 14 0.5255 -0.562
0 15 0.6185 -0.586
1 15 0.6185 -0.586
2 15 0.6185 -0.586
0 16 0.6425 -0.5425
1 16 0.6425 -0.544
2 16 0.6425 -0.544
0 17 0.677 -0.5635
1 17 0.677 -0.5635
2 17 0.677 -0.5635
0 18 0.4745 -0.5845
1 18 0.4745 -0.5845
2 18 0.4745 -0.5845
0 19 0.68 -0.538
1 19 0.68 -0.538
2 19 0.68 -0.538
0 20 0.644 -0.5275
1 20 0.644 -0.529
2 20 0.644 -0.529
0 21 0.368 -0.61
1 21 0.368 -0.61
2 21 0.368 -0.61
0 22 0.6785 -0.5725
1 22 0.6785 -0.5725
2 22 0.6785 -0.5725
0 23 -0.6292 -0.6076
1 23 -0.6292 -0.6076
2 23 -0.6292 -0.6076
0 24 -0.2206 -0.5536
1 24 -0.2206 -0.5536
2 24 -0.2206 -0.5536
0 25 -0.1954 -0.5608
1 25 -0.1954 -0.5608
2 25 -0.1954 -0.5608
0 26 0.656 -0.5518
1 26 0.656 -0.5518
2 26 0.656 -0.5518
0 27 -0.6796 -0.8416
1 27 -0.6796 -0.8416
2 27 -0.6796 -0.8416
0 28 -0.4726 -0.2944
1 28 -0.4726 -0.2944
2 28 -0.4726 -0.2962
0 29 0.6866 -0.5608
1 29 0.6866 -0.5608
2 29 0.6866 -0.5608
0 30 0.6272 -0.5446
1 30 0.6272 -0.5446
2 30 0.6272 -0.5446
0 31 0.4886 -0.568
1 31 0.4886 -0.568
2 31 0.4886 -0.568
0 32 0.5732 -0.5698
1 32 0.5732 -0.5698
2 32 0.5732 -0.5698
0 33 0.5408 -0.5734
1 33 0.5408 -0.5734
2 33 0.5408 -0.5734
0 34 -0.6994 -0.8596
1 34 -0.6994 -0.8596
2 34 -0.6994 -0.8596
0 35 0.638 -0.5788
1 35 0.638 -0.5788
2 35 0.638 -0.5788
0 36 -0.487 -0.802
1 36 -0.487 -0.802
2 36 -0.487 -0.802
0 37 -0.4798 -0.2944
1 37 -0.4798 -0.2944
2 37 -0.4798 -0.2944
0 38 0.107 -0.6526
1 38 0.107 -0.6544
2 38 0.107 -0.6544
0 39 0.6182 -0.532
1 39 0.6182 -0.532
2 39 0.6182 -0.5338
0 40 0.6524 -0.577
1 40 0.6524 -0.577
2 40 0.6524 -0.577
0 41 -0.0971199 -0.5248
1 41 -0.0971199 -0.5248
2 41 -0.0971199 -0.5248
0 42 -0.25912 -0.5248
1 42 -0.25912 -0.5248
2 42 -0.25912 -0.5248
0 43 -0.61552 -0.49888
1 43 -0.61552 -0.49888
2 43 -0.61552 -0.49888
0 44 -0.37576 -0.622
1 44 -0.37576 -0.622
2 44 -0.37576 -0.622
0 45 0.5552 -0.58312
1 45 0.5552 -0.58312
2 45 0.5552 -0.58312
0 46 -0.25912 -0.61768
1 46 -0.25912 -0.61768
2 46 -0.25912 -0.61768
0 47 0.1124 -0.65224
1 47 0.1124 -0.65224
2 47 0.1124 -0.6544
0 48 -0.55504 -0.58096
1 48 -0.55504 -0.58096
2 48 -0.55504 -0.58096
0 49 0.10592 -0.65224
1 49 0.10592 -0.6544
2 49 0.10592 -0.6544
0 50 -0.48808 -0.80128
1 50 -0.48808 -0.80128
2 50 -0.48808 -0.80128
0 51 -0.22024 -0.55504
1 51 -0.22024 -0.55504
2 51 -0.22024 -0.55504
0 52 0.0908001 -0.6544
1 52 0.0908001 -0.6544
2 52 0.0908001 -0.6544
0 53 -0.19864 -0.61552
1 53 -0.19864 -0.61552
2 53 -0.19864 -0.61552
0 54 -0.20512 -0.55072
1 54 -0.20512 -0.55072
2 54 -0.20512 -0.55072
0 55 0.50984 -0.5788
1 55 0.50984 -0.5788
2 55 0.50984 -0.5788
0 56 0.63944 -0.5788
1 56 0.63944 -0.5788
2 56 0.63944 -0.5788
0 57 -0.69976 -0.8596
1 57 -0.69976 -0.8596
2 57 -0.69976 -0.8596
0 58 0.66536 -0.57664
1 58 0.66536 -0.57664
2 58 0.66536 -0.57664
0 59 0.63728 -0.42328
1 59 0.63728 -0.42328
2 59 0.63728 -0.42328
0 60 -0.47944 -0.29368
1 60 -0.47944 -0.29368
2 60 -0.47944 -0.29368
0 61 0.61352 -0.28072
1 61 0.61352 -0.28072
2 61 0.61352 -0.28072
0 62 0.67616 -0.56152
1 62 0.67616 -0.56152
2 62 0.67616 -0.56368
0 63 -0.258688 -0.523072
1 63 -0.258688 -0.523072
2 63 -0.258688 -0.525664
0 64 -0.0254078 -0.655264
1 64 -0.0254078 -0.655264
2 64 -0.0254078 -0.655264
0 65 -0.600832 -0.6112
1 65 -0.600832 -0.6112
2 65 -0.600832 -0.6112
0 66 -0.616384 -0.593056
1 66 -0.616384 -0.593056
2 66 -0.616384 -0.593056
0 67 -0.40384 -0.621568
1 67 -0.40384 -0.621568
2 67 -0.40384 -0.621568
0 68 -0.230176 -0.616384
1 68 -0.230176 -0.616384
2 68 -0.230176 -0.616384
0 69 -0.0979838 -0.523072
1 69 -0.0979838 -0.523072
2 69 -0.0979838 -0.523072
0 70 -0.642304 -0.375328
1 70 -0.642304 -0.375328
2 70 -0.642304 -0.375328
0 71 -0.199072 -0.613792
1 71 -0.199072 -0.613792
2 71 -0.199072 -0.613792
0 72 -0.375328 -0.621568
1 72 -0.375328 -0.621568
2 72 -0.375328 -0.621568
0 73 -0.626752 -0.608608
1 73 -0.626752 -0.608608
2 73 -0.626752 -0.608608
0 74 -0.699328 -0.860032
1 74 -0.699328 -0.85744
2 74 -0.699328 -0.860032
0 75 -0.68896 -0.631936
1 75 -0.68896 -0.631936
2 75 -0.68896 -0.631936
0 76 -0.354592 -0.510112
1 76 -0.354592 -0.510112
2 76 -0.354592 -0.510112
0 77 0.58112 -0.580096
1 77 0.58112 -0.580096
2 77 0.58112 -0.580096
0 78 0.63296 -0.582688
1 78 0.63296 -0.582688
2 78 0.63296 -0.582688
0 79 0.0912323 -0.655264
1 79 0.0912323 -0.655264
2 79 0.0912323 -0.655264
0 80 -0.219808 -0.556768
1 80 -0.219808 -0.556768
2 80 -0.219808 -0.556768
0 81 -0.595648 -0.486784
1 81 -0.595648 -0.486784
2 81 -0.595648 -0.486784
0 82 -0.258688 -0.616384
1 82 -0.258688 -0.616384
2 82 -0.258688 -0.616384
0 83 0.542759 -0.489894
1 83 0.542759 -0.489894
2 83 0.542759 -0.489894
0 84 -0.402803 -0.620531
1 84 -0.402803 -0.620531
2 84 -0.402803 -0.620531
0 85 0.0886403 -0.654746
1 85 0.0886403 -0.654746
2 85 0.0886403 -0.654746
0 86 -0.197517 -0.558323
1 86 -0.197517 -0.558323
2 86 -0.197517 -0.558323
0 87 -0.657856 -0.508557
1 87 -0.657856 -0.508557
2 87 -0.657856 -0.508557
0 88 -0.337485 -0.468121
1 88 -0.337485 -0.468121
2 88 -0.337485 -0.468121
0 89 -0.601869 -0.6112
1 89 -0.601869 -0.6112
2 89 -0.601869 -0.6112
0 90 -0.626752 -0.60809
1 90 -0.626752 -0.6112
2 90 -0.626752 -0.6112
0 91 -0.0388861 -0.486784
1 91 -0.0388861 -0.486784
2 91 -0.0388861 -0.486784
0 92 -0.555213 -0.580096
1 92 -0.555213 -0.580096
2 92 -0.555213 -0.580096
0 93 0.589415 -0.511667
1 93 0.589415 -0.511667
2 93 0.589415 -0.511667
0 94 -0.156459 -0.611822
1 94 -0.156459 -0.611822
2 94 -0.156459 -0.611822
0 95 0.0712221 -0.600625
1 95 0.0712221 -0.600625
2 95 0.0712221 -0.600625
0 96 -0.671542 -0.652879
1 96 -0.671542 -0.652879
2 96 -0.671542 -0.652879
0 97 0.086152 -0.656612
1 97 0.086152 -0.656612
2 97 0.086152 -0.656612
0 98 -0.02209 -0.660344
1 98 -0.02209 -0.660344
2 98 -0.02209 -0.660344
0 99 -0.552102 -0.581962
1 99 -0.552102 -0.581962
2 99 -0.552102 -0.581962
0 100 -0.402803 -0.619287
1 100 -0.402803 -0.619287
2 100 -0.402803 -0.619287
0 101 0.545247 -0.492383
1 101 0.545247 -0.492383
2 101 0.545247 -0.492383
0 102 -0.339351 -0.469988
1 102 -0.339351 -0.469988
2 102 -0.339351 -0.469988
0 103 -0.626752 -0.611822
1 103 -0.626752 -0.611822
2 103 -0.626752 -0.611822
0 104 0.653489 -0.414
1 104 0.653489 -0.414
2 104 0.653489 -0.414
0 105 -0.697669 -0.858166
1 105 -0.697669 -0.858166
2 105 -0.697669 -0.858166
0 106 -0.387873 -0.45879
1 106 -0.387873 -0.45879
2 106 -0.387873 -0.45879
0 107 -0.197517 -0.611822
1 107 -0.197517 -0.611822
2 107 -0.197517 -0.611822
0 108 -0.0370199 -0.48865
1 108 -0.0370199 -0.48865
2 108 -0.0370199 -0.48865
0 109 0.590037 -0.514777
1 109 0.590037 -0.514777
2 109 0.590037 -0.514777
