197
0 0 0.0333333 -0.653125
1 0 0.0333333 -0.653125
2 0 0.0333333 -0.653125
0 1 0.632292 -0.565625
1 1 0.632292 -0.565625
2 1 0.632292 -0.565625
0 2 0.575 -0.56875
1 2 0.575 -0.56875
2 2 0.575 -0.56875
0 3 0.317708 -0.892708
1 3 0.317708 -0.892708
2 3 0.317708 -0.892708
0 4 0.557292 -0.567708
1 4 0.557292 -0.567708
2 4 0.557292 -0.567708
0 5 0.0645833 -0.642708
1 5 0.0645833 -0.642708
2 5 0.0645833 -0.642708
0 6 -0.14375 -0.5125
1 6 -0.14375 -0.5125
2 6 -0.14375 -0.5125
0 7 0.591667 -0.642708
1 7 0.591667 -0.642708
2 7 0.591667 -0.642708
0 8 -0.216667 -0.501042
1 8 -0.216667 -0.501042
2 8 -0.216667 -0.501042
0 9 0.61875 -0.280208
1 9 0.61875 -0.280208
2 9 0.61875 -0.280208
0 10 0.405208 -0.661458
1 10 0.405208 -0.661458
2 10 0.405208 -0.661458
0 11 0.542708 -0.56875
1 11 0.542708 -0.56875
2 11 0.542708 -0.56875
0 12 0.565 -0.57
1 12 0.565 -0.57
2 12 0.565 -0.57
0 13 0.55625 -0.57125
1 13 0.55625 -0.57125
2 13 0.55625 -0.57125
0 14 0.4725 -0.57125
1 14 0.4725 -0.57125
2 14 0.4725 -0.57125
0 15 0.47125 -0.56875
1 15 0.47125 -0.56875
2 15 0.47125 -0.56875
0 16 0.675 -0.56
1 16 0.675 -0.56
2 16 0.675 -0.56
0 17 0.57375 -0.56875
1 17 0.57375 -0.56875
2 17 0.57375 -0.56875
0 18 0.525 -0.56
1 18 0.525 -0.56
2 18 0.525 -0.56
0 19 0.55125 -0.58625
1 19 0.55125 -0.58625
2 19 0.55125 -0.58625
0 20 0.61625 -0.54375
1 20 0.61625 -0.54375
2 20 0.61625 -0.54375
0 21 0.67875 -0.57
1 21 0.67875 -0.57
2 21 0.67875 -0.57
0 22 0.46125 -0.57
1 22 0.46125 -0.57
2 22 0.46125 -0.57
0 23 0.65125 -0.57375
1 23 0.65125 -0.57375
2 23 0.65125 -0.57375
0 24 0.64 -0.53
1 24 0.64 -0.53
2 24 0.64 -0.53
0 25 0.475 -0.58375
1 25 0.475 -0.58375
2 25 0.475 -0.58375
0 26 0.42375 -0.32625
1 26 0.42375 -0.32625
2 26 0.42375 -0.32625
0 27 0.6275 -0.544
1 27 0.6275 -0.544
2 27 0.6275 -0.544
0 28 -0.2215 -0.5515
1 28 -0.2215 -0.5515
2 28 -0.2215 -0.5515
0 29 -0.487 -0.802
1 29 -0.487 -0.802
2 29 -0.487 -0.802
0 30 0.677 -0.562
1 30 0.677 -0.562
2 30 0.677 -0.562
0 31 0.6335 -0.5665
1 31 0.6335 -0.5665
2 31 0.6335 -0.5665
0 32 0.572 -0.5665
1 32 0.572 -0.5665
2 32 0.572 -0.5665
0 33 0.4715 -0.5695
1 33 0.4715 -0.5695
2 33 0.4715 -0.5695
0 34 -0.43 -0.583
1 34 -0.43 -0.583
2 34 -0.43 -0.583
0 35 0.5555 -0.571
1 35 0.5555 -0.571
2 35 0.5555 -0.571
0 36 0.551 -0.556
1 36 0.551 -0.556
2 36 0.551 -0.556
0 37 0.0470001 -0.58
1 37 0.0470001 -0.58
2 37 0.0470001 -0.58
0 38 -0.4855 -0.793
1 38 -0.4855 -0.793
2 38 -0.4855 -0.793
0 39 0.482 -0.5815
1 39 0.482 -0.5815
2 39 0.482 -0.5815
0 40 0.4985 -0.577
1 40 0.4985 -0.577
2 40 0.4985 -0.577
0 41 0.6785 -0.571
1 41 0.6785 -0.571
2 41 0.6785 -0.571
0 42 0.368 -0.6085
1 42 0.368 -0.6085
2 42 0.368 -0.6085
0 43 -0.0294999 -0.676
1 43 -0.0294999 -0.676
2 43 -0.0294999 -0.676
0 44 0.617 -0.5305
1 44 0.617 -0.5305
2 44 0.617 -0.5305
0 45 0.509 -0.5785
1 45 0.5105 -0.5785
2 45 0.5105 -0.5785
0 46 0.668 -0.535
1 46 0.668 -0.535
2 46 0.668 -0.535
0 47 0.4745 -0.583
1 47 0.4745 -0.583
2 47 0.4745 -0.583
0 48 0.479 -0.568
1 48 0.479 -0.568
2 48 0.479 -0.568
0 49 0.497 -0.5665
1 49 0.497 -0.5665
2 49 0.497 -0.5665
0 50 0.644 -0.5275
1 50 0.644 -0.5275
2 50 0.644 -0.5275
0 51 0.6515 -0.574
1 51 0.6515 -0.574
2 51 0.6515 -0.574
0 52 0.506 -0.5635
1 52 0.506 -0.5635
2 52 0.506 -0.5635
0 53 0.617 -0.5455
1 53 0.617 -0.5455
2 53 0.617 -0.5455
0 54 0.6125 -0.2785
1 54 0.6125 -0.2785
2 54 0.6125 -0.2785
0 55 0.542 -0.574
1 55 0.542 -0.574
2 55 0.542 -0.574
0 56 0.6425 -0.5425
1 56 0.6425 -0.5425
2 56 0.6425 -0.5425
0 57 0.6815 -0.5455
1 57 0.6815 -0.5455
2 57 0.6815 -0.5455
0 58 0.5255 -0.5605
1 58 0.5255 -0.5605
2 58 0.5255 -0.5605
0 59 0.686 -0.559
1 59 0.686 -0.559
2 59 0.686 -0.559
0 60 -0.0264999 -0.652
1 60 -0.0264999 -0.652
2 60 -0.0264999 -0.652
0 61 0.551 -0.586
1 61 0.551 -0.586
2 61 0.551 -0.586
0 62 0.509 -0.5755
1 62 0.509 -0.5755
2 62 0.509 -0.5755
0 63 0.638 -0.577
1 63 0.638 -0.577
2 63 0.638 -0.577
0 64 0.5516 -0.5572
1 64 0.5516 -0.5572
2 64 0.5516 -0.5572
0 65 -0.0999999 -0.5212
1 65 -0.0999999 -0.5212
2 65 -0.0999999 -0.5212
0 66 -0.658 -0.451
1 66 -0.658 -0.451
2 66 -0.658 -0.451
0 67 -0.4852 -0.793
1 67 -0.4852 -0.793
2 67 -0.4852 -0.793
0 68 -0.2206 -0.5518
1 68 -0.2206 -0.5518
2 68 -0.2206 -0.5518
0 69 0.6758 -0.5608
1 69 0.6758 -0.5608
2 69 0.6758 -0.5608
0 70 0.6128 -0.2782
1 70 0.6128 -0.2782
2 70 0.6128 -0.2782
0 71 -0.487 -0.802
1 71 -0.487 -0.802
2 71 -0.487 -0.802
0 72 0.6488 -0.5644
1 72 0.6488 -0.5644
2 72 0.6488 -0.5644
0 73 -0.4798 -0.2926
1 73 -0.4798 -0.2926
2 73 -0.4798 -0.2926
0 74 -0.6364 -0.2818
1 74 -0.6364 -0.2818
2 74 -0.6364 -0.2818
0 75 -0.6166 -0.4978
1 75 -0.6166 -0.4978
2 75 -0.6166 -0.4978
0 76 0.4544 -0.5734
1 76 0.4544 -0.5734
2 76 0.4544 -0.5734
0 77 0.6236 -0.5806
1 77 0.6236 -0.5806
2 77 0.6236 -0.5806
0 78 0.107 -0.6526
1 78 0.107 -0.6526
2 78 0.107 -0.6526
0 79 0.4886 -0.5662
1 79 0.4886 -0.5662
2 79 0.4886 -0.5662
0 80 -0.6796 -0.8416
1 80 -0.6796 -0.8398
2 80 -0.6796 -0.8398
0 81 0.5174 -0.577
1 81 0.5174 -0.577
2 81 0.5174 -0.577
0 82 0.62 -0.5572
1 82 0.62 -0.5572
2 82 0.62 -0.5572
0 83 0.683 -0.5464
1 83 0.683 -0.5464
2 83 0.683 -0.5464
0 84 -0.0171999 -0.658
1 84 -0.0171999 -0.658
2 84 -0.0171999 -0.658
0 85 -0.0261999 -0.6526
1 85 -0.0261999 -0.6526
2 85 -0.0261999 -0.6526
0 86 0.5642 -0.568
1 86 0.5642 -0.568
2 86 0.5642 -0.568
0 87 0.638 -0.577
1 87 0.638 -0.577
2 87 0.638 -0.577
0 88 -0.6418 -0.2836
1 88 -0.6418 -0.2836
2 88 -0.6418 -0.2836
0 89 0.5552 -0.5698
1 89 0.5552 -0.5698
2 89 0.5552 -0.5698
0 90 -0.0279999 -0.676
1 90 -0.0279999 -0.676
2 90 -0.0279999 -0.676
0 91 0.6236 -0.532
1 91 0.6236 -0.532
2 91 0.6236 -0.532
0 92 0.4616 -0.5716
1 92 0.4616 -0.5716
2 92 0.4616 -0.5716
0 93 0.6182 -0.532
1 93 0.6182 -0.532
2 93 0.6182 -0.532
0 94 0.6524 -0.5392
1 94 0.6524 -0.5392
2 94 0.6524 -0.5392
0 95 0.6236 -0.568
1 95 0.6236 -0.568
2 95 0.6236 -0.568
0 96 -0.3754 -0.622
1 96 -0.3754 -0.622
2 96 -0.3754 -0.622
0 97 0.6398 -0.5302
1 97 0.6398 -0.5302
2 97 0.6398 -0.5302
0 98 0.6524 -0.57664
1 98 0.6524 -0.57664
2 98 0.6524 -0.57664
0 99 0.63944 -0.5788
1 99 0.63944 -0.5788
2 99 0.63944 -0.5788
0 100 0.62432 -0.58096
1 100 0.62432 -0.58096
2 100 0.62432 -0.58096
0 101 -0.0258399 -0.65224
1 101 -0.0258399 -0.65224
2 101 -0.0258399 -0.65224
0 102 -0.20512 -0.54856
1 102 -0.20512 -0.54856
2 102 -0.20512 -0.54856
0 103 0.45584 -0.6004
1 103 0.45584 -0.6004
2 103 0.45584 -0.6004
0 104 -0.63712 -0.28288
1 104 -0.63712 -0.28288
2 104 -0.63712 -0.28288
0 105 -0.62848 -0.60688
1 105 -0.62848 -0.60688
2 105 -0.62848 -0.60688
0 106 -0.19864 -0.61552
1 106 -0.19864 -0.61552
2 106 -0.19864 -0.61552
0 107 -0.64144 -0.28288
1 107 -0.64144 -0.28288
2 107 -0.64144 -0.28288
0 108 -0.47296 -0.29368
1 108 -0.47296 -0.29368
2 108 -0.47296 -0.29368
0 109 -0.25912 -0.52264
1 109 -0.25912 -0.52264
2 109 -0.25912 -0.52264
0 110 0.66536 -0.57448
1 110 0.66536 -0.57448
2 110 0.66536 -0.57448
0 111 -0.6976 -0.85744
1 111 -0.6976 -0.85744
2 111 -0.69976 -0.85744
0 112 0.54872 -0.58744
1 112 0.54872 -0.58744
2 112 0.54872 -0.58744
0 113 0.47744 -0.59392
1 113 0.47744 -0.59392
2 113 0.47744 -0.59392
0 114 -0.22888 -0.61552
1 114 -0.22888 -0.61552
2 114 -0.22888 -0.61552
0 115 0.10592 -0.65224
1 115 0.10592 -0.65224
2 115 0.10592 -0.65224
0 116 -0.6004 -0.60904
1 116 -0.6004 -0.60904
2 116 -0.6004 -0.60904
0 117 0.5552 -0.57016
1 117 0.5552 -0.57016
2 117 0.5552 -0.57016
0 118 0.61352 -0.53344
1 118 0.61352 -0.53344
2 118 0.61352 -0.53344
0 119 -0.65656 -0.64576
1 119 -0.65656 -0.64576
2 119 -0.65656 -0.64576
0 120 0.67616 -0.56152
1 120 0.67616 -0.56152
2 120 0.67616 -0.56152
0 121 0.47312 -0.59824
1 121 0.47312 -0.59824
2 121 0.47312 -0.59824
0 122 0.674 -0.54856
1 122 0.674 -0.54856
2 122 0.674 -0.54856
0 123 0.62648 -0.54424
1 123 0.62648 -0.54424
2 123 0.62648 -0.54424
0 124 0.63296 -0.580096
1 124 0.63296 -0.580096
2 124 0.63296 -0.580096
0 125 -0.479008 -0.292384
1 125 -0.479008 -0.292384
2 125 -0.479008 -0.292384
0 126 -0.199072 -0.613792
1 126 -0.199072 -0.613792
2 126 -0.199072 -0.613792
0 127 -0.473824 -0.292384
1 127 -0.473824 -0.292384
2 127 -0.473824 -0.292384
0 128 -0.673408 -0.65008
1 128 -0.673408 -0.65008
2 128 -0.673408 -0.65008
0 129 -0.33904 -0.466048
1 129 -0.33904 -0.466048
2 129 -0.33904 -0.466048
0 130 0.109376 -0.652672
1 130 0.109376 -0.652672
2 130 0.109376 -0.652672
0 131 -0.600832 -0.6112
1 131 -0.600832 -0.6112
2 131 -0.600832 -0.6112
0 132 -0.40384 -0.621568
1 132 -0.40384 -0.621568
2 132 -0.40384 -0.621568
0 133 -0.375328 -0.618976
1 133 -0.375328 -0.618976
2 133 -0.375328 -0.618976
0 134 -0.626752 -0.608608
1 134 -0.626752 -0.608608
2 134 -0.626752 -0.608608
0 135 -0.489376 -0.808192
1 135 -0.489376 -0.808192
2 135 -0.489376 -0.808192
0 136 -0.696736 -0.85744
1 136 -0.699328 -0.85744
2 136 -0.699328 -0.85744
0 137 -0.346816 -0.471232
1 137 -0.346816 -0.471232
2 137 -0.346816 -0.471232
0 138 -0.258688 -0.523072
1 138 -0.258688 -0.523072
2 138 -0.258688 -0.523072
0 139 0.456704 -0.600832
1 139 0.456704 -0.600832
2 139 0.456704 -0.600832
0 140 0.630368 -0.556768
1 140 0.630368 -0.556768
2 140 0.630368 -0.556768
0 141 -0.63712 -0.284608
1 141 -0.63712 -0.284608
2 141 -0.63712 -0.284608
0 142 -0.681184 -0.841888
1 142 -0.681184 -0.841888
2 142 -0.681184 -0.841888
0 143 -0.19648 -0.55936
1 143 -0.19648 -0.55936
2 143 -0.19648 -0.55936
0 144 -0.595648 -0.484192
1 144 -0.595648 -0.484192
2 144 -0.595648 -0.484192
0 145 0.0523523 -0.437536
1 145 0.0523523 -0.437536
2 145 0.0523523 -0.437536
0 146 -0.0979838 -0.523072
1 146 -0.0979838 -0.523072
2 146 -0.0979838 -0.523072
0 147 -0.42976 -0.621568
1 147 -0.42976 -0.621568
2 147 -0.42976 -0.621568
0 148 -0.258688 -0.616384
1 148 -0.258688 -0.616384
2 148 -0.258688 -0.616384
0 149 0.0471682 -0.45568
1 149 0.0471682 -0.45568
2 149 0.0471682 -0.45568
0 150 -0.230176 -0.616384
1 150 -0.230176 -0.613792
2 150 -0.230176 -0.613792
0 151 0.625184 -0.582688
1 151 0.625184 -0.582688
2 151 0.625184 -0.582688
0 152 -0.0331838 -0.486784
1 152 -0.0331838 -0.486784
2 152 -0.0331838 -0.486784
0 153 0.643328 -0.432352
1 153 0.643328 -0.432352
2 153 0.643328 -0.432352
0 154 -0.698291 -0.856922
1 154 -0.698291 -0.856922
2 154 -0.698291 -0.856922
0 155 0.0699778 -0.598758
1 155 0.0699778 -0.598758
2 155 0.0699778 -0.598758
0 156 -0.601869 -0.6112
1 156 -0.601869 -0.6112
2 156 -0.601869 -0.6112
0 157 -0.68585 -0.632973
1 157 -0.68585 -0.632973
2 157 -0.68896 -0.632973
0 158 -0.626752 -0.60809
1 158 -0.626752 -0.60809
2 158 -0.626752 -0.60809
0 159 -0.0233341 -0.654746
1 159 -0.0233341 -0.654746
2 159 -0.0233341 -0.654746
0 160 -0.231731 -0.61431
1 160 -0.231731 -0.61431
2 160 -0.231731 -0.61431
0 161 -0.645414 -0.371699
1 161 -0.645414 -0.371699
2 161 -0.645414 -0.371699
0 162 -0.337485 -0.468121
1 162 -0.337485 -0.468121
2 162 -0.337485 -0.468121
0 163 -0.474342 -0.293939
1 163 -0.474342 -0.293939
2 163 -0.474342 -0.293939
0 164 0.545869 -0.489894
1 164 0.545869 -0.489894
2 164 0.545869 -0.489894
0 165 -0.197517 -0.6112
1 165 -0.197517 -0.6112
2 165 -0.197517 -0.6112
0 166 -0.61431 -0.589427
1 166 -0.61431 -0.589427
2 166 -0.61431 -0.589427
0 167 0.654733 -0.412134
1 167 0.654733 -0.412134
2 167 0.654733 -0.412134
0 168 -0.489894 -0.807155
1 168 -0.489894 -0.807155
2 168 -0.489894 -0.807155
0 169 -0.0388861 -0.486784
1 169 -0.0388861 -0.486784
2 169 -0.0388861 -0.486784
0 170 -0.0979837 -0.520998
1 170 -0.0979837 -0.520998
2 170 -0.0979837 -0.520998
0 171 -0.259725 -0.520998
1 171 -0.259725 -0.520998
2 171 -0.259725 -0.520998
0 172 0.642292 -0.430797
1 172 0.642292 -0.430797
2 172 0.642292 -0.430797
0 173 0.0886403 -0.654746
1 173 0.0886403 -0.654746
2 173 0.0886403 -0.654746
0 174 -0.595648 -0.483673
1 174 -0.595648 -0.483673
2 174 -0.595648 -0.483673
0 175 -0.387251 -0.45568
1 175 -0.387251 -0.45568
2 175 -0.387251 -0.45568
0 176 -0.430797 -0.620531
1 176 -0.430797 -0.620531
2 176 -0.430797 -0.620531
0 177 0.405901 -0.474342
1 177 0.405901 -0.474342
2 177 0.405901 -0.474342
0 178 -0.371699 -0.570765
1 178 -0.371699 -0.570765
2 178 -0.371699 -0.570765
0 179 0.589415 -0.508557
1 179 0.589415 -0.508557
2 179 0.589415 -0.508557
0 180 0.653489 -0.414
1 180 0.653489 -0.414
2 180 0.653489 -0.414
0 181 -0.402803 -0.619287
1 181 -0.402803 -0.619287
2 181 -0.402803 -0.619287
0 182 -0.604357 -0.611822
1 182 -0.604357 -0.611822
2 182 -0.604357 -0.611822
0 183 0.545247 -0.48865
1 183 0.545247 -0.48865
2 183 0.545247 -0.48865
0 184 -0.313223 -0.59316
1 184 -0.313223 -0.59316
2 184 -0.313223 -0.59316
0 185 0.0674896 -0.596892
1 185 0.0674896 -0.596892
2 185 0.0674896 -0.596892
0 186 -0.656612 -0.507312
1 186 -0.656612 -0.507312
2 186 -0.656612 -0.507312
0 187 -0.611822 -0.589427
1 187 -0.611822 -0.589427
2 187 -0.611822 -0.589427
0 188 -0.339351 -0.469988
1 188 -0.339351 -0.469988
2 188 -0.339351 -0.469988
0 189 -0.671542 -0.649147
1 189 -0.671542 -0.649147
2 189 -0.671542 -0.649147
0 190 -0.477453 -0.294561
1 190 -0.477453 -0.294561
2 190 -0.477453 -0.294561
0 191 0.638559 -0.44386
1 191 0.638559 -0.44386
2 191 0.638559 -0.44386
0 192 -0.197517 -0.611822
1 192 -0.197517 -0.611822
2 192 -0.197517 -0.611822
0 193 -0.290829 -0.596892
1 193 -0.290829 -0.596892
2 193 -0.290829 -0.596892
0 194 -0.652879 -0.350548
1 194 -0.652879 -0.350548
2 194 -0.652879 -0.350548
0 195 -0.231109 -0.611822
1 195 -0.231109 -0.611822
2 195 -0.231109 -0.611822
0 196 -0.697669 -0.858166
1 196 -0.697669 -0.858166
2 196 -0.697669 -0.858166
