77
0 0 0.458333 -0.585417
1 0 0.457292 -0.584375
2 0 0.457292 -0.584375
0 1 0.655 -0.57625
1 1 0.655 -0.575
2 1 0.655 -0.575
0 2 0.6525 -0.57375
1 2 0.6525 -0.5725
2 2 0.6525 -0.5725
0 3 0.36375 -0.62125
1 3 0.36375 -0.62
2 3 0.36375 -0.62
0 4 0.575 -0.57625
1 4 0.575 -0.575
2 4 0.575 -0.575
0 5 0.545 -0.583
1 5 0.545 -0.5815
2 5 0.545 -0.5815
0 6 0.5675 -0.5815
1 6 0.5675 -0.58
2 6 0.5675 -0.58
0 7 0.6815 -0.5815
1 7 0.6815 -0.58
2 7 0.6815 -0.58
0 8 0.536 -0.5965
1 8 0.536 -0.595
2 8 0.536 -0.595
0 9 0.6545 -0.586
1 9 0.6545 -0.5845
2 9 0.6545 -0.5845
0 10 0.3245 -0.8485
1 10 0.3245 -0.847
2 10 0.3245 -0.847
0 11 -0.676 -0.8515
1 11 -0.676 -0.85
2 11 -0.676 -0.85
0 12 0.4085 -0.673
1 12 0.4085 -0.6715
2 12 0.4085 -0.6715
0 13 -0.4852 -0.8128
1 13 -0.4852 -0.811
2 13 -0.4852 -0.811
0 14 0.62 -0.5554
1 14 0.62 -0.5554
2 14 0.62 -0.5554
0 15 -0.469 -0.3052
1 15 -0.469 -0.3034
2 15 -0.469 -0.3034
0 16 0.6218 -0.5428
1 16 0.6218 -0.541
2 16 0.6218 -0.541
0 17 0.6254 -0.5914
1 17 0.6254 -0.5896
2 17 0.6254 -0.5896
0 18 -0.676 -0.8524
1 18 -0.676 -0.8506
2 18 -0.676 -0.8506
0 19 0.4814 -0.5806
1 19 0.4814 -0.5788
2 19 0.4814 -0.5788
0 20 0.5444 -0.5824
1 20 0.5444 -0.5824
2 20 0.5444 -0.5824
0 21 0.5264 -0.5968
1 21 0.5264 -0.595
2 21 0.5264 -0.595
0 22 0.647 -0.5374
1 22 0.647 -0.5374
2 22 0.647 -0.5374
0 23 0.485 -0.5932
1 23 0.485 -0.5914
2 23 0.485 -0.5914
0 24 0.6722 -0.5482
1 24 0.6722 -0.5464
2 24 0.6722 -0.5464
0 25 0.69128 -0.57016
1 25 0.69128 -0.57016
2 25 0.69128 -0.568
0 26 -0.39952 -0.6328
1 26 -0.39952 -0.6328
2 26 -0.39952 -0.6328
0 27 0.11024 -0.66304
1 27 0.11024 -0.66304
2 27 0.11024 -0.66304
0 28 -0.6328 -0.29584
1 28 -0.63496 -0.29584
2 28 -0.63496 -0.29368
0 29 -0.63928 -0.29584
1 29 -0.63928 -0.29368
2 29 -0.63928 -0.29368
0 30 0.62 -0.55504
1 30 0.62 -0.55504
2 30 0.62 -0.55504
0 31 -0.4276 -0.6328
1 31 -0.4276 -0.6328
2 31 -0.4276 -0.6328
0 32 -0.39088 -0.50752
1 32 -0.39088 -0.50752
2 32 -0.39088 -0.50752
0 33 0.68048 -0.57232
1 33 0.68048 -0.57016
2 33 0.68048 -0.57016
0 34 -0.69544 -0.8704
1 34 -0.69544 -0.86824
2 34 -0.6976 -0.86824
0 35 -0.427168 -0.631936
1 35 -0.427168 -0.631936
2 35 -0.427168 -0.631936
0 36 -0.401248 -0.631936
1 36 -0.401248 -0.631936
2 36 -0.401248 -0.631936
0 37 0.715904 -0.344224
1 37 0.715904 -0.344224
2 37 0.715904 -0.344224
0 38 -0.256096 -0.53344
1 38 -0.256096 -0.53344
2 38 -0.256096 -0.53344
0 39 -0.696736 -0.8704
1 39 -0.696736 -0.8704
2 39 -0.696736 -0.867808
0 40 -0.227584 -0.626752
1 40 -0.227584 -0.62416
2 40 -0.227584 -0.62416
0 41 -0.217216 -0.567136
1 41 -0.217216 -0.564544
2 41 -0.217216 -0.564544
0 42 -0.486784 -0.81856
1 42 -0.486784 -0.81856
2 42 -0.486784 -0.81856
0 43 -0.634528 -0.294976
1 43 -0.634528 -0.294976
2 43 -0.634528 -0.294976
0 44 -0.62416 -0.618976
1 44 -0.62416 -0.618976
2 44 -0.62416 -0.616384
0 45 -0.683776 -0.642304
1 45 -0.683776 -0.642304
2 45 -0.683776 -0.642304
0 46 -0.0305918 -0.497152
1 46 -0.0305918 -0.497152
2 46 -0.0305918 -0.497152
0 47 -0.471232 -0.305344
1 47 -0.471232 -0.302752
2 47 -0.471232 -0.302752
0 48 -0.315712 -0.626752
1 48 -0.315712 -0.626752
2 48 -0.315712 -0.626752
0 49 -0.654746 -0.517888
1 49 -0.654746 -0.517888
2 49 -0.654746 -0.517888
0 50 -0.0326653 -0.496115
1 50 -0.0326653 -0.496115
2 50 -0.0326653 -0.496115
0 51 -0.486784 -0.819597
1 51 -0.486784 -0.816486
2 51 -0.486784 -0.816486
0 52 -0.256614 -0.53344
1 52 -0.256614 -0.530329
2 52 -0.256614 -0.530329
0 53 -0.667187 -0.660966
1 53 -0.667187 -0.660966
2 53 -0.667187 -0.660966
0 54 -0.623641 -0.620531
1 54 -0.623641 -0.617421
2 54 -0.623641 -0.617421
0 55 0.657844 -0.421465
1 55 0.657844 -0.421465
2 55 0.657844 -0.421465
0 56 -0.334374 -0.477453
1 56 -0.334374 -0.477453
2 56 -0.334374 -0.477453
0 57 -0.353037 -0.517888
1 57 -0.353037 -0.517888
2 57 -0.353037 -0.517888
0 58 -0.548992 -0.589427
1 58 -0.548992 -0.589427
2 58 -0.548992 -0.589427
0 59 -0.695181 -0.869363
1 59 -0.695181 -0.866253
2 59 -0.695181 -0.866253
0 60 -0.228621 -0.623641
1 60 -0.228621 -0.623641
2 60 -0.228621 -0.623641
0 61 0.0917507 -0.664077
1 61 0.0917507 -0.664077
2 61 0.0917507 -0.664077
0 62 -0.350548 -0.51851
1 62 -0.350548 -0.51851
2 62 -0.350548 -0.51851
0 63 -0.682739 -0.645414
1 63 -0.682739 -0.641682
2 63 -0.682739 -0.641682
0 64 -0.611822 -0.600625
1 64 -0.611822 -0.600625
2 64 -0.611822 -0.600625
0 65 -0.600625 -0.623019
1 65 -0.600625 -0.623019
2 65 -0.600625 -0.623019
0 66 -0.667809 -0.660344
1 66 -0.667809 -0.660344
2 66 -0.667809 -0.660344
0 67 -0.02209 -0.667809
1 67 -0.02209 -0.667809
2 67 -0.02209 -0.667809
0 68 0.657222 -0.425198
1 68 0.657222 -0.421465
2 68 0.657222 -0.421465
0 69 0.54898 -0.499848
1 69 0.54898 -0.499848
2 69 0.54898 -0.499848
0 70 -0.384141 -0.466255
1 70 -0.384141 -0.466255
2 70 -0.384141 -0.466255
0 71 -0.630484 -0.634217
1 71 -0.630484 -0.634217
2 71 -0.630484 -0.634217
0 72 -0.227376 -0.623019
1 72 -0.227376 -0.623019
2 72 -0.227376 -0.623019
0 73 0.0898844 -0.664077
1 73 0.0898844 -0.664077
2 73 0.0898844 -0.664077
0 74 -0.47372 -0.305759
1 74 -0.47372 -0.305759
2 74 -0.47372 -0.305759
0 75 -0.48865 -0.817108
1 75 -0.48865 -0.817108
2 75 -0.48865 -0.817108
0 76 -0.343083 -0.611822
1 76 -0.343083 -0.611822
2 76 -0.343083 -0.611822
