69
0 0 -0.209375 -0.507292
1 0 -0.209375 -0.507292
2 0 -0.209375 -0.508333
0 1 0.566667 -0.575
1 1 0.566667 -0.575
2 1 0.566667 -0.576042
0 2 0.5125 -0.583333
1 2 0.5125 -0.583333
2 2 0.5125 -0.584375
0 3 -0.194792 -0.554167
1 3 -0.194792 -0.554167
2 3 -0.194792 -0.555208
0 4 0.455 -0.57875
1 4 0.455 -0.57875
2 4 0.455 -0.58
0 5 0.3225 -0.84125
1 5 0.3225 -0.84125
2 5 0.3225 -0.8425
0 6 0.645 -0.53125
1 6 0.645 -0.53125
2 6 0.645 -0.5325
0 7 0.5555 -0.5725
1 7 0.5555 -0.574
2 7 0.5555 -0.574
0 8 0.68 -0.538
1 8 0.68 -0.538
2 8 0.68 -0.5395
0 9 -0.679 -0.844
1 9 -0.679 -0.8455
2 9 -0.679 -0.8455
0 10 -0.4024 -0.6274
1 10 -0.4024 -0.6274
2 10 -0.4024 -0.6292
0 11 -0.6994 -0.8632
1 11 -0.6994 -0.8632
2 11 -0.6994 -0.865
0 12 -0.6796 -0.8452
1 12 -0.6796 -0.8452
2 12 -0.6796 -0.847
0 13 -0.658 -0.4546
1 13 -0.658 -0.4546
2 13 -0.658 -0.4564
0 14 0.6506 -0.5698
1 14 0.6506 -0.5698
2 14 0.6506 -0.5698
0 15 0.557 -0.5752
1 15 0.557 -0.5752
2 15 0.557 -0.577
0 16 -0.487 -0.8056
1 16 -0.487 -0.8056
2 16 -0.487 -0.8074
0 17 0.6398 -0.5806
1 17 0.6398 -0.5824
2 17 0.6398 -0.5824
0 18 0.6146 -0.5374
1 18 0.6146 -0.5374
2 18 0.6146 -0.5392
0 19 -0.37576 -0.62632
1 19 -0.37576 -0.62632
2 19 -0.37576 -0.62632
0 20 0.68048 -0.53992
1 20 0.68048 -0.53992
2 20 0.68048 -0.53992
0 21 0.55736 -0.57448
1 21 0.55736 -0.57448
2 21 0.55736 -0.57664
0 22 0.10808 -0.65656
1 22 0.10808 -0.65656
2 22 0.10808 -0.65872
0 23 -0.22024 -0.55936
1 23 -0.22024 -0.55936
2 23 -0.22024 -0.55936
0 24 -0.6004 -0.61336
1 24 -0.6004 -0.61336
2 24 -0.6004 -0.61552
0 25 -0.19432 -0.3088
1 25 -0.19432 -0.3088
2 25 -0.19648 -0.3088
0 26 -0.19864 -0.55504
1 26 -0.19864 -0.55504
2 26 -0.19864 -0.5572
0 27 -0.20512 -0.55288
1 27 -0.20512 -0.55504
2 27 -0.20512 -0.55504
0 28 -0.62848 -0.6112
1 28 -0.62848 -0.6112
2 28 -0.62848 -0.6112
0 29 -0.69976 -0.86392
1 29 -0.69976 -0.86392
2 29 -0.69976 -0.86392
0 30 -0.65656 -0.45568
1 30 -0.65656 -0.45568
2 30 -0.65656 -0.45568
0 31 -0.681184 -0.847072
1 31 -0.681184 -0.847072
2 31 -0.681184 -0.847072
0 32 -0.375328 -0.62416
1 32 -0.375328 -0.62416
2 32 -0.375328 -0.62416
0 33 -0.479008 -0.297568
1 33 -0.479008 -0.297568
2 33 -0.479008 -0.297568
0 34 0.625184 -0.587872
1 34 0.625184 -0.587872
2 34 0.625184 -0.587872
0 35 -0.673408 -0.655264
1 35 -0.673408 -0.655264
2 35 -0.673408 -0.655264
0 36 -0.489376 -0.810784
1 36 -0.489376 -0.813376
2 36 -0.489376 -0.813376
0 37 0.653696 -0.582688
1 37 0.653696 -0.582688
2 37 0.653696 -0.582688
0 38 0.640736 -0.58528
1 38 0.640736 -0.58528
2 38 0.640736 -0.58528
0 39 -0.219808 -0.55936
1 39 -0.219808 -0.55936
2 39 -0.219808 -0.561952
0 40 -0.699328 -0.862624
1 40 -0.699328 -0.862624
2 40 -0.699328 -0.862624
0 41 -0.0331838 -0.491968
1 41 -0.0331838 -0.491968
2 41 -0.0331838 -0.491968
0 42 -0.258688 -0.525664
1 42 -0.258688 -0.528256
2 42 -0.258688 -0.528256
0 43 -0.554176 -0.58528
1 43 -0.554176 -0.58528
2 43 -0.554176 -0.58528
0 44 -0.318304 -0.621568
1 44 -0.318304 -0.621568
2 44 -0.318304 -0.621568
0 45 0.643328 -0.437536
1 45 0.643328 -0.437536
2 45 0.643328 -0.437536
0 46 -0.402803 -0.623641
1 46 -0.402803 -0.623641
2 46 -0.402803 -0.623641
0 47 -0.272166 -0.309491
1 47 -0.272166 -0.309491
2 47 -0.272166 -0.309491
0 48 -0.679629 -0.695181
1 48 -0.679629 -0.695181
2 48 -0.679629 -0.695181
0 49 -0.228621 -0.617421
1 49 -0.228621 -0.617421
2 49 -0.228621 -0.617421
0 50 -0.642304 -0.37792
1 50 -0.642304 -0.37792
2 50 -0.642304 -0.37792
0 51 -0.68585 -0.636083
1 51 -0.68585 -0.636083
2 51 -0.68585 -0.636083
0 52 -0.626752 -0.6112
1 52 -0.626752 -0.6112
2 52 -0.626752 -0.61431
0 53 -0.698291 -0.860032
1 53 -0.698291 -0.863142
2 53 -0.698291 -0.863142
0 54 -0.489894 -0.810266
1 54 -0.489894 -0.813376
2 54 -0.489894 -0.813376
0 55 -0.219289 -0.561433
1 55 -0.219289 -0.561433
2 55 -0.219289 -0.561433
0 56 -0.197517 -0.615554
1 56 -0.197517 -0.615554
2 56 -0.197517 -0.615554
0 57 0.086152 -0.660344
1 57 0.086152 -0.660344
2 57 0.086152 -0.660344
0 58 -0.02209 -0.664077
1 58 -0.02209 -0.664077
2 58 -0.02209 -0.664077
0 59 -0.335618 -0.47372
1 59 -0.335618 -0.47372
2 59 -0.335618 -0.47372
0 60 -0.630484 -0.626752
1 60 -0.630484 -0.626752
2 60 -0.630484 -0.626752
0 61 -0.402803 -0.623019
1 61 -0.402803 -0.623019
2 61 -0.402803 -0.623019
0 62 -0.652879 -0.354281
1 62 -0.652879 -0.354281
2 62 -0.652879 -0.354281
0 63 -0.372943 -0.623019
1 63 -0.372943 -0.623019
2 63 -0.372943 -0.623019
0 64 -0.156459 -0.615554
1 64 -0.156459 -0.615554
2 64 -0.156459 -0.615554
0 65 0.0712221 -0.604357
1 65 0.0712221 -0.604357
2 65 0.0712221 -0.604357
0 66 -0.216179 -0.552102
1 66 -0.216179 -0.552102
2 66 -0.216179 -0.552102
0 67 -0.656612 -0.511045
1 67 -0.656612 -0.511045
2 67 -0.656612 -0.511045
0 68 0.571375 -0.525975
1 68 0.571375 -0.525975
2 68 0.571375 -0.525975
