195
0 0 0.567708 -0.580208
1 0 0.567708 -0.580208
2 0 0.567708 -0.580208
0 1 -0.025 -0.704167
1 1 -0.025 -0.704167
2 1 -0.025 -0.704167
0 2 -0.025 -0.661458
1 2 -0.025 -0.661458
2 2 -0.025 -0.661458
0 3 -0.676042 -0.596875
1 3 -0.676042 -0.596875
2 3 -0.676042 -0.596875
0 4 0.477083 -0.59375
1 4 0.477083 -0.59375
2 4 0.477083 -0.59375
0 5 -0.0291667 -0.684375
1 5 -0.0291667 -0.684375
2 5 -0.0291667 -0.684375
0 6 0.0302083 -0.646875
1 6 0.0302083 -0.646875
2 6 0.0302083 -0.646875
0 7 0.40625 -0.670833
1 7 0.40625 -0.670833
2 7 0.40625 -0.670833
0 8 0.3625 -0.620833
1 8 0.3625 -0.620833
2 8 0.3625 -0.620833
0 9 -0.0177083 -0.669792
1 9 -0.0177083 -0.669792
2 9 -0.0177083 -0.669792
0 10 0.640625 -0.659375
1 10 0.640625 -0.659375
2 10 0.640625 -0.659375
0 11 -0.0249999 -0.6625
1 11 -0.0249999 -0.6625
2 11 -0.0249999 -0.6625
0 12 0.32375 -0.84625
1 12 0.32375 -0.84625
2 12 0.32375 -0.84625
0 13 0.50875 -0.5725
1 13 0.50875 -0.5725
2 13 0.50875 -0.5725
0 14 0.67125 -0.5475
1 14 0.67125 -0.5475
2 14 0.67125 -0.5475
0 15 0.5675 -0.7
1 15 0.5675 -0.7
2 15 0.5675 -0.7
0 16 0.56625 -0.58
1 16 0.56625 -0.58
2 16 0.56625 -0.58
0 17 0.64625 -0.55125
1 17 0.64625 -0.55125
2 17 0.64625 -0.55125
0 18 0.455 -0.58125
1 18 0.455 -0.58125
2 18 0.455 -0.58125
0 19 0.545 -0.5825
1 19 0.545 -0.5825
2 19 0.545 -0.5825
0 20 0.53375 -0.595
1 20 0.53375 -0.595
2 20 0.53375 -0.595
0 21 0.57375 -0.575
1 21 0.57375 -0.575
2 21 0.57375 -0.575
0 22 0.31875 -0.905
1 22 0.31875 -0.905
2 22 0.31875 -0.905
0 23 0.48375 -0.5925
1 23 0.48375 -0.5925
2 23 0.48375 -0.5925
0 24 0.55375 -0.565
1 24 0.55375 -0.565
2 24 0.55375 -0.565
0 25 -0.42875 -0.59125
1 25 -0.42875 -0.59125
2 25 -0.42875 -0.59125
0 26 0.575 -0.57875
1 26 0.575 -0.57875
2 26 0.575 -0.57875
0 27 0.64875 -0.56375
1 27 0.64875 -0.56375
2 27 0.64875 -0.56375
0 28 0.6175 -0.55375
1 28 0.6175 -0.55375
2 28 0.6175 -0.55375
0 29 0.4625 -0.58
1 29 0.4625 -0.58
2 29 0.4625 -0.58
0 30 0.3625 -0.62
1 30 0.3625 -0.62
2 30 0.3625 -0.62
0 31 -0.0249999 -0.705
1 31 -0.0249999 -0.705
2 31 -0.0249999 -0.705
0 32 0.295 -0.62125
1 32 0.295 -0.62125
2 32 0.295 -0.62125
0 33 0.0300001 -0.64625
1 33 0.0300001 -0.64625
2 33 0.0300001 -0.64625
0 34 0.40625 -0.67125
1 34 0.40625 -0.67125
2 34 0.40625 -0.67125
0 35 0.4625 -0.583
1 35 0.4625 -0.583
2 35 0.4625 -0.583
0 36 0.53 -0.5995
1 36 0.53 -0.5995
2 36 0.53 -0.5995
0 37 0.641 -0.5395
1 37 0.641 -0.5395
2 37 0.641 -0.5395
0 38 0.5735 -0.5785
1 38 0.5735 -0.5785
2 38 0.5735 -0.5785
0 39 -0.4705 -0.304
1 39 -0.4705 -0.304
2 39 -0.4705 -0.304
0 40 -0.22 -0.562
1 40 -0.22 -0.562
2 40 -0.22 -0.562
0 41 0.6695 -0.5455
1 41 0.6695 -0.5455
2 41 0.6695 -0.5455
0 42 0.5735 -0.5755
1 42 0.5735 -0.5755
2 42 0.5735 -0.5755
0 43 0.653 -0.5845
1 43 0.653 -0.5845
2 43 0.653 -0.5845
0 44 0.5405 -0.5695
1 44 0.5405 -0.5695
2 44 0.5405 -0.5695
0 45 0.5435 -0.5815
1 45 0.5435 -0.5815
2 45 0.5435 -0.5815
0 46 0.6185 -0.556
1 46 0.6185 -0.556
2 46 0.6185 -0.556
0 47 0.6785 -0.5725
1 47 0.6785 -0.5725
2 47 0.6785 -0.5725
0 48 0.566 -0.58
1 48 0.566 -0.58
2 48 0.566 -0.58
0 49 0.5645 -0.577
1 49 0.5645 -0.577
2 49 0.5645 -0.577
0 50 0.68 -0.544
1 50 0.68 -0.544
2 50 0.68 -0.544
0 51 0.476 -0.5935
1 51 0.476 -0.5935
2 51 0.476 -0.5935
0 52 -0.487 -0.811
1 52 -0.487 -0.811
2 52 -0.487 -0.811
0 53 0.6875 -0.568
1 53 0.6875 -0.568
2 53 0.6875 -0.568
0 54 0.68 -0.58
1 54 0.68 -0.58
2 54 0.68 -0.58
0 55 -0.0249999 -0.6625
1 55 -0.0249999 -0.6625
2 55 -0.0249999 -0.6625
0 56 0.6245 -0.5425
1 56 0.6245 -0.5425
2 56 0.6245 -0.5425
0 57 -0.0279999 -0.6865
1 57 -0.0279999 -0.6865
2 57 -0.0279999 -0.6865
0 58 0.4835 -0.592
1 58 0.4835 -0.592
2 58 0.4835 -0.592
0 59 0.5345 -0.595
1 59 0.5345 -0.595
2 59 0.5345 -0.595
0 60 0.6155 -0.544
1 60 0.6155 -0.544
2 60 0.6155 -0.544
0 61 0.614 -0.289
1 61 0.614 -0.289
2 61 0.614 -0.289
0 62 0.512 -0.5878
1 62 0.512 -0.5878
2 62 0.512 -0.5878
0 63 0.6398 -0.5878
1 63 0.6398 -0.5878
2 63 0.6398 -0.5878
0 64 0.6776 -0.5698
1 64 0.6776 -0.5698
2 64 0.6776 -0.5698
0 65 0.6542 -0.586
1 65 0.6542 -0.586
2 65 0.6542 -0.586
0 66 0.6254 -0.5896
1 66 0.6254 -0.5896
2 66 0.6254 -0.5896
0 67 0.4598 -0.5698
1 67 0.4598 -0.5698
2 67 0.4598 -0.5698
0 68 0.5534 -0.5662
1 68 0.5534 -0.5662
2 68 0.5534 -0.5662
0 69 0.5714 -0.5662
1 69 0.5714 -0.5662
2 69 0.5714 -0.5662
0 70 0.62 -0.541
1 70 0.62 -0.541
2 70 0.62 -0.541
0 71 0.6146 -0.289
1 71 0.6146 -0.289
2 71 0.6146 -0.289
0 72 -0.2188 -0.5626
1 72 -0.2188 -0.5626
2 72 -0.2188 -0.5626
0 73 0.0530001 -0.4492
1 73 0.0530001 -0.4492
2 73 0.0530001 -0.4492
0 74 0.647 -0.5626
1 74 0.647 -0.5626
2 74 0.647 -0.5626
0 75 0.4832 -0.5914
1 75 0.4832 -0.5914
2 75 0.4832 -0.5914
0 76 -0.6346 -0.2926
1 76 -0.6346 -0.2926
2 76 -0.6346 -0.2926
0 77 0.5426 -0.5824
1 77 0.5426 -0.5824
2 77 0.5426 -0.5824
0 78 0.476 -0.5932
1 78 0.476 -0.5932
2 78 0.476 -0.5932
0 79 0.1142 -0.6616
1 79 0.1142 -0.6616
2 79 0.1142 -0.6616
0 80 -0.6778 -0.8506
1 80 -0.6778 -0.8506
2 80 -0.6796 -0.8506
0 81 -0.4852 -0.8038
1 81 -0.4852 -0.8038
2 81 -0.4852 -0.8038
0 82 -0.487 -0.811
1 82 -0.487 -0.811
2 82 -0.487 -0.811
0 83 0.629 -0.6742
1 83 0.629 -0.6742
2 83 0.629 -0.6742
0 84 0.6362 -0.577
1 84 0.6362 -0.577
2 84 0.6362 -0.577
0 85 0.0926001 -0.6634
1 85 0.0926001 -0.6634
2 85 0.0926001 -0.6634
0 86 0.4904 -0.577
1 86 0.4904 -0.577
2 86 0.4904 -0.577
0 87 0.575 -0.5788
1 87 0.575 -0.5788
2 87 0.575 -0.5788
0 88 0.5516 -0.5968
1 88 0.5516 -0.5968
2 88 0.5516 -0.5968
0 89 -0.4024 -0.6328
1 89 -0.4024 -0.6328
2 89 -0.4024 -0.6328
0 90 -0.19432 -0.568
1 90 -0.19432 -0.568
2 90 -0.19432 -0.568
0 91 -0.19648 -0.62416
1 91 -0.19648 -0.62416
2 91 -0.19648 -0.62416
0 92 0.68912 -0.57016
1 92 0.68912 -0.57016
2 92 0.68912 -0.57016
0 93 -0.63496 -0.29368
1 93 -0.63496 -0.29368
2 93 -0.63496 -0.29368
0 94 -0.6004 -0.61984
1 94 -0.6004 -0.61984
2 94 -0.6004 -0.61984
0 95 -0.4708 -0.30232
1 95 -0.4708 -0.30232
2 95 -0.4708 -0.30232
0 96 -0.47728 -0.30232
1 96 -0.47728 -0.30232
2 96 -0.47728 -0.30232
0 97 -0.0236799 -0.66304
1 97 -0.0236799 -0.66304
2 97 -0.0236799 -0.66304
0 98 -0.40168 -0.6328
1 98 -0.40168 -0.6328
2 98 -0.40168 -0.6328
0 99 -0.48592 -0.80992
1 99 -0.48592 -0.80992
2 99 -0.48592 -0.80992
0 100 0.55088 -0.59608
1 100 0.55088 -0.59608
2 100 0.55088 -0.59608
0 101 0.62648 -0.5896
1 101 0.62648 -0.5896
2 101 0.62648 -0.5896
0 102 0.512 -0.58744
1 102 0.512 -0.58744
2 102 0.512 -0.58744
0 103 0.6416 -0.58744
1 103 0.6416 -0.58744
2 103 0.6416 -0.58744
0 104 -0.33904 -0.47512
1 104 -0.33904 -0.47512
2 104 -0.33904 -0.47512
0 105 0.55736 -0.5788
1 105 0.55736 -0.5788
2 105 0.55736 -0.5788
0 106 0.67832 -0.57016
1 106 0.67832 -0.57016
2 106 0.67832 -0.57016
0 107 0.62648 -0.5788
1 107 0.62648 -0.5788
2 107 0.62648 -0.5788
0 108 -0.6976 -0.86824
1 108 -0.6976 -0.86824
2 108 -0.69976 -0.86824
0 109 0.63944 -0.43192
1 109 0.63944 -0.43192
2 109 0.63944 -0.43192
0 110 -0.22888 -0.62632
1 110 -0.22888 -0.62632
2 110 -0.22888 -0.62632
0 111 0.4904 -0.57664
1 111 0.4904 -0.57664
2 111 0.4904 -0.57664
0 112 -0.15328 -0.5248
1 112 -0.15328 -0.5248
2 112 -0.15328 -0.5248
0 113 0.66752 -0.58528
1 113 0.66752 -0.58528
2 113 0.66752 -0.58528
0 114 0.6416 -0.44272
1 114 0.6416 -0.44272
2 114 0.6416 -0.44272
0 115 0.0929601 -0.66304
1 115 0.0929601 -0.66304
2 115 0.0929601 -0.66304
0 116 0.6524 -0.57448
1 116 0.6524 -0.57448
2 116 0.6524 -0.57448
0 117 -0.32608 -0.52696
1 117 -0.32608 -0.52696
2 117 -0.32608 -0.52696
0 118 -0.21808 -0.56152
1 118 -0.21808 -0.56152
2 118 -0.21808 -0.56152
0 119 0.63512 -0.57664
1 119 0.63512 -0.57664
2 119 0.63512 -0.57664
0 120 -0.5248 -0.55288
1 120 -0.5248 -0.55288
2 120 -0.5248 -0.55288
0 121 -0.30664 -0.50968
1 121 -0.30664 -0.50968
2 121 -0.30664 -0.50968
0 122 0.61568 -0.2872
1 122 0.61568 -0.2872
2 122 0.61568 -0.28936
0 123 -0.696736 -0.867808
1 123 -0.696736 -0.867808
2 123 -0.699328 -0.867808
0 124 -0.0331838 -0.497152
1 124 -0.0331838 -0.497152
2 124 -0.0331838 -0.497152
0 125 0.640736 -0.432352
1 125 0.640736 -0.432352
2 125 0.640736 -0.432352
0 126 -0.256096 -0.53344
1 126 -0.256096 -0.53344
2 126 -0.256096 -0.53344
0 127 -0.484192 -0.797824
1 127 -0.4816 -0.797824
2 127 -0.484192 -0.797824
0 128 0.625184 -0.593056
1 128 0.625184 -0.593056
2 128 0.625184 -0.593056
0 129 -0.686368 -0.642304
1 129 -0.686368 -0.642304
2 129 -0.686368 -0.642304
0 130 -0.393472 -0.50752
1 130 -0.393472 -0.50752
2 130 -0.393472 -0.50752
0 131 -0.673408 -0.660448
1 131 -0.673408 -0.660448
2 131 -0.673408 -0.660448
0 132 -0.626752 -0.616384
1 132 -0.626752 -0.616384
2 132 -0.626752 -0.616384
0 133 0.109376 -0.66304
1 133 0.109376 -0.66304
2 133 0.109376 -0.66304
0 134 0.0912323 -0.66304
1 134 0.0912323 -0.66304
2 134 0.0912323 -0.66304
0 135 -0.199072 -0.561952
1 135 -0.199072 -0.561952
2 135 -0.199072 -0.561952
0 136 -0.0228158 -0.66304
1 136 -0.0228158 -0.66304
2 136 -0.0228158 -0.66304
0 137 -0.258688 -0.626752
1 137 -0.258688 -0.626752
2 137 -0.258688 -0.626752
0 138 0.643328 -0.44272
1 138 0.643328 -0.44272
2 138 0.643328 -0.44272
0 139 -0.613792 -0.600832
1 139 -0.613792 -0.600832
2 139 -0.613792 -0.600832
0 140 -0.471232 -0.302752
1 140 -0.471232 -0.302752
2 140 -0.471232 -0.302752
0 141 -0.489376 -0.81856
1 141 -0.489376 -0.81856
2 141 -0.489376 -0.81856
0 142 0.459296 -0.6112
1 142 0.459296 -0.6112
2 142 0.459296 -0.6112
0 143 -0.219808 -0.564544
1 143 -0.219808 -0.564544
2 143 -0.219808 -0.564544
0 144 -0.256614 -0.530329
1 144 -0.256614 -0.530329
2 144 -0.256614 -0.530329
0 145 -0.474342 -0.30327
1 145 -0.477453 -0.30327
2 145 -0.474342 -0.30327
0 146 -0.337485 -0.477453
1 146 -0.337485 -0.477453
2 146 -0.337485 -0.477453
0 147 -0.346816 -0.480563
1 147 -0.346816 -0.480563
2 147 -0.346816 -0.480563
0 148 -0.402803 -0.629862
1 148 -0.402803 -0.629862
2 148 -0.402803 -0.629862
0 149 -0.601869 -0.620531
1 149 -0.601869 -0.620531
2 149 -0.601869 -0.620531
0 150 -0.0233341 -0.664077
1 150 -0.0233341 -0.664077
2 150 -0.0233341 -0.664077
0 151 0.113523 -0.430797
1 151 0.113523 -0.430797
2 151 0.113523 -0.430797
0 152 -0.626752 -0.617421
1 152 -0.626752 -0.617421
2 152 -0.626752 -0.617421
0 153 0.545869 -0.499225
1 153 0.545869 -0.499225
2 153 0.545869 -0.499225
0 154 -0.670297 -0.660966
1 154 -0.670297 -0.660966
2 154 -0.670297 -0.660966
0 155 -0.657856 -0.517888
1 155 -0.657856 -0.517888
2 155 -0.657856 -0.517888
0 156 -0.642304 -0.38103
1 156 -0.642304 -0.38103
2 156 -0.642304 -0.38103
0 157 -0.387251 -0.465011
1 157 -0.387251 -0.465011
2 157 -0.387251 -0.465011
0 158 -0.219289 -0.567654
1 158 -0.219289 -0.567654
2 158 -0.219289 -0.567654
0 159 -0.228621 -0.623641
1 159 -0.228621 -0.623641
2 159 -0.228621 -0.623641
0 160 -0.489894 -0.816486
1 160 -0.489894 -0.816486
2 160 -0.489894 -0.816486
0 161 -0.68585 -0.642304
1 161 -0.68585 -0.642304
2 161 -0.68585 -0.642304
0 162 -0.483673 -0.797824
1 162 -0.483673 -0.797824
2 162 -0.483673 -0.797824
0 163 0.713831 -0.343705
1 163 0.713831 -0.343705
2 163 0.713831 -0.343705
0 164 -0.197517 -0.620531
1 164 -0.197517 -0.620531
2 164 -0.197517 -0.620531
0 165 -0.374809 -0.626752
1 165 -0.374809 -0.626752
2 165 -0.374809 -0.626752
0 166 -0.595648 -0.493005
1 166 -0.595648 -0.493005
2 166 -0.595648 -0.493005
0 167 -0.318822 -0.623641
1 167 -0.318822 -0.623641
2 167 -0.318822 -0.623641
0 168 -0.194406 -0.567654
1 168 -0.194406 -0.567654
2 168 -0.194406 -0.567654
0 169 -0.371699 -0.580096
1 169 -0.371699 -0.580096
2 169 -0.371699 -0.580096
0 170 -0.353037 -0.517888
1 170 -0.353037 -0.517888
2 170 -0.353037 -0.517888
0 171 -0.0357758 -0.496115
1 171 -0.0357758 -0.496115
2 171 -0.0357758 -0.496115
0 172 0.62674 -0.592537
1 172 0.62674 -0.592537
2 172 0.62674 -0.592537
0 173 -0.698291 -0.866253
1 173 -0.698291 -0.866253
2 173 -0.698291 -0.866253
0 174 -0.552102 -0.589427
1 174 -0.552102 -0.589427
2 174 -0.552102 -0.589427
0 175 0.112279 -0.42893
1 175 0.112279 -0.42893
2 175 0.112279 -0.42893
0 176 -0.630484 -0.630484
1 176 -0.630484 -0.630484
2 176 -0.630484 -0.630484
0 177 0.657222 -0.425198
1 177 0.657222 -0.425198
2 177 0.657222 -0.425198
0 178 -0.626752 -0.619287
1 178 -0.626752 -0.619287
2 178 -0.626752 -0.619287
0 179 0.0712221 -0.608089
1 179 0.0712221 -0.608089
2 179 0.0712221 -0.608089
0 180 -0.387873 -0.466255
1 180 -0.387873 -0.466255
2 180 -0.387873 -0.466255
0 181 -0.686472 -0.641682
1 181 -0.686472 -0.641682
2 181 -0.686472 -0.641682
0 182 -0.48865 -0.817108
1 182 -0.48865 -0.817108
2 182 -0.48865 -0.817108
0 183 -0.335618 -0.481185
1 183 -0.335618 -0.481185
2 183 -0.335618 -0.481185
0 184 -0.02209 -0.667809
1 184 -0.02209 -0.667809
2 184 -0.02209 -0.667809
0 185 -0.604357 -0.623019
1 185 -0.604357 -0.623019
2 185 -0.604357 -0.623019
0 186 -0.656612 -0.514777
1 186 -0.656612 -0.514777
2 186 -0.656612 -0.514777
0 187 -0.402803 -0.626752
1 187 -0.402803 -0.626752
2 187 -0.402803 -0.626752
0 188 -0.316956 -0.623019
1 188 -0.316956 -0.623019
2 188 -0.316956 -0.623019
0 189 -0.372943 -0.57823
1 189 -0.372943 -0.57823
2 189 -0.372943 -0.57823
0 190 -0.257236 -0.529707
1 190 -0.257236 -0.529707
2 190 -0.257236 -0.529707
0 191 -0.552102 -0.589427
1 191 -0.552102 -0.589427
2 191 -0.552102 -0.589427
0 192 0.086152 -0.664077
1 192 0.086152 -0.664077
2 192 0.086152 -0.664077
0 193 -0.354281 -0.51851
1 193 -0.354281 -0.51851
2 193 -0.354281 -0.51851
0 194 -0.477453 -0.305759
1 194 -0.477453 -0.305759
2 194 -0.477453 -0.305759
