92
0 0 0.161458 -0.614583
1 0 0.161458 -0.614583
2 0 0.161458 -0.614583
0 1 0.664583 -0.569792
1 1 0.663542 -0.569792
2 1 0.663542 -0.569792
0 2 0.5675 -0.695
1 2 0.5675 -0.695
2 2 0.5675 -0.695
0 3 0.5125 -0.58375
1 3 0.5125 -0.58375
2 3 0.5125 -0.58375
0 4 -0.67625 -0.84625
1 4 -0.67625 -0.845
2 4 -0.67625 -0.845
0 5 -0.2075 -0.50875
1 5 -0.2075 -0.50875
2 5 -0.2075 -0.50875
0 6 -0.0279999 -0.6805
1 6 -0.0279999 -0.6805
2 6 -0.0279999 -0.6805
0 7 0.3695 -0.6145
1 7 0.3695 -0.6145
2 7 0.3695 -0.6145
0 8 -0.6775 -0.847
1 8 -0.6775 -0.8455
2 8 -0.6775 -0.8455
0 9 -0.64 -0.289
1 9 -0.6415 -0.289
2 9 -0.6415 -0.289
0 10 0.641 -0.535
1 10 0.641 -0.535
2 10 0.641 -0.535
0 11 0.1142 -0.6562
1 11 0.1142 -0.6562
2 11 0.1142 -0.6562
0 12 -0.3736 -0.6274
1 12 -0.3736 -0.6274
2 12 -0.3736 -0.6274
0 13 -0.6562 -0.4564
1 13 -0.6562 -0.4564
2 13 -0.6562 -0.4564
0 14 0.557 -0.5752
1 14 0.557 -0.5752
2 14 0.557 -0.5752
0 15 -0.4852 -0.8074
1 15 -0.4852 -0.8074
2 15 -0.4852 -0.8074
0 16 -0.6976 -0.865
1 16 -0.6976 -0.865
2 16 -0.6976 -0.8632
0 17 0.6884 -0.5644
1 17 0.6884 -0.5644
2 17 0.6884 -0.5644
0 18 -0.6778 -0.847
1 18 -0.6778 -0.847
2 18 -0.6778 -0.8452
0 19 0.6506 -0.5698
1 19 0.6506 -0.5698
2 19 0.6506 -0.5698
0 20 -0.2188 -0.559
1 20 -0.2188 -0.5572
2 20 -0.2188 -0.5572
0 21 0.6398 -0.5824
1 21 0.6398 -0.5824
2 21 0.6398 -0.5824
0 22 0.6776 -0.5662
1 22 0.6776 -0.5662
2 22 0.6776 -0.5662
0 23 -0.6346 -0.2872
1 23 -0.6346 -0.2872
2 23 -0.6346 -0.2872
0 24 0.5192 -0.5824
1 24 0.5192 -0.5824
2 24 0.5192 -0.5824
0 25 -0.19648 -0.61984
1 25 -0.19864 -0.61984
2 25 -0.19864 -0.61984
0 26 -0.47728 -0.298
1 26 -0.47728 -0.298
2 26 -0.47728 -0.298
0 27 -0.0236799 -0.65872
1 27 -0.0236799 -0.65872
2 27 -0.0236799 -0.65872
0 28 -0.48592 -0.8056
1 28 -0.48592 -0.8056
2 28 -0.48592 -0.8056
0 29 -0.63496 -0.28936
1 29 -0.63496 -0.2872
2 29 -0.63496 -0.2872
0 30 0.10808 -0.65872
1 30 0.10808 -0.65656
2 30 0.10808 -0.65656
0 31 0.11456 -0.65656
1 31 0.11456 -0.65656
2 31 0.11456 -0.65656
0 32 -0.67816 -0.84664
1 32 -0.67816 -0.84664
2 32 -0.67816 -0.84664
0 33 -0.6976 -0.86392
1 33 -0.6976 -0.86392
2 33 -0.6976 -0.86392
0 34 0.512 -0.58312
1 34 0.512 -0.58312
2 34 0.512 -0.58312
0 35 -0.59824 -0.61552
1 35 -0.59824 -0.61552
2 35 -0.59824 -0.61552
0 36 -0.63928 -0.28936
1 36 -0.64144 -0.28936
2 36 -0.64144 -0.28936
0 37 0.0929601 -0.65872
1 37 0.0929601 -0.65872
2 37 0.0929601 -0.65872
0 38 -0.19864 -0.3088
1 38 -0.19864 -0.3088
2 38 -0.19864 -0.3088
0 39 0.62864 -0.54856
1 39 0.62864 -0.54856
2 39 0.62864 -0.54856
0 40 0.459296 -0.606016
1 40 0.459296 -0.606016
2 40 0.459296 -0.606016
0 41 -0.0331838 -0.491968
1 41 -0.0331838 -0.491968
2 41 -0.0331838 -0.491968
0 42 -0.486784 -0.813376
1 42 -0.486784 -0.813376
2 42 -0.486784 -0.813376
0 43 -0.336448 -0.471232
1 43 -0.336448 -0.471232
2 43 -0.336448 -0.471232
0 44 -0.696736 -0.865216
1 44 -0.696736 -0.862624
2 44 -0.696736 -0.862624
0 45 -0.551584 -0.58528
1 45 -0.551584 -0.58528
2 45 -0.551584 -0.58528
0 46 -0.344224 -0.476416
1 46 -0.344224 -0.476416
2 46 -0.344224 -0.476416
0 47 -0.686368 -0.63712
1 47 -0.686368 -0.63712
2 47 -0.686368 -0.63712
0 48 -0.401248 -0.626752
1 48 -0.401248 -0.626752
2 48 -0.401248 -0.626752
0 49 -0.62416 -0.613792
1 49 -0.62416 -0.613792
2 49 -0.62416 -0.613792
0 50 -0.678592 -0.847072
1 50 -0.678592 -0.847072
2 50 -0.678592 -0.847072
0 51 -0.655264 -0.652672
1 51 -0.655264 -0.652672
2 51 -0.655264 -0.652672
0 52 -0.256096 -0.528256
1 52 -0.256096 -0.528256
2 52 -0.256096 -0.528256
0 53 -0.193888 -0.564544
1 53 -0.193888 -0.564544
2 53 -0.193888 -0.564544
0 54 -0.402803 -0.623641
1 54 -0.402803 -0.623641
2 54 -0.402803 -0.623641
0 55 -0.0233341 -0.660966
1 55 -0.0233341 -0.660966
2 55 -0.0233341 -0.660966
0 56 -0.272166 -0.309491
1 56 -0.272166 -0.309491
2 56 -0.272166 -0.309491
0 57 0.0886403 -0.657856
1 57 0.0886403 -0.657856
2 57 0.0886403 -0.657856
0 58 0.458778 -0.604979
1 58 0.458778 -0.604979
2 58 0.458778 -0.604979
0 59 0.0699778 -0.604979
1 59 0.0699778 -0.604979
2 59 0.0699778 -0.604979
0 60 -0.623641 -0.61431
1 60 -0.623641 -0.61431
2 60 -0.623641 -0.61431
0 61 -0.197517 -0.617421
1 61 -0.197517 -0.617421
2 61 -0.197517 -0.617421
0 62 -0.486784 -0.813376
1 62 -0.486784 -0.813376
2 62 -0.486784 -0.813376
0 63 -0.601869 -0.617421
1 63 -0.601869 -0.617421
2 63 -0.601869 -0.617421
0 64 -0.676518 -0.695181
1 64 -0.676518 -0.695181
2 64 -0.676518 -0.695181
0 65 -0.337485 -0.471232
1 65 -0.337485 -0.471232
2 65 -0.337485 -0.471232
0 66 -0.256614 -0.527219
1 66 -0.256614 -0.527219
2 66 -0.256614 -0.527219
0 67 -0.483673 -0.794714
1 67 -0.483673 -0.794714
2 67 -0.483673 -0.794714
0 68 -0.315712 -0.620531
1 68 -0.315712 -0.620531
2 68 -0.315712 -0.620531
0 69 -0.595648 -0.489894
1 69 -0.595648 -0.489894
2 69 -0.595648 -0.489894
0 70 -0.695181 -0.863142
1 70 -0.695181 -0.863142
2 70 -0.695181 -0.863142
0 71 -0.371699 -0.576985
1 71 -0.371699 -0.576985
2 71 -0.371699 -0.576985
0 72 -0.652879 -0.511045
1 72 -0.652879 -0.511045
2 72 -0.652879 -0.511045
0 73 -0.335618 -0.47372
1 73 -0.335618 -0.47372
2 73 -0.335618 -0.47372
0 74 -0.611822 -0.596892
1 74 -0.611822 -0.596892
2 74 -0.611822 -0.596892
0 75 -0.623019 -0.615554
1 75 -0.623019 -0.615554
2 75 -0.623019 -0.615554
0 76 0.590037 -0.51851
1 76 0.590037 -0.51851
2 76 0.590037 -0.51851
0 77 -0.372943 -0.623019
1 77 -0.372943 -0.623019
2 77 -0.372943 -0.623019
0 78 -0.682739 -0.637949
1 78 -0.682739 -0.637949
2 78 -0.682739 -0.637949
0 79 -0.02209 -0.664077
1 79 -0.02209 -0.664077
2 79 -0.02209 -0.664077
0 80 -0.630484 -0.626752
1 80 -0.630484 -0.626752
2 80 -0.630484 -0.626752
0 81 -0.316956 -0.619287
1 81 -0.316956 -0.619287
2 81 -0.316956 -0.619287
0 82 0.0712221 -0.604357
1 82 0.0712221 -0.604357
2 82 0.0712221 -0.604357
0 83 -0.667809 -0.656612
1 83 -0.667809 -0.656612
2 83 -0.667809 -0.656612
0 84 -0.641682 -0.376676
1 84 -0.641682 -0.376676
2 84 -0.641682 -0.376676
0 85 0.0450947 -0.567032
1 85 0.0450947 -0.567032
2 85 0.0450947 -0.567032
0 86 0.112279 -0.425198
1 86 0.112279 -0.425198
2 86 0.112279 -0.425198
0 87 0.086152 -0.660344
1 87 0.086152 -0.660344
2 87 0.086152 -0.660344
0 88 -0.54837 -0.585695
1 88 -0.54837 -0.585695
2 88 -0.54837 -0.585695
0 89 0.4594 -0.667809
1 89 0.4594 -0.667809
2 89 0.4594 -0.667809
0 90 -0.477453 -0.302026
1 90 -0.477453 -0.302026
2 90 -0.477453 -0.302026
0 91 -0.402803 -0.623019
1 91 -0.402803 -0.623019
2 91 -0.402803 -0.623019
