82
0 0 0.319792 -0.901042
1 0 0.319792 -0.9
2 0 0.319792 -0.9
0 1 -0.67625 -0.84875
1 1 -0.67625 -0.8475
2 1 -0.67625 -0.8475
0 2 0.6275 -0.5775
1 2 0.6275 -0.57625
2 2 0.6275 -0.57625
0 3 -0.21875 -0.55875
1 3 -0.21875 -0.5575
2 3 -0.21875 -0.5575
0 4 0.64125 -0.58375
1 4 0.64125 -0.5825
2 4 0.64125 -0.5825
0 5 0.6675 -0.58
1 5 0.6675 -0.57875
2 5 0.6675 -0.57875
0 6 -0.485 -0.81
1 6 -0.485 -0.80875
2 6 -0.485 -0.80875
0 7 0.485 -0.59
1 7 0.485 -0.58875
2 7 0.485 -0.58875
0 8 0.67375 -0.545
1 8 0.67375 -0.545
2 8 0.67375 -0.54375
0 9 0.4075 -0.67
1 9 0.4075 -0.66875
2 9 0.4075 -0.66875
0 10 0.5345 -0.5935
1 10 0.5345 -0.592
2 10 0.5345 -0.592
0 11 -0.676 -0.8485
1 11 -0.676 -0.847
2 11 -0.6775 -0.847
0 12 0.689 -0.5665
1 12 0.689 -0.565
2 12 0.689 -0.565
0 13 0.5315 -0.5815
1 13 0.5315 -0.58
2 13 0.5315 -0.58
0 14 0.575 -0.577
1 14 0.575 -0.5755
2 14 0.575 -0.5755
0 15 0.557 -0.577
1 15 0.557 -0.5755
2 15 0.557 -0.5755
0 16 -0.64 -0.292
1 16 -0.64 -0.2905
2 16 -0.64 -0.2905
0 17 0.641 -0.5845
1 17 0.641 -0.583
2 17 0.641 -0.583
0 18 0.641 -0.538
1 18 0.641 -0.5365
2 18 0.641 -0.5365
0 19 0.5195 -0.5845
1 19 0.5195 -0.583
2 19 0.5195 -0.583
0 20 0.6254 -0.5392
1 20 0.6254 -0.5374
2 20 0.6254 -0.5374
0 21 -0.2188 -0.5608
1 21 -0.2188 -0.559
2 21 -0.2188 -0.559
0 22 -0.469 -0.3016
1 22 -0.469 -0.2998
2 22 -0.469 -0.2998
0 23 -0.6256 -0.6148
1 23 -0.6256 -0.613
2 23 -0.6256 -0.613
0 24 -0.4852 -0.8092
1 24 -0.4852 -0.8074
2 24 -0.4852 -0.8074
0 25 0.62 -0.5392
1 25 0.62 -0.5374
2 25 0.62 -0.5374
0 26 0.6794 -0.5698
1 26 0.6794 -0.568
2 26 0.6794 -0.568
0 27 0.6164 -0.541
1 27 0.6164 -0.541
2 27 0.6164 -0.5392
0 28 -0.163 -0.5194
1 28 -0.163 -0.5176
2 28 -0.163 -0.5176
0 29 0.512 -0.586
1 29 0.512 -0.5842
2 29 0.512 -0.5842
0 30 0.6452 -0.55
1 30 0.6452 -0.5482
2 30 0.6452 -0.5482
0 31 0.6362 -0.5752
1 31 0.6362 -0.5734
2 31 0.6362 -0.5734
0 32 -0.6562 -0.46
1 32 -0.6562 -0.4582
2 32 -0.6562 -0.4582
0 33 -0.4834 -0.802
1 33 -0.4834 -0.8002
2 33 -0.4834 -0.8002
0 34 -0.6346 -0.2908
1 34 -0.6346 -0.289
2 34 -0.6346 -0.289
0 35 0.5444 -0.5806
1 35 0.5444 -0.5788
2 35 0.5444 -0.5788
0 36 0.6812 -0.5788
1 36 0.6812 -0.5788
2 36 0.6812 -0.577
0 37 -0.6544 -0.65224
1 37 -0.6544 -0.65224
2 37 -0.6544 -0.65224
0 38 0.10808 -0.66088
1 38 0.10808 -0.65872
2 38 0.10808 -0.65872
0 39 0.66752 -0.58312
1 39 0.66752 -0.58096
2 39 0.66752 -0.58096
0 40 0.64592 -0.54856
1 40 0.64592 -0.5464
2 40 0.64592 -0.5464
0 41 -0.69544 -0.86608
1 41 -0.6976 -0.86608
2 41 -0.6976 -0.86608
0 42 -0.63496 -0.29152
1 42 -0.63496 -0.28936
2 42 -0.63496 -0.28936
0 43 -0.63928 -0.29152
1 43 -0.63928 -0.29152
2 43 -0.63928 -0.28936
0 44 0.0929601 -0.66088
1 44 0.0929601 -0.66088
2 44 0.0929601 -0.66088
0 45 -0.4708 -0.30232
1 45 -0.4708 -0.30016
2 45 -0.4708 -0.30016
0 46 0.69128 -0.568
1 46 0.69128 -0.56584
2 46 0.69128 -0.56584
0 47 -0.33688 -0.47296
1 47 -0.33688 -0.4708
2 47 -0.33688 -0.4708
0 48 -0.61336 -0.6004
1 48 -0.61336 -0.59824
2 48 -0.61336 -0.59824
0 49 -0.40168 -0.63064
1 49 -0.40168 -0.62848
2 49 -0.40168 -0.62848
0 50 0.68264 -0.54208
1 50 0.68264 -0.54208
2 50 0.68264 -0.54208
0 51 0.65456 -0.5464
1 51 0.65456 -0.5464
2 51 0.65456 -0.5464
0 52 0.45584 -0.58096
1 52 0.45584 -0.5788
2 52 0.45584 -0.5788
0 53 0.512 -0.58528
1 53 0.512 -0.58312
2 53 0.512 -0.58312
0 54 0.627776 -0.590464
1 54 0.627776 -0.587872
2 54 0.627776 -0.587872
0 55 -0.256096 -0.530848
1 55 -0.256096 -0.528256
2 55 -0.256096 -0.528256
0 56 -0.4816 -0.797824
1 56 -0.4816 -0.795232
2 56 -0.4816 -0.795232
0 57 -0.613792 -0.600832
1 57 -0.613792 -0.59824
2 57 -0.613792 -0.59824
0 58 -0.372736 -0.626752
1 58 -0.372736 -0.626752
2 58 -0.372736 -0.626752
0 59 -0.227584 -0.62416
1 59 -0.227584 -0.621568
2 59 -0.227584 -0.621568
0 60 -0.19648 -0.621568
1 60 -0.19648 -0.621568
2 60 -0.19648 -0.618976
0 61 -0.59824 -0.618976
1 61 -0.59824 -0.616384
2 61 -0.59824 -0.616384
0 62 -0.678592 -0.849664
1 62 -0.678592 -0.849664
2 62 -0.678592 -0.849664
0 63 -0.217216 -0.561952
1 63 -0.217216 -0.561952
2 63 -0.217216 -0.561952
0 64 -0.545881 -0.545881
1 64 -0.545881 -0.545881
2 64 -0.545881 -0.545881
0 65 -0.489894 -0.813376
1 65 -0.489894 -0.813376
2 65 -0.489894 -0.813376
0 66 -0.601869 -0.620531
1 66 -0.601869 -0.617421
2 66 -0.601869 -0.617421
0 67 0.545869 -0.496115
1 67 0.545869 -0.496115
2 67 0.545869 -0.496115
0 68 -0.623641 -0.617421
1 68 -0.623641 -0.61431
2 68 -0.623641 -0.61431
0 69 0.657844 -0.421465
1 69 0.657844 -0.418355
2 69 0.657844 -0.418355
0 70 0.62674 -0.589427
1 70 0.62674 -0.589427
2 70 0.62674 -0.589427
0 71 -0.256614 -0.530329
1 71 -0.256614 -0.527219
2 71 -0.256614 -0.527219
0 72 -0.194406 -0.564544
1 72 -0.194406 -0.564544
2 72 -0.194406 -0.564544
0 73 -0.679629 -0.850701
1 73 -0.679629 -0.850701
2 73 -0.679629 -0.850701
0 74 -0.353037 -0.514777
1 74 -0.353037 -0.514777
2 74 -0.353037 -0.514777
0 75 -0.667809 -0.656612
1 75 -0.667809 -0.656612
2 75 -0.667809 -0.656612
0 76 -0.350548 -0.514777
1 76 -0.350548 -0.514777
2 76 -0.350548 -0.514777
0 77 -0.02209 -0.664077
1 77 -0.02209 -0.664077
2 77 -0.02209 -0.664077
0 78 0.086152 -0.660344
1 78 0.086152 -0.660344
2 78 0.086152 -0.660344
0 79 0.657222 -0.421465
1 79 0.657222 -0.421465
2 79 0.657222 -0.421465
0 80 -0.197517 -0.619287
1 80 -0.197517 -0.619287
2 80 -0.197517 -0.619287
0 81 -0.48865 -0.813376
1 81 -0.48865 -0.813376
2 81 -0.48865 -0.813376
