178
0 0 -0.15625 -0.525
1 0 -0.15625 -0.525
2 0 -0.15625 -0.525
0 1 0.532292 -0.594792
1 1 0.532292 -0.594792
2 1 0.532292 -0.594792
0 2 0.566667 -0.580208
1 2 0.566667 -0.580208
2 2 0.566667 -0.580208
0 3 -0.009375 -0.372917
1 3 -0.009375 -0.372917
2 3 -0.009375 -0.372917
0 4 0.361458 -0.620833
1 4 0.361458 -0.619792
2 4 0.361458 -0.620833
0 5 0.455208 -0.584375
1 5 0.455208 -0.584375
2 5 0.455208 -0.584375
0 6 -0.0177083 -0.669792
1 6 -0.0177083 -0.669792
2 6 -0.0177083 -0.669792
0 7 0.552083 -0.596875
1 7 0.552083 -0.596875
2 7 0.552083 -0.596875
0 8 -0.190625 -0.516667
1 8 -0.190625 -0.516667
2 8 -0.190625 -0.516667
0 9 0.322917 -0.845833
1 9 0.322917 -0.845833
2 9 0.322917 -0.845833
0 10 0.571875 -0.564583
1 10 0.571875 -0.564583
2 10 0.571875 -0.564583
0 11 0.0739583 -0.73125
1 11 0.0739583 -0.73125
2 11 0.0739583 -0.73125
0 12 0.509375 -0.575
1 12 0.509375 -0.575
2 12 0.509375 -0.575
0 13 0.483333 -0.592708
1 13 0.483333 -0.592708
2 13 0.483333 -0.592708
0 14 0.51875 -0.58625
1 14 0.51875 -0.58625
2 14 0.51875 -0.58625
0 15 0.455 -0.58125
1 15 0.455 -0.58125
2 15 0.455 -0.58125
0 16 0.455 -0.58375
1 16 0.455 -0.58375
2 16 0.455 -0.58375
0 17 0.40625 -0.67125
1 17 0.40625 -0.67125
2 17 0.40625 -0.67125
0 18 0.5575 -0.58125
1 18 0.5575 -0.58125
2 18 0.5575 -0.58125
0 19 0.6375 -0.5775
1 19 0.6375 -0.5775
2 19 0.6375 -0.5775
0 20 0.36125 -0.62
1 20 0.36125 -0.62
2 20 0.36125 -0.62
0 21 0.53125 -0.6
1 21 0.53125 -0.6
2 21 0.53125 -0.6
0 22 0.625 -0.57625
1 22 0.625 -0.57625
2 22 0.625 -0.57625
0 23 0.3225 -0.84625
1 23 0.3225 -0.84625
2 23 0.3225 -0.84625
0 24 0.51 -0.585
1 24 0.51 -0.585
2 24 0.51 -0.585
0 25 0.625 -0.5425
1 25 0.625 -0.5425
2 25 0.625 -0.5425
0 26 0.47625 -0.59375
1 26 0.47625 -0.59375
2 26 0.47625 -0.59375
0 27 0.65625 -0.55
1 27 0.63 -0.55375
2 27 0.65625 -0.55
0 28 0.48375 -0.5925
1 28 0.48375 -0.5925
2 28 0.48375 -0.5925
0 29 0.62625 -0.55125
1 29 0.62625 -0.55125
2 29 0.62625 -0.55125
0 30 0.63 -0.55375
1 30 0.63 -0.55375
2 30 0.63 -0.555
0 31 -0.67875 -0.85
1 31 -0.67875 -0.85
2 31 -0.67875 -0.85
0 32 0.518 -0.586
1 32 0.518 -0.586
2 32 0.518 -0.586
0 33 0.6245 -0.577
1 33 0.6245 -0.577
2 33 0.6245 -0.577
0 34 0.5645 -0.577
1 34 0.5645 -0.577
2 34 0.5645 -0.577
0 35 -0.43 -0.592
1 35 -0.43 -0.592
2 35 -0.43 -0.592
0 36 -0.487 -0.811
1 36 -0.487 -0.811
2 36 -0.487 -0.811
0 37 0.5735 -0.5785
1 37 0.5735 -0.5785
2 37 0.5735 -0.5785
0 38 0.5555 -0.5785
1 38 0.5555 -0.5785
2 38 0.5555 -0.5785
0 39 0.6545 -0.55
1 39 0.6545 -0.55
2 39 0.6545 -0.55
0 40 0.5645 -0.58
1 40 0.5645 -0.58
2 40 0.5645 -0.58
0 41 0.557 -0.5815
1 41 0.557 -0.5815
2 41 0.557 -0.5815
0 42 0.473 -0.5815
1 42 0.473 -0.5815
2 42 0.473 -0.5815
0 43 0.533 -0.595
1 43 0.533 -0.595
2 43 0.533 -0.595
0 44 -0.679 -0.85
1 44 -0.679 -0.85
2 44 -0.679 -0.85
0 45 0.6725 -0.5575
1 45 0.6725 -0.5575
2 45 0.6725 -0.5575
0 46 0.3035 -0.379
1 46 0.3035 -0.379
2 46 0.3035 -0.379
0 47 0.683 -0.556
1 47 0.683 -0.556
2 47 0.683 -0.556
0 48 0.6395 -0.5395
1 48 0.6395 -0.5395
2 48 0.6395 -0.5395
0 49 -0.658 -0.46
1 49 -0.658 -0.46
2 49 -0.658 -0.46
0 50 0.5255 -0.5695
1 50 0.5255 -0.5695
2 50 0.5255 -0.5695
0 51 -0.4855 -0.8035
1 51 -0.4855 -0.8035
2 51 -0.4855 -0.8035
0 52 -0.4015 -0.3055
1 52 -0.4015 -0.3055
2 52 -0.4015 -0.3055
0 53 0.65 -0.538
1 53 0.65 -0.538
2 53 0.65 -0.538
0 54 -0.2044 -0.559
1 54 -0.2044 -0.559
2 54 -0.2044 -0.559
0 55 0.4544 -0.6094
1 55 0.4544 -0.6094
2 55 0.4544 -0.6094
0 56 0.5642 -0.5788
1 56 0.5642 -0.5788
2 56 0.5642 -0.5788
0 57 -0.487 -0.811
1 57 -0.487 -0.811
2 57 -0.487 -0.811
0 58 0.6254 -0.5788
1 58 0.6254 -0.5788
2 58 0.6254 -0.5788
0 59 0.53 -0.5986
1 59 0.53 -0.5986
2 59 0.53 -0.5986
0 60 0.6236 -0.5896
1 60 0.6236 -0.5896
2 60 0.6236 -0.5896
0 61 0.557 -0.5806
1 61 0.557 -0.5806
2 61 0.557 -0.5806
0 62 -0.4708 -0.3016
1 62 -0.4708 -0.3016
2 62 -0.4708 -0.3016
0 63 -0.0981999 -0.532
1 63 -0.0981999 -0.532
2 63 -0.0981999 -0.532
0 64 -0.2206 -0.5626
1 64 -0.2206 -0.5626
2 64 -0.2206 -0.5626
0 65 -0.4024 -0.6328
1 65 -0.4024 -0.6328
2 65 -0.4024 -0.6328
0 66 -0.6994 -0.8686
1 66 -0.6994 -0.8686
2 66 -0.6994 -0.8686
0 67 -0.6796 -0.8506
1 67 -0.6796 -0.8506
2 67 -0.6796 -0.8506
0 68 -0.658 -0.46
1 68 -0.658 -0.46
2 68 -0.658 -0.46
0 69 0.6506 -0.5752
1 69 0.6506 -0.5752
2 69 0.6506 -0.5752
0 70 -0.3754 -0.631
1 70 -0.3754 -0.631
2 70 -0.3754 -0.631
0 71 0.6614 -0.5734
1 71 0.6614 -0.5734
2 71 0.6614 -0.5734
0 72 0.4616 -0.5824
1 72 0.4616 -0.5824
2 72 0.4616 -0.5824
0 73 0.6794 -0.5806
1 73 0.6794 -0.5806
2 73 0.6794 -0.5806
0 74 0.6542 -0.55
1 74 0.6542 -0.55
2 74 0.6542 -0.55
0 75 0.6146 -0.5428
1 75 0.6146 -0.5428
2 75 0.6146 -0.5428
0 76 0.539 -0.5698
1 76 0.539 -0.5698
2 76 0.539 -0.5698
0 77 -0.6004 -0.61984
1 77 -0.6004 -0.61984
2 77 -0.6004 -0.61984
0 78 -0.22888 -0.62632
1 78 -0.22888 -0.62632
2 78 -0.22888 -0.62632
0 79 -0.69976 -0.86824
1 79 -0.69976 -0.86824
2 79 -0.69976 -0.86824
0 80 0.512 -0.58744
1 80 0.512 -0.58744
2 80 0.512 -0.58744
0 81 -0.0236799 -0.66304
1 81 -0.0236799 -0.66304
2 81 -0.0236799 -0.66304
0 82 0.62432 -0.5896
1 82 0.62432 -0.5896
2 82 0.62432 -0.5896
0 83 0.0821602 -0.60688
1 83 0.0821602 -0.60688
2 83 0.0821602 -0.60688
0 84 -0.64144 -0.29368
1 84 -0.64144 -0.29368
2 84 -0.64144 -0.29368
0 85 -0.61552 -0.6004
1 85 -0.61552 -0.6004
2 85 -0.61552 -0.6004
0 86 0.63944 -0.58744
1 86 0.63944 -0.58744
2 86 0.63944 -0.58744
0 87 -0.19864 -0.62416
1 87 -0.19864 -0.62416
2 87 -0.19864 -0.62416
0 88 0.6524 -0.58528
1 88 0.6524 -0.58528
2 88 0.6524 -0.58528
0 89 -0.20512 -0.55936
1 89 -0.20512 -0.55936
2 89 -0.20512 -0.55936
0 90 -0.47944 -0.30232
1 90 -0.47944 -0.30232
2 90 -0.47944 -0.30232
0 91 -0.47296 -0.30232
1 91 -0.47296 -0.30232
2 91 -0.47296 -0.30232
0 92 0.0908001 -0.66304
1 92 0.0908001 -0.66304
2 92 0.0908001 -0.66304
0 93 0.67832 -0.57016
1 93 0.67832 -0.57016
2 93 0.67832 -0.57016
0 94 -0.37576 -0.63064
1 94 -0.37576 -0.63064
2 94 -0.37576 -0.63064
0 95 -0.62848 -0.61552
1 95 -0.62848 -0.61552
2 95 -0.62848 -0.61552
0 96 0.4796 -0.60256
1 96 0.4796 -0.60256
2 96 0.4796 -0.60256
0 97 -0.0992798 -0.53128
1 97 -0.0992798 -0.53128
2 97 -0.0992798 -0.53128
0 98 -0.15328 -0.5248
1 98 -0.15328 -0.5248
2 98 -0.15328 -0.5248
0 99 0.64808 -0.56152
1 99 0.64808 -0.56152
2 99 0.64808 -0.56152
0 100 -0.68032 -0.85096
1 100 -0.68032 -0.85096
2 100 -0.68032 -0.85096
0 101 0.55088 -0.59608
1 101 0.55088 -0.59608
2 101 0.55088 -0.59608
0 102 -0.42112 -0.30664
1 102 -0.42112 -0.30664
2 102 -0.42112 -0.30664
0 103 -0.699328 -0.867808
1 103 -0.699328 -0.867808
2 103 -0.699328 -0.867808
0 104 0.109376 -0.66304
1 104 0.109376 -0.66304
2 104 0.109376 -0.66304
0 105 -0.616384 -0.600832
1 105 -0.616384 -0.600832
2 105 -0.616384 -0.600832
0 106 -0.193888 -0.567136
1 106 -0.193888 -0.567136
2 106 -0.193888 -0.567136
0 107 -0.0228158 -0.66304
1 107 -0.0228158 -0.66304
2 107 -0.0228158 -0.66304
0 108 -0.616384 -0.595648
1 108 -0.616384 -0.595648
2 108 -0.616384 -0.595648
0 109 -0.375328 -0.629344
1 109 -0.375328 -0.629344
2 109 -0.375328 -0.629344
0 110 -0.673408 -0.660448
1 110 -0.673408 -0.660448
2 110 -0.673408 -0.660448
0 111 -0.199072 -0.62416
1 111 -0.199072 -0.62416
2 111 -0.199072 -0.62416
0 112 -0.491968 -0.815968
1 112 -0.491968 -0.815968
2 112 -0.491968 -0.815968
0 113 -0.626752 -0.616384
1 113 -0.626752 -0.616384
2 113 -0.626752 -0.616384
0 114 -0.336448 -0.476416
1 114 -0.336448 -0.476416
2 114 -0.336448 -0.476416
0 115 -0.479008 -0.302752
1 115 -0.479008 -0.302752
2 115 -0.479008 -0.302752
0 116 -0.595648 -0.49456
1 116 -0.595648 -0.49456
2 116 -0.595648 -0.49456
0 117 -0.484192 -0.797824
1 117 -0.484192 -0.797824
2 117 -0.484192 -0.797824
0 118 -0.0331838 -0.497152
1 118 -0.0331838 -0.497152
2 118 -0.0331838 -0.497152
0 119 -0.258688 -0.53344
1 119 -0.258688 -0.530848
2 119 -0.258688 -0.530848
0 120 -0.219808 -0.564544
1 120 -0.219808 -0.564544
2 120 -0.219808 -0.564544
0 121 0.625184 -0.593056
1 121 0.625184 -0.593056
2 121 0.625184 -0.593056
0 122 -0.230176 -0.62416
1 122 -0.230176 -0.62416
2 122 -0.230176 -0.62416
0 123 -0.354592 -0.517888
1 123 -0.354592 -0.517888
2 123 -0.354592 -0.517888
0 124 0.0912323 -0.66304
1 124 0.0912323 -0.66304
2 124 0.0912323 -0.66304
0 125 0.63296 -0.590464
1 125 0.63296 -0.590464
2 125 0.63296 -0.590464
0 126 0.640736 -0.432352
1 126 0.640736 -0.432352
2 126 0.640736 -0.432352
0 127 -0.63712 -0.292384
1 127 -0.63712 -0.292384
2 127 -0.63712 -0.292384
0 128 0.640736 -0.590464
1 128 0.640736 -0.590464
2 128 0.640736 -0.590464
0 129 -0.19648 -0.31312
1 129 -0.19648 -0.31312
2 129 -0.19648 -0.31312
0 130 0.643328 -0.44272
1 130 0.643328 -0.44272
2 130 0.643328 -0.44272
0 131 -0.42976 -0.631936
1 131 -0.42976 -0.631936
2 131 -0.42976 -0.631936
0 132 -0.681184 -0.852256
1 132 -0.681184 -0.852256
2 132 -0.681184 -0.852256
0 133 -0.32608 -0.528256
1 133 -0.32608 -0.528256
2 133 -0.32608 -0.528256
0 134 0.545869 -0.499225
1 134 0.545869 -0.499225
2 134 0.545869 -0.499225
0 135 -0.489894 -0.816486
1 135 -0.489894 -0.816486
2 135 -0.489894 -0.816486
0 136 -0.337485 -0.477453
1 136 -0.337485 -0.477453
2 136 -0.337485 -0.477453
0 137 -0.68585 -0.642304
1 137 -0.68585 -0.642304
2 137 -0.68585 -0.642304
0 138 -0.657856 -0.517888
1 138 -0.657856 -0.517888
2 138 -0.657856 -0.517888
0 139 -0.626752 -0.617421
1 139 -0.626752 -0.617421
2 139 -0.626752 -0.617421
0 140 -0.474342 -0.30327
1 140 -0.474342 -0.30327
2 140 -0.474342 -0.30327
0 141 -0.346816 -0.480563
1 141 -0.346816 -0.480563
2 141 -0.346816 -0.480563
0 142 -0.402803 -0.629862
1 142 -0.402803 -0.629862
2 142 -0.402803 -0.629862
0 143 -0.61431 -0.598758
1 143 -0.61431 -0.598758
2 143 -0.61431 -0.598758
0 144 0.639181 -0.452569
1 144 0.639181 -0.452569
2 144 0.639181 -0.452569
0 145 -0.256614 -0.530329
1 145 -0.256614 -0.530329
2 145 -0.256614 -0.530329
0 146 -0.387251 -0.465011
1 146 -0.387251 -0.465011
2 146 -0.387251 -0.465011
0 147 0.113523 -0.430797
1 147 0.113523 -0.430797
2 147 0.113523 -0.430797
0 148 0.713831 -0.343705
1 148 0.713831 -0.343705
2 148 0.713831 -0.343705
0 149 -0.197517 -0.620531
1 149 -0.197517 -0.620531
2 149 -0.197517 -0.620531
0 150 -0.374809 -0.626752
1 150 -0.374809 -0.626752
2 150 -0.374809 -0.626752
0 151 -0.698291 -0.866253
1 151 -0.698291 -0.866253
2 151 -0.698291 -0.866253
0 152 -0.318822 -0.623641
1 152 -0.318822 -0.623641
2 152 -0.318822 -0.623641
0 153 -0.595648 -0.493005
1 153 -0.595648 -0.493005
2 153 -0.595648 -0.493005
0 154 -0.371699 -0.580096
1 154 -0.371699 -0.580096
2 154 -0.371699 -0.580096
0 155 -0.657856 -0.657856
1 155 -0.657856 -0.657856
2 155 -0.657856 -0.657856
0 156 0.297037 -0.38103
1 156 0.297037 -0.38103
2 156 0.297037 -0.38103
0 157 -0.372943 -0.626752
1 157 -0.372943 -0.626752
2 157 -0.372943 -0.626752
0 158 -0.671542 -0.660344
1 158 -0.671542 -0.660344
2 158 -0.671542 -0.660344
0 159 -0.387873 -0.466255
1 159 -0.387873 -0.466255
2 159 -0.387873 -0.466255
0 160 -0.604357 -0.623019
1 160 -0.604357 -0.623019
2 160 -0.604357 -0.623019
0 161 -0.335618 -0.481185
1 161 -0.335618 -0.481185
2 161 -0.335618 -0.481185
0 162 -0.626752 -0.619287
1 162 -0.626752 -0.619287
2 162 -0.626752 -0.619287
0 163 -0.615554 -0.600625
1 163 -0.615554 -0.600625
2 163 -0.615554 -0.600625
0 164 0.545247 -0.499848
1 164 0.545247 -0.499848
2 164 0.545247 -0.499848
0 165 -0.656612 -0.514777
1 165 -0.656612 -0.514777
2 165 -0.656612 -0.514777
0 166 -0.197517 -0.619287
1 166 -0.197517 -0.619287
2 166 -0.197517 -0.619287
0 167 -0.492383 -0.817108
1 167 -0.492383 -0.817108
2 167 -0.492383 -0.817108
0 168 -0.484918 -0.798446
1 168 -0.484918 -0.798446
2 168 -0.484918 -0.798446
0 169 -0.697669 -0.865631
1 169 -0.697669 -0.865631
2 169 -0.697669 -0.865631
0 170 -0.231109 -0.623019
1 170 -0.231109 -0.623019
2 170 -0.231109 -0.623019
0 171 -0.316956 -0.623019
1 171 -0.316956 -0.623019
2 171 -0.316956 -0.623019
0 172 -0.354281 -0.51851
1 172 -0.354281 -0.51851
2 172 -0.354281 -0.51851
0 173 -0.402803 -0.626752
1 173 -0.402803 -0.626752
2 173 -0.402803 -0.626752
0 174 0.086152 -0.664077
1 174 0.086152 -0.664077
2 174 0.086152 -0.664077
0 175 -0.02209 -0.667809
1 175 -0.02209 -0.667809
2 175 -0.02209 -0.667809
0 176 -0.552102 -0.589427
1 176 -0.552102 -0.589427
2 176 -0.552102 -0.589427
0 177 0.590037 -0.522242
1 177 0.590037 -0.522242
2 177 0.590037 -0.522242
