58
0 0 0.541667 -0.564583
1 0 0.541667 -0.563542
2 0 0.541667 -0.563542
0 1 -0.220833 -0.555208
1 1 -0.220833 -0.554167
2 1 -0.220833 -0.554167
0 2 0.533333 -0.589583
1 2 0.532292 -0.588542
2 2 0.532292 -0.588542
0 3 -0.0291667 -0.679167
1 3 -0.0291667 -0.678125
2 3 -0.0291667 -0.678125
0 4 0.3625 -0.614583
1 4 0.361458 -0.614583
2 4 0.361458 -0.613542
0 5 -0.195 -0.555
1 5 -0.195 -0.55375
2 5 -0.195 -0.55375
0 6 0.40625 -0.66625
1 6 0.40625 -0.665
2 6 0.40625 -0.665
0 7 0.6785 -0.5665
1 7 0.6785 -0.565
2 7 0.6785 -0.565
0 8 0.6545 -0.544
1 8 0.6545 -0.544
2 8 0.6545 -0.5425
0 9 0.5102 -0.5806
1 9 0.5102 -0.5806
2 9 0.5102 -0.5806
0 10 -0.6976 -0.8632
1 10 -0.6976 -0.8632
2 10 -0.6976 -0.8614
0 11 0.6254 -0.5356
1 11 0.6254 -0.5356
2 11 0.6254 -0.5356
0 12 -0.2188 -0.5572
1 12 -0.2188 -0.5554
2 12 -0.2188 -0.5554
0 13 -0.6778 -0.8452
1 13 -0.6778 -0.8452
2 13 -0.6778 -0.8434
0 14 0.6146 -0.2818
1 14 0.6146 -0.2818
2 14 0.6146 -0.2818
0 15 -0.33904 -0.4708
1 15 -0.33904 -0.46864
2 15 -0.33904 -0.46864
0 16 -0.6976 -0.86392
1 16 -0.6976 -0.86176
2 16 -0.6976 -0.86176
0 17 -0.3736 -0.62632
1 17 -0.3736 -0.62416
2 17 -0.3736 -0.62416
0 18 -0.48592 -0.8056
1 18 -0.48592 -0.80344
2 18 -0.48592 -0.80344
0 19 0.68912 -0.56368
1 19 0.68912 -0.56368
2 19 0.68912 -0.56368
0 20 0.62432 -0.58528
1 20 0.62432 -0.58528
2 20 0.62432 -0.58528
0 21 -0.47944 -0.298
1 21 -0.47944 -0.29584
2 21 -0.47944 -0.29584
0 22 -0.64144 -0.2872
1 22 -0.64144 -0.2872
2 22 -0.64144 -0.2872
0 23 -0.67816 -0.84664
1 23 -0.67816 -0.84448
2 23 -0.67816 -0.84448
0 24 -0.39304 -0.5032
1 24 -0.39304 -0.50104
2 24 -0.39304 -0.50104
0 25 0.67832 -0.56584
1 25 0.67832 -0.56584
2 25 0.67832 -0.56368
0 26 0.6416 -0.43624
1 26 0.6416 -0.43624
2 26 0.6416 -0.43624
0 27 -0.19648 -0.618976
1 27 -0.19648 -0.616384
2 27 -0.19648 -0.616384
0 28 -0.479008 -0.297568
1 28 -0.479008 -0.297568
2 28 -0.479008 -0.297568
0 29 -0.471232 -0.297568
1 29 -0.471232 -0.297568
2 29 -0.471232 -0.297568
0 30 -0.227584 -0.618976
1 30 -0.227584 -0.618976
2 30 -0.227584 -0.618976
0 31 -0.401248 -0.626752
1 31 -0.401248 -0.62416
2 31 -0.401248 -0.62416
0 32 -0.4816 -0.79264
1 32 -0.4816 -0.79264
2 32 -0.4816 -0.79264
0 33 0.640736 -0.427168
1 33 0.640736 -0.427168
2 33 0.640736 -0.427168
0 34 0.640736 -0.58528
1 34 0.640736 -0.582688
2 34 0.640736 -0.582688
0 35 -0.686368 -0.63712
1 35 -0.686368 -0.634528
2 35 -0.686368 -0.634528
0 36 -0.63712 -0.289792
1 36 -0.63712 -0.289792
2 36 -0.63712 -0.2872
0 37 0.625184 -0.587872
1 37 0.625184 -0.58528
2 37 0.625184 -0.58528
0 38 -0.19648 -0.307936
1 38 -0.19648 -0.307936
2 38 -0.19648 -0.307936
0 39 -0.551584 -0.58528
1 39 -0.551584 -0.582688
2 39 -0.551584 -0.582688
0 40 -0.258688 -0.621568
1 40 -0.258688 -0.618976
2 40 -0.258688 -0.618976
0 41 -0.0357758 -0.489894
1 41 -0.0357758 -0.489894
2 41 -0.0357758 -0.489894
0 42 0.545869 -0.493005
1 42 0.545869 -0.493005
2 42 0.545869 -0.493005
0 43 -0.670297 -0.654746
1 43 -0.670297 -0.654746
2 43 -0.670297 -0.654746
0 44 -0.68585 -0.636083
1 44 -0.68585 -0.636083
2 44 -0.68585 -0.636083
0 45 -0.219289 -0.561433
1 45 -0.219289 -0.561433
2 45 -0.219289 -0.561433
0 46 -0.402803 -0.623641
1 46 -0.402803 -0.623641
2 46 -0.402803 -0.623641
0 47 -0.194406 -0.561433
1 47 -0.194406 -0.561433
2 47 -0.194406 -0.561433
0 48 -0.216179 -0.552102
1 48 -0.216179 -0.552102
2 48 -0.216179 -0.552102
0 49 -0.477453 -0.298294
1 49 -0.477453 -0.298294
2 49 -0.477453 -0.298294
0 50 -0.197517 -0.615554
1 50 -0.197517 -0.615554
2 50 -0.197517 -0.615554
0 51 -0.641682 -0.376676
1 51 -0.641682 -0.376676
2 51 -0.641682 -0.376676
0 52 -0.697669 -0.861898
1 52 -0.697669 -0.861898
2 52 -0.697669 -0.861898
0 53 0.112279 -0.425198
1 53 0.112279 -0.425198
2 53 0.112279 -0.425198
0 54 -0.387873 -0.45879
1 54 -0.387873 -0.45879
2 54 -0.387873 -0.45879
0 55 -0.156459 -0.615554
1 55 -0.156459 -0.615554
2 55 -0.156459 -0.615554
0 56 -0.335618 -0.47372
1 56 -0.335618 -0.47372
2 56 -0.335618 -0.47372
0 57 0.571375 -0.525975
1 57 0.571375 -0.525975
2 57 0.571375 -0.522242
