189
0 0 -0.142708 -0.5125
1 0 -0.142708 -0.5125
2 0 -0.142708 -0.5125
0 1 0.627083 -0.580208
1 1 0.627083 -0.580208
2 1 0.627083 -0.580208
0 2 -0.0291667 -0.684375
1 2 -0.0291667 -0.684375
2 2 -0.0291667 -0.684375
0 3 0.576042 -0.578125
1 3 0.576042 -0.578125
2 3 0.576042 -0.578125
0 4 -0.208333 -0.5125
1 4 -0.208333 -0.5125
2 4 -0.208333 -0.5125
0 5 0.619792 -0.290625
1 5 0.619792 -0.290625
2 5 0.619792 -0.290625
0 6 -0.336458 -0.544792
1 6 -0.336458 -0.544792
2 6 -0.336458 -0.544792
0 7 -0.658333 -0.461458
1 7 -0.658333 -0.461458
2 7 -0.658333 -0.461458
0 8 0.065625 -0.430208
1 8 0.065625 -0.430208
2 8 0.065625 -0.430208
0 9 0.454167 -0.671875
1 9 0.454167 -0.672917
2 9 0.454167 -0.672917
0 10 -0.195833 -0.515625
1 10 -0.195833 -0.515625
2 10 -0.195833 -0.515625
0 11 0.65625 -0.55
1 11 0.65625 -0.55
2 11 0.65625 -0.55
0 12 0.6425 -0.55
1 12 0.6425 -0.55
2 12 0.6425 -0.55
0 13 0.64625 -0.55125
1 13 0.64625 -0.55125
2 13 0.64625 -0.55125
0 14 0.6875 -0.56875
1 14 0.6875 -0.56875
2 14 0.6875 -0.56875
0 15 0.53375 -0.595
1 15 0.53375 -0.595
2 15 0.53375 -0.595
0 16 0.53 -0.6
1 16 0.53 -0.6
2 16 0.53 -0.6
0 17 0.54125 -0.57
1 17 0.54125 -0.57
2 17 0.54125 -0.57
0 18 0.48375 -0.5925
1 18 0.48375 -0.5925
2 18 0.48375 -0.5925
0 19 0.66 -0.5725
1 19 0.66 -0.5725
2 19 0.66 -0.5725
0 20 0.51125 -0.58875
1 20 0.51125 -0.58875
2 20 0.51125 -0.58875
0 21 0.545 -0.5825
1 21 0.545 -0.5825
2 21 0.545 -0.5825
0 22 0.65375 -0.5475
1 22 0.65375 -0.5475
2 22 0.65375 -0.5475
0 23 0.5575 -0.58125
1 23 0.5575 -0.58125
2 23 0.5575 -0.58125
0 24 0.52 -0.5875
1 24 0.52 -0.5875
2 24 0.52 -0.5875
0 25 0.67 -0.545
1 25 0.67 -0.545
2 25 0.67 -0.545
0 26 0.476 -0.5935
1 26 0.476 -0.5935
2 26 0.476 -0.5935
0 27 0.5555 -0.5785
1 27 0.5555 -0.5785
2 27 0.5555 -0.5785
0 28 -0.4855 -0.8035
1 28 -0.4855 -0.8035
2 28 -0.4855 -0.8035
0 29 0.53 -0.5995
1 29 0.53 -0.5995
2 29 0.53 -0.5995
0 30 0.5105 -0.586
1 30 0.5105 -0.586
2 30 0.5105 -0.586
0 31 0.653 -0.5845
1 31 0.653 -0.5845
2 31 0.653 -0.5845
0 32 0.6545 -0.55
1 32 0.6545 -0.55
2 32 0.6545 -0.55
0 33 0.5435 -0.5815
1 33 0.5435 -0.5815
2 33 0.5435 -0.5815
0 34 0.557 -0.5815
1 34 0.557 -0.5815
2 34 0.557 -0.5815
0 35 0.626 -0.58
1 35 0.626 -0.58
2 35 0.626 -0.58
0 36 0.5735 -0.5785
1 36 0.5735 -0.5785
2 36 0.5735 -0.5785
0 37 0.6695 -0.5455
1 37 0.6695 -0.5455
2 37 0.6695 -0.5455
0 38 0.5645 -0.577
1 38 0.5645 -0.577
2 38 0.5645 -0.577
0 39 0.497 -0.5755
1 39 0.497 -0.5755
2 39 0.497 -0.5755
0 40 0.6785 -0.5725
1 40 0.6785 -0.5725
2 40 0.6785 -0.5725
0 41 -0.22 -0.562
1 41 -0.22 -0.562
2 41 -0.22 -0.562
0 42 0.5525 -0.5665
1 42 0.5525 -0.5665
2 42 0.5525 -0.5665
0 43 0.614 -0.289
1 43 0.614 -0.289
2 43 0.614 -0.289
0 44 0.683 -0.556
1 44 0.683 -0.556
2 44 0.683 -0.556
0 45 0.107 -0.6625
1 45 0.107 -0.6625
2 45 0.107 -0.6625
0 46 0.4835 -0.592
1 46 0.4835 -0.592
2 46 0.4835 -0.592
0 47 0.5105 -0.589
1 47 0.5105 -0.589
2 47 0.5105 -0.589
0 48 -0.0279999 -0.6865
1 48 -0.0279999 -0.6865
2 48 -0.0279999 -0.6865
0 49 0.6245 -0.5425
1 49 0.6245 -0.5425
2 49 0.6245 -0.5425
0 50 -0.0249999 -0.6625
1 50 -0.0249999 -0.6625
2 50 -0.0249999 -0.6625
0 51 0.6155 -0.544
1 51 0.6155 -0.544
2 51 0.6155 -0.544
0 52 0.68 -0.544
1 52 0.68 -0.544
2 52 0.68 -0.544
0 53 0.5015 -0.589
1 53 0.5015 -0.589
2 53 0.5015 -0.589
0 54 0.5195 -0.5875
1 54 0.5195 -0.5875
2 54 0.5195 -0.5875
0 55 -0.6364 -0.2962
1 55 -0.6364 -0.2962
2 55 -0.6364 -0.2962
0 56 -0.4798 -0.3034
1 56 -0.4798 -0.3034
2 56 -0.4798 -0.3034
0 57 0.4598 -0.5698
1 57 0.4598 -0.5698
2 57 0.4598 -0.5698
0 58 -0.6796 -0.8506
1 58 -0.6796 -0.8506
2 58 -0.6796 -0.8506
0 59 -0.487 -0.811
1 59 -0.487 -0.811
2 59 -0.487 -0.811
0 60 0.6254 -0.5896
1 60 0.6254 -0.5896
2 60 0.6254 -0.5896
0 61 0.1142 -0.6616
1 61 0.1142 -0.6616
2 61 0.1142 -0.6616
0 62 0.6884 -0.5698
1 62 0.6884 -0.5698
2 62 0.6884 -0.5698
0 63 -0.0243999 -0.6634
1 63 -0.0243999 -0.6634
2 63 -0.0243999 -0.6634
0 64 -0.0981999 -0.532
1 64 -0.0981999 -0.532
2 64 -0.0981999 -0.532
0 65 -0.4312 -0.5932
1 65 -0.4312 -0.5932
2 65 -0.4312 -0.5932
0 66 0.476 -0.5932
1 66 0.476 -0.5932
2 66 0.476 -0.5932
0 67 0.0926001 -0.6634
1 67 0.0926001 -0.6634
2 67 0.0926001 -0.6634
0 68 0.0530001 -0.4492
1 68 0.0530001 -0.4492
2 68 0.0530001 -0.4492
0 69 0.6182 -0.5554
1 69 0.6182 -0.5554
2 69 0.6182 -0.5554
0 70 0.6542 -0.55
1 70 0.6542 -0.55
2 70 0.6542 -0.55
0 71 0.4904 -0.577
1 71 0.4904 -0.577
2 71 0.4904 -0.577
0 72 0.4976 -0.577
1 72 0.4976 -0.577
2 72 0.4976 -0.577
0 73 0.5192 -0.5878
1 73 0.5192 -0.5878
2 73 0.5192 -0.5878
0 74 -0.1972 -0.6256
1 74 -0.1972 -0.6256
2 74 -0.1972 -0.6256
0 75 0.6398 -0.5878
1 75 0.6398 -0.5878
2 75 0.6398 -0.5878
0 76 0.6704 -0.5464
1 76 0.6704 -0.5464
2 76 0.6704 -0.5464
0 77 0.6146 -0.289
1 77 0.6146 -0.289
2 77 0.6146 -0.289
0 78 -0.2188 -0.5626
1 78 -0.2188 -0.5626
2 78 -0.2188 -0.5626
0 79 -0.4852 -0.8038
1 79 -0.4852 -0.8038
2 79 -0.4852 -0.8038
0 80 0.6218 -0.5662
1 80 0.6218 -0.5662
2 80 0.6218 -0.5662
0 81 0.6254 -0.5788
1 81 0.6254 -0.5788
2 81 0.6254 -0.5788
0 82 -0.6274 -0.6166
1 82 -0.6274 -0.6166
2 82 -0.6274 -0.6166
0 83 0.6398 -0.5392
1 83 0.6398 -0.5392
2 83 0.6398 -0.5392
0 84 0.6812 -0.5446
1 84 0.6812 -0.5446
2 84 0.6812 -0.5446
0 85 0.6506 -0.5752
1 85 0.6506 -0.5752
2 85 0.6506 -0.5752
0 86 -0.658 -0.4618
1 86 -0.658 -0.4618
2 86 -0.658 -0.4618
0 87 -0.48592 -0.80992
1 87 -0.48592 -0.80992
2 87 -0.48592 -0.80992
0 88 0.512 -0.58744
1 88 0.512 -0.58744
2 88 0.512 -0.58744
0 89 -0.40168 -0.6328
1 89 -0.40168 -0.6328
2 89 -0.40168 -0.6328
0 90 -0.19864 -0.56152
1 90 -0.19864 -0.56152
2 90 -0.19864 -0.56152
0 91 -0.19432 -0.568
1 91 -0.19432 -0.568
2 91 -0.19432 -0.568
0 92 0.66104 -0.57448
1 92 0.66104 -0.57448
2 92 0.66104 -0.57448
0 93 -0.69976 -0.86824
1 93 -0.69976 -0.86824
2 93 -0.6976 -0.86824
0 94 -0.68032 -0.85096
1 94 -0.68032 -0.85096
2 94 -0.68032 -0.85096
0 95 0.10808 -0.66304
1 95 0.10808 -0.66304
2 95 0.10808 -0.66304
0 96 0.68912 -0.57016
1 96 0.68912 -0.57016
2 96 0.68912 -0.57016
0 97 -0.33904 -0.47512
1 97 -0.33904 -0.47512
2 97 -0.33904 -0.47512
0 98 -0.0236799 -0.66304
1 98 -0.0236799 -0.66304
2 98 -0.0236799 -0.66304
0 99 -0.22888 -0.62632
1 99 -0.22888 -0.62632
2 99 -0.22888 -0.62632
0 100 -0.6004 -0.61984
1 100 -0.6004 -0.61984
2 100 -0.6004 -0.61984
0 101 -0.39304 -0.50752
1 101 -0.39304 -0.50752
2 101 -0.39304 -0.50752
0 102 -0.5248 -0.55288
1 102 -0.5248 -0.55288
2 102 -0.5248 -0.55288
0 103 -0.61336 -0.50752
1 103 -0.61336 -0.50752
2 103 -0.61336 -0.50752
0 104 0.61568 -0.28936
1 104 0.61568 -0.28936
2 104 0.61568 -0.28936
0 105 0.63512 -0.57664
1 105 0.63512 -0.57664
2 105 0.63512 -0.57664
0 106 -0.61552 -0.60256
1 106 -0.61552 -0.60256
2 106 -0.61552 -0.60256
0 107 -0.64144 -0.29368
1 107 -0.64144 -0.29368
2 107 -0.64144 -0.29368
0 108 -0.43192 -0.59392
1 108 -0.43192 -0.59392
2 108 -0.43192 -0.59392
0 109 0.6416 -0.44272
1 109 0.6416 -0.44272
2 109 0.6416 -0.44272
0 110 0.4904 -0.57664
1 110 0.4904 -0.57664
2 110 0.4904 -0.57664
0 111 -0.199072 -0.561952
1 111 -0.199072 -0.561952
2 111 -0.199072 -0.561952
0 112 -0.0228158 -0.66304
1 112 -0.0228158 -0.66304
2 112 -0.0228158 -0.66304
0 113 -0.471232 -0.302752
1 113 -0.471232 -0.302752
2 113 -0.471232 -0.302752
0 114 0.109376 -0.66304
1 114 0.109376 -0.66304
2 114 0.109376 -0.66304
0 115 -0.600832 -0.621568
1 115 -0.600832 -0.621568
2 115 -0.600832 -0.621568
0 116 -0.616384 -0.595648
1 116 -0.616384 -0.595648
2 116 -0.616384 -0.595648
0 117 0.459296 -0.6112
1 117 0.459296 -0.6112
2 117 0.459296 -0.6112
0 118 -0.613792 -0.600832
1 118 -0.613792 -0.600832
2 118 -0.613792 -0.600832
0 119 -0.489376 -0.81856
1 119 -0.489376 -0.81856
2 119 -0.489376 -0.81856
0 120 -0.256096 -0.53344
1 120 -0.256096 -0.53344
2 120 -0.256096 -0.53344
0 121 -0.227584 -0.62416
1 121 -0.227584 -0.62416
2 121 -0.227584 -0.62416
0 122 -0.608608 -0.59824
1 122 -0.608608 -0.59824
2 122 -0.608608 -0.59824
0 123 -0.626752 -0.616384
1 123 -0.626752 -0.616384
2 123 -0.626752 -0.616384
0 124 -0.673408 -0.660448
1 124 -0.673408 -0.660448
2 124 -0.673408 -0.660448
0 125 -0.375328 -0.629344
1 125 -0.375328 -0.629344
2 125 -0.375328 -0.629344
0 126 -0.0331838 -0.497152
1 126 -0.0331838 -0.497152
2 126 -0.0331838 -0.497152
0 127 -0.699328 -0.867808
1 127 -0.699328 -0.867808
2 127 -0.699328 -0.867808
0 128 0.0912323 -0.66304
1 128 0.0912323 -0.66304
2 128 0.0912323 -0.66304
0 129 0.625184 -0.593056
1 129 0.625184 -0.593056
2 129 0.625184 -0.593056
0 130 -0.258688 -0.626752
1 130 -0.258688 -0.626752
2 130 -0.258688 -0.626752
0 131 0.640736 -0.432352
1 131 0.640736 -0.432352
2 131 0.640736 -0.432352
0 132 -0.393472 -0.50752
1 132 -0.393472 -0.50752
2 132 -0.393472 -0.50752
0 133 -0.595648 -0.49456
1 133 -0.595648 -0.49456
2 133 -0.595648 -0.49456
0 134 0.643328 -0.44272
1 134 0.643328 -0.44272
2 134 0.643328 -0.44272
0 135 -0.681184 -0.852256
1 135 -0.681184 -0.852256
2 135 -0.681184 -0.852256
0 136 0.640736 -0.590464
1 136 0.640736 -0.590464
2 136 0.640736 -0.590464
0 137 -0.193888 -0.569728
1 137 -0.193888 -0.569728
2 137 -0.193888 -0.569728
0 138 -0.346816 -0.480563
1 138 -0.346816 -0.480563
2 138 -0.346816 -0.480563
0 139 -0.489894 -0.816486
1 139 -0.489894 -0.816486
2 139 -0.489894 -0.816486
0 140 -0.0233341 -0.664077
1 140 -0.0233341 -0.664077
2 140 -0.0233341 -0.664077
0 141 -0.642304 -0.38103
1 141 -0.642304 -0.38103
2 141 -0.642304 -0.38103
0 142 0.545869 -0.499225
1 142 0.545869 -0.499225
2 142 0.545869 -0.499225
0 143 -0.626752 -0.617421
1 143 -0.626752 -0.617421
2 143 -0.626752 -0.617421
0 144 -0.670297 -0.660966
1 144 -0.670297 -0.660966
2 144 -0.670297 -0.660966
0 145 -0.601869 -0.620531
1 145 -0.601869 -0.620531
2 145 -0.601869 -0.620531
0 146 -0.474342 -0.30327
1 146 -0.474342 -0.30327
2 146 -0.474342 -0.30327
0 147 -0.402803 -0.629862
1 147 -0.402803 -0.629862
2 147 -0.402803 -0.629862
0 148 -0.68585 -0.642304
1 148 -0.68585 -0.642304
2 148 -0.68585 -0.642304
0 149 -0.337485 -0.477453
1 149 -0.337485 -0.477453
2 149 -0.337485 -0.477453
0 150 -0.194406 -0.567654
1 150 -0.194406 -0.567654
2 150 -0.194406 -0.567654
0 151 -0.698291 -0.866253
1 151 -0.698291 -0.866253
2 151 -0.698291 -0.866253
0 152 0.62674 -0.592537
1 152 0.62674 -0.592537
2 152 0.62674 -0.592537
0 153 -0.228621 -0.623641
1 153 -0.228621 -0.623641
2 153 -0.228621 -0.623641
0 154 -0.552102 -0.589427
1 154 -0.552102 -0.589427
2 154 -0.552102 -0.589427
0 155 -0.256614 -0.530329
1 155 -0.256614 -0.530329
2 155 -0.256614 -0.530329
0 156 -0.219289 -0.567654
1 156 -0.219289 -0.567654
2 156 -0.219289 -0.567654
0 157 -0.483673 -0.797824
1 157 -0.483673 -0.797824
2 157 -0.483673 -0.797824
0 158 0.713831 -0.343705
1 158 0.713831 -0.346816
2 158 0.713831 -0.346816
0 159 0.0886403 -0.664077
1 159 0.0886403 -0.664077
2 159 0.0886403 -0.664077
0 160 -0.197517 -0.620531
1 160 -0.197517 -0.620531
2 160 -0.197517 -0.620531
0 161 -0.353037 -0.517888
1 161 -0.353037 -0.517888
2 161 -0.353037 -0.517888
0 162 0.113523 -0.430797
1 162 0.113523 -0.430797
2 162 0.113523 -0.430797
0 163 -0.657856 -0.517888
1 163 -0.657856 -0.517888
2 163 -0.657856 -0.517888
0 164 0.458778 -0.6112
1 164 0.458778 -0.6112
2 164 0.458778 -0.6112
0 165 -0.595648 -0.493005
1 165 -0.595648 -0.493005
2 165 -0.595648 -0.493005
0 166 -0.371699 -0.580096
1 166 -0.371699 -0.580096
2 166 -0.371699 -0.580096
0 167 -0.257236 -0.529707
1 167 -0.257236 -0.529707
2 167 -0.257236 -0.529707
0 168 -0.02209 -0.667809
1 168 -0.02209 -0.667809
2 168 -0.02209 -0.667809
0 169 -0.626752 -0.619287
1 169 -0.626752 -0.619287
2 169 -0.626752 -0.619287
0 170 -0.671542 -0.660344
1 170 -0.671542 -0.660344
2 170 -0.671542 -0.660344
0 171 -0.686472 -0.641682
1 171 -0.686472 -0.641682
2 171 -0.686472 -0.641682
0 172 -0.656612 -0.514777
1 172 -0.656612 -0.514777
2 172 -0.656612 -0.514777
0 173 -0.372943 -0.626752
1 173 -0.372943 -0.626752
2 173 -0.372943 -0.626752
0 174 -0.335618 -0.481185
1 174 -0.335618 -0.481185
2 174 -0.335618 -0.481185
0 175 0.590037 -0.522242
1 175 0.590037 -0.522242
2 175 0.590037 -0.522242
0 176 -0.604357 -0.623019
1 176 -0.604357 -0.623019
2 176 -0.604357 -0.623019
0 177 -0.477453 -0.305759
1 177 -0.477453 -0.305759
2 177 -0.477453 -0.305759
0 178 -0.402803 -0.626752
1 178 -0.402803 -0.626752
2 178 -0.402803 -0.626752
0 179 -0.387873 -0.466255
1 179 -0.387873 -0.466255
2 179 -0.387873 -0.466255
0 180 -0.697669 -0.865631
1 180 -0.697669 -0.865631
2 180 -0.697669 -0.869363
0 181 -0.630484 -0.630484
1 181 -0.630484 -0.630484
2 181 -0.630484 -0.630484
0 182 0.545247 -0.499848
1 182 0.545247 -0.499848
2 182 0.545247 -0.499848
0 183 -0.197517 -0.623019
1 183 -0.197517 -0.623019
2 183 -0.197517 -0.623019
0 184 -0.552102 -0.589427
1 184 -0.552102 -0.589427
2 184 -0.552102 -0.589427
0 185 -0.354281 -0.51851
1 185 -0.354281 -0.51851
2 185 -0.354281 -0.51851
0 186 -0.231109 -0.623019
1 186 -0.231109 -0.623019
2 186 -0.231109 -0.623019
0 187 0.086152 -0.664077
1 187 0.086152 -0.664077
2 187 0.086152 -0.664077
0 188 -0.615554 -0.600625
1 188 -0.615554 -0.600625
2 188 -0.615554 -0.600625
