221
0 0 0.61875 -0.551042
1 0 0.61875 -0.551042
2 0 0.61875 -0.551042
0 1 0.626042 -0.551042
1 1 0.626042 -0.551042
2 1 0.626042 -0.551042
0 2 0.45625 -0.583333
1 2 0.45625 -0.583333
2 2 0.45625 -0.583333
0 3 0.361458 -0.619792
1 3 0.361458 -0.619792
2 3 0.361458 -0.619792
0 4 -0.028125 -0.686458
1 4 -0.028125 -0.686458
2 4 -0.028125 -0.686458
0 5 0.651042 -0.583333
1 5 0.651042 -0.583333
2 5 0.651042 -0.583333
0 6 0.492708 -0.586458
1 6 0.492708 -0.586458
2 6 0.492708 -0.586458
0 7 0.571875 -0.573958
1 7 0.571875 -0.573958
2 7 0.571875 -0.573958
0 8 0.575 -0.578125
1 8 0.575 -0.578125
2 8 0.575 -0.578125
0 9 0.66875 -0.54375
1 9 0.66875 -0.54375
2 9 0.66875 -0.54375
0 10 0.645833 -0.559375
1 10 0.645833 -0.559375
2 10 0.645833 -0.559375
0 11 -0.678125 -0.848958
1 11 -0.678125 -0.848958
2 11 -0.678125 -0.848958
0 12 0.648958 -0.559375
1 12 0.648958 -0.559375
2 12 0.648958 -0.559375
0 13 -0.0927083 -0.69375
1 13 -0.0927083 -0.69375
2 13 -0.0927083 -0.69375
0 14 -0.372917 -0.530208
1 14 -0.372917 -0.530208
2 14 -0.372917 -0.530208
0 15 -0.0275 -0.685
1 15 -0.0275 -0.685
2 15 -0.0275 -0.685
0 16 0.51125 -0.5875
1 16 0.51125 -0.5875
2 16 0.51125 -0.5875
0 17 0.36125 -0.61875
1 17 0.36125 -0.61875
2 17 0.36125 -0.61875
0 18 0.48125 -0.57875
1 18 0.48125 -0.57875
2 18 0.48125 -0.57875
0 19 0.62375 -0.56625
1 19 0.62375 -0.56625
2 19 0.62375 -0.56625
0 20 0.4825 -0.58875
1 20 0.4825 -0.58875
2 20 0.4825 -0.58875
0 21 0.48375 -0.59125
1 21 0.48375 -0.59125
2 21 0.48375 -0.59125
0 22 0.62375 -0.57625
1 22 0.62375 -0.57625
2 22 0.62375 -0.57625
0 23 0.52625 -0.57125
1 23 0.52625 -0.57125
2 23 0.52625 -0.57125
0 24 0.56375 -0.57625
1 24 0.56375 -0.57625
2 24 0.56375 -0.57625
0 25 0.62625 -0.55125
1 25 0.62625 -0.55125
2 25 0.62625 -0.55125
0 26 0.55125 -0.59625
1 26 0.55125 -0.59625
2 26 0.55125 -0.59625
0 27 0.62875 -0.55375
1 27 0.62875 -0.55375
2 27 0.62875 -0.55375
0 28 0.48 -0.57625
1 28 0.48 -0.57625
2 28 0.48 -0.57625
0 29 0.67875 -0.57125
1 29 0.67875 -0.57125
2 29 0.67875 -0.57125
0 30 0.4525 -0.67125
1 30 0.4525 -0.67125
2 30 0.4525 -0.67125
0 31 0.4925 -0.5875
1 31 0.4925 -0.5875
2 31 0.4925 -0.5875
0 32 0.645 -0.55125
1 32 0.645 -0.55125
2 32 0.645 -0.55125
0 33 0.455 -0.58375
1 33 0.455 -0.58375
2 33 0.455 -0.58375
0 34 0.62 -0.59375
1 34 0.62 -0.59375
2 34 0.62 -0.59375
0 35 0.51 -0.58375
1 35 0.51 -0.58375
2 35 0.51 -0.58375
0 36 0.475 -0.5925
1 36 0.475 -0.5925
2 36 0.475 -0.5925
0 37 0.4725 -0.5775
1 37 0.4725 -0.5775
2 37 0.4725 -0.5775
0 38 0.615 -0.54375
1 38 0.615 -0.54375
2 38 0.615 -0.54375
0 39 0.4625 -0.5825
1 39 0.4625 -0.5825
2 39 0.4625 -0.5825
0 40 -0.19625 -0.55875
1 40 -0.19625 -0.55875
2 40 -0.19625 -0.55875
0 41 -0.00999997 -0.37375
1 41 -0.00999997 -0.37375
2 41 -0.00999997 -0.37375
0 42 0.6395 -0.586
1 42 0.6395 -0.586
2 42 0.6395 -0.586
0 43 -0.0999999 -0.5305
1 43 -0.0999999 -0.5305
2 43 -0.0999999 -0.5305
0 44 0.635 -0.577
1 44 0.635 -0.577
2 44 0.635 -0.577
0 45 0.518 -0.586
1 45 0.518 -0.586
2 45 0.518 -0.586
0 46 0.5105 -0.5875
1 46 0.5105 -0.5875
2 46 0.5105 -0.5875
0 47 0.656 -0.559
1 47 0.656 -0.559
2 47 0.656 -0.559
0 48 0.542 -0.5815
1 48 0.542 -0.5815
2 48 0.542 -0.5815
0 49 -0.1975 -0.559
1 49 -0.1975 -0.559
2 49 -0.1975 -0.559
0 50 0.482 -0.589
1 50 0.482 -0.589
2 50 0.482 -0.589
0 51 0.4895 -0.577
1 51 0.4895 -0.577
2 51 0.4895 -0.577
0 52 0.569 -0.562
1 52 0.569 -0.562
2 52 0.569 -0.562
0 53 -0.679 -0.85
1 53 -0.679 -0.85
2 53 -0.679 -0.85
0 54 0.6245 -0.541
1 54 0.6245 -0.541
2 54 0.6245 -0.541
0 55 0.4535 -0.5815
1 55 0.4535 -0.5815
2 55 0.4535 -0.5815
0 56 0.3605 -0.619
1 56 0.3605 -0.619
2 56 0.3605 -0.619
0 57 0.6845 -0.5575
1 57 0.6845 -0.5575
2 57 0.6845 -0.5575
0 58 0.4745 -0.592
1 58 0.4745 -0.592
2 58 0.4745 -0.592
0 59 0.4715 -0.5785
1 59 0.4715 -0.5785
2 59 0.4715 -0.5785
0 60 0.644 -0.5365
1 60 0.644 -0.5365
2 60 0.644 -0.5365
0 61 0.497 -0.574
1 61 0.497 -0.574
2 61 0.497 -0.574
0 62 -0.0264999 -0.6625
1 62 -0.0264999 -0.6625
2 62 -0.0264999 -0.6625
0 63 0.5645 -0.5785
1 63 0.5645 -0.5785
2 63 0.5645 -0.5785
0 64 0.674 -0.559
1 64 0.674 -0.559
2 64 0.674 -0.559
0 65 0.551 -0.595
1 65 0.551 -0.595
2 65 0.551 -0.595
0 66 0.533 -0.595
1 66 0.533 -0.595
2 66 0.533 -0.595
0 67 0.056 -0.4045
1 67 0.056 -0.4045
2 67 0.056 -0.4045
0 68 0.65 -0.5725
1 68 0.65 -0.5725
2 68 0.65 -0.5725
0 69 0.506 -0.5725
1 69 0.506 -0.5725
2 69 0.506 -0.5725
0 70 0.5525 -0.568
1 70 0.5525 -0.568
2 70 0.5525 -0.568
0 71 -0.43 -0.592
1 71 -0.43 -0.592
2 71 -0.43 -0.592
0 72 0.4235 -0.3355
1 72 0.4235 -0.3355
2 72 0.4235 -0.3355
0 73 0.62 -0.5932
1 73 0.62 -0.5932
2 73 0.62 -0.5932
0 74 -0.4708 -0.3016
1 74 -0.4726 -0.3016
2 74 -0.4708 -0.3016
0 75 0.53 -0.5986
1 75 0.53 -0.5986
2 75 0.53 -0.5986
0 76 -0.4798 -0.3016
1 76 -0.4798 -0.3016
2 76 -0.4798 -0.3016
0 77 -0.4024 -0.6328
1 77 -0.4024 -0.6328
2 77 -0.4024 -0.6328
0 78 -0.6364 -0.2908
1 78 -0.6364 -0.2908
2 78 -0.6364 -0.2908
0 79 -0.6796 -0.8506
1 79 -0.6796 -0.8506
2 79 -0.6796 -0.8506
0 80 0.5642 -0.5788
1 80 0.5642 -0.5788
2 80 0.5642 -0.5788
0 81 -0.4852 -0.802
1 81 -0.4852 -0.802
2 81 -0.4852 -0.802
0 82 0.5732 -0.5752
1 82 0.5732 -0.5752
2 82 0.5732 -0.5752
0 83 -0.487 -0.811
1 83 -0.487 -0.811
2 83 -0.487 -0.811
0 84 0.5696 -0.5626
1 84 0.5696 -0.5626
2 84 0.5696 -0.5626
0 85 -0.1954 -0.568
1 85 -0.1954 -0.568
2 85 -0.1954 -0.568
0 86 0.6236 -0.5896
1 86 0.6236 -0.5896
2 86 0.6236 -0.5896
0 87 0.6884 -0.568
1 87 0.6884 -0.568
2 87 0.6884 -0.568
0 88 0.6182 -0.5536
1 88 0.6182 -0.5536
2 88 0.6182 -0.5536
0 89 0.656 -0.559
1 89 0.656 -0.559
2 89 0.656 -0.559
0 90 0.6272 -0.5518
1 90 0.6272 -0.5518
2 90 0.6272 -0.5518
0 91 0.557 -0.5806
1 91 0.557 -0.5806
2 91 0.557 -0.5806
0 92 0.6506 -0.5734
1 92 0.6506 -0.5734
2 92 0.6506 -0.5734
0 93 0.6344 -0.5752
1 93 0.6344 -0.5752
2 93 0.6344 -0.5752
0 94 0.4976 -0.5752
1 94 0.4976 -0.5752
2 94 0.4976 -0.5752
0 95 -0.6994 -0.8686
1 95 -0.6994 -0.8686
2 95 -0.6994 -0.8686
0 96 0.4796 -0.5788
1 96 0.4796 -0.5788
2 96 0.4796 -0.5788
0 97 -0.0261999 -0.6616
1 97 -0.0261999 -0.6616
2 97 -0.0261999 -0.6616
0 98 -0.6418 -0.2926
1 98 -0.6418 -0.2926
2 98 -0.6418 -0.2926
0 99 0.4724 -0.5788
1 99 0.4724 -0.5788
2 99 0.4724 -0.5788
0 100 -0.3754 -0.631
1 100 -0.3754 -0.631
2 100 -0.3754 -0.631
0 101 -0.5266 -0.5518
1 101 -0.5266 -0.5518
2 101 -0.5266 -0.5518
0 102 0.0566001 -0.4042
1 102 0.0566001 -0.4042
2 102 0.0566001 -0.4042
0 103 0.4544 -0.5824
1 103 0.4544 -0.5824
2 103 0.4544 -0.5824
0 104 0.6452 -0.5374
1 104 0.6452 -0.5374
2 104 0.6452 -0.5374
0 105 0.5426 -0.5824
1 105 0.5426 -0.5824
2 105 0.5426 -0.5824
0 106 0.6524 -0.5842
1 106 0.6524 -0.5842
2 106 0.6524 -0.5842
0 107 0.6398 -0.586
1 107 0.6398 -0.586
2 107 0.6398 -0.586
0 108 0.6146 -0.5428
1 108 0.6146 -0.5428
2 108 0.6146 -0.5428
0 109 -0.0279999 -0.685
1 109 -0.0279999 -0.685
2 109 -0.0279999 -0.685
0 110 0.4616 -0.5806
1 110 0.4616 -0.5806
2 110 0.4616 -0.5806
0 111 0.55736 -0.5788
1 111 0.55736 -0.5788
2 111 0.55736 -0.5788
0 112 0.6524 -0.58528
1 112 0.6524 -0.58528
2 112 0.6524 -0.58528
0 113 0.1124 -0.65872
1 113 0.1124 -0.65872
2 113 0.1124 -0.65872
0 114 -0.19864 -0.62416
1 114 -0.19864 -0.62416
2 114 -0.19864 -0.62416
0 115 -0.61552 -0.6004
1 115 -0.61552 -0.6004
2 115 -0.61552 -0.6004
0 116 -0.0236799 -0.66304
1 116 -0.0236799 -0.66304
2 116 -0.0236799 -0.66304
0 117 -0.0193598 -0.66304
1 117 -0.0193598 -0.66304
2 117 -0.0193598 -0.66304
0 118 -0.63712 -0.29152
1 118 -0.63712 -0.29152
2 118 -0.63712 -0.29152
0 119 -0.64144 -0.29152
1 119 -0.64144 -0.29152
2 119 -0.64144 -0.29152
0 120 -0.48808 -0.80992
1 120 -0.48808 -0.80992
2 120 -0.48808 -0.80992
0 121 0.6848 -0.5572
1 121 0.6848 -0.5572
2 121 0.6848 -0.5572
0 122 -0.19432 -0.568
1 122 -0.19432 -0.568
2 122 -0.19432 -0.568
0 123 -0.62848 -0.61552
1 123 -0.62848 -0.61552
2 123 -0.62848 -0.61552
0 124 0.63944 -0.58744
1 124 0.63944 -0.58744
2 124 0.63944 -0.58744
0 125 -0.52696 -0.55288
1 125 -0.52696 -0.55288
2 125 -0.52696 -0.55288
0 126 -0.49024 -0.8164
1 126 -0.49024 -0.8164
2 126 -0.49024 -0.8164
0 127 -0.47944 -0.30232
1 127 -0.47944 -0.30232
2 127 -0.47944 -0.30232
0 128 -0.47296 -0.30232
1 128 -0.47296 -0.30232
2 128 -0.47296 -0.30232
0 129 -0.37576 -0.63064
1 129 -0.37576 -0.63064
2 129 -0.37576 -0.63064
0 130 0.62432 -0.5896
1 130 0.62432 -0.5896
2 130 0.62432 -0.5896
0 131 0.64808 -0.56152
1 131 0.64808 -0.56152
2 131 0.64808 -0.56152
0 132 0.65672 -0.55936
1 132 0.65672 -0.55936
2 132 0.65672 -0.55936
0 133 -0.69976 -0.86824
1 133 -0.69976 -0.86824
2 133 -0.69976 -0.86824
0 134 -0.19864 -0.55936
1 134 -0.19864 -0.55936
2 134 -0.19864 -0.55936
0 135 -0.40384 -0.63064
1 135 -0.40384 -0.63064
2 135 -0.40384 -0.63064
0 136 -0.64576 -0.42544
1 136 -0.64576 -0.42544
2 136 -0.64576 -0.42544
0 137 0.47312 -0.60688
1 137 0.47312 -0.60688
2 137 0.47312 -0.60688
0 138 0.0908001 -0.66304
1 138 0.0908001 -0.66304
2 138 0.0908001 -0.66304
0 139 -0.65656 -0.6544
1 139 -0.65656 -0.6544
2 139 -0.65656 -0.6544
0 140 0.61352 -0.54208
1 140 0.61352 -0.54208
2 140 0.61352 -0.54208
0 141 0.625184 -0.590464
1 141 0.625184 -0.590464
2 141 0.625184 -0.590464
0 142 -0.63712 -0.292384
1 142 -0.63712 -0.292384
2 142 -0.63712 -0.292384
0 143 -0.681184 -0.852256
1 143 -0.681184 -0.852256
2 143 -0.681184 -0.852256
0 144 -0.642304 -0.383104
1 144 -0.642304 -0.383104
2 144 -0.642304 -0.383104
0 145 0.640736 -0.432352
1 145 0.640736 -0.432352
2 145 0.640736 -0.432352
0 146 0.713312 -0.344224
1 146 0.713312 -0.344224
2 146 0.713312 -0.344224
0 147 -0.0254078 -0.66304
1 147 -0.0254078 -0.66304
2 147 -0.0254078 -0.66304
0 148 -0.489376 -0.815968
1 148 -0.489376 -0.815968
2 148 -0.489376 -0.815968
0 149 -0.608608 -0.595648
1 149 -0.608608 -0.595648
2 149 -0.608608 -0.595648
0 150 -0.473824 -0.302752
1 150 -0.473824 -0.302752
2 150 -0.473824 -0.302752
0 151 -0.479008 -0.302752
1 151 -0.479008 -0.302752
2 151 -0.479008 -0.302752
0 152 -0.618976 -0.595648
1 152 -0.618976 -0.595648
2 152 -0.618976 -0.595648
0 153 0.0912323 -0.66304
1 153 0.0912323 -0.66304
2 153 0.0912323 -0.66304
0 154 0.109376 -0.660448
1 154 0.109376 -0.660448
2 154 0.109376 -0.660448
0 155 -0.657856 -0.655264
1 155 -0.657856 -0.655264
2 155 -0.657856 -0.655264
0 156 -0.193888 -0.567136
1 156 -0.193888 -0.567136
2 156 -0.193888 -0.567136
0 157 -0.616384 -0.600832
1 157 -0.616384 -0.600832
2 157 -0.616384 -0.600832
0 158 -0.40384 -0.629344
1 158 -0.40384 -0.629344
2 158 -0.40384 -0.629344
0 159 -0.375328 -0.629344
1 159 -0.375328 -0.629344
2 159 -0.375328 -0.629344
0 160 -0.219808 -0.564544
1 160 -0.219808 -0.564544
2 160 -0.219808 -0.564544
0 161 -0.199072 -0.55936
1 161 -0.199072 -0.55936
2 161 -0.199072 -0.55936
0 162 -0.595648 -0.49456
1 162 -0.595648 -0.49456
2 162 -0.595648 -0.49456
0 163 -0.19648 -0.31312
1 163 -0.19648 -0.31312
2 163 -0.19648 -0.31312
0 164 -0.204256 -0.556768
1 164 -0.204256 -0.556768
2 164 -0.204256 -0.556768
0 165 -0.258688 -0.62416
1 165 -0.258688 -0.62416
2 165 -0.258688 -0.62416
0 166 -0.230176 -0.62416
1 166 -0.230176 -0.62416
2 166 -0.230176 -0.62416
0 167 -0.354592 -0.517888
1 167 -0.354592 -0.517888
2 167 -0.354592 -0.517888
0 168 -0.199072 -0.621568
1 168 -0.199072 -0.621568
2 168 -0.199072 -0.621568
0 169 -0.600832 -0.618976
1 169 -0.600832 -0.618976
2 169 -0.600832 -0.618976
0 170 -0.626752 -0.616384
1 170 -0.626752 -0.616384
2 170 -0.626752 -0.616384
0 171 -0.258688 -0.530848
1 171 -0.258688 -0.530848
2 171 -0.258688 -0.530848
0 172 -0.61431 -0.598758
1 172 -0.61431 -0.598758
2 172 -0.61431 -0.598758
0 173 -0.489894 -0.816486
1 173 -0.489894 -0.816486
2 173 -0.489894 -0.816486
0 174 -0.349926 -0.480563
1 174 -0.349926 -0.480563
2 174 -0.349926 -0.480563
0 175 -0.626752 -0.617421
1 175 -0.626752 -0.617421
2 175 -0.626752 -0.617421
0 176 -0.402803 -0.629862
1 176 -0.402803 -0.629862
2 176 -0.402803 -0.629862
0 177 -0.374809 -0.626752
1 177 -0.374809 -0.626752
2 177 -0.374809 -0.626752
0 178 0.458778 -0.60809
1 178 0.458778 -0.60809
2 178 0.458778 -0.60809
0 179 -0.670297 -0.657856
1 179 -0.670297 -0.657856
2 179 -0.670297 -0.657856
0 180 -0.0233341 -0.664077
1 180 -0.0233341 -0.664077
2 180 -0.0233341 -0.664077
0 181 -0.216179 -0.555213
1 181 -0.216179 -0.555213
2 181 -0.216179 -0.555213
0 182 0.0699778 -0.60809
1 182 0.0699778 -0.60809
2 182 0.0699778 -0.60809
0 183 -0.337485 -0.477453
1 183 -0.337485 -0.477453
2 183 -0.337485 -0.477453
0 184 0.654733 -0.421465
1 184 0.654733 -0.421465
2 184 0.654733 -0.421465
0 185 -0.157081 -0.620531
1 185 -0.157081 -0.620531
2 185 -0.157081 -0.620531
0 186 0.113523 -0.430797
1 186 0.113523 -0.430797
2 186 0.113523 -0.430797
0 187 0.545869 -0.499225
1 187 0.545869 -0.499225
2 187 0.545869 -0.499225
0 188 -0.486784 -0.797824
1 188 -0.486784 -0.797824
2 188 -0.486784 -0.797824
0 189 -0.68896 -0.642304
1 189 -0.68896 -0.642304
2 189 -0.68896 -0.642304
0 190 -0.371699 -0.580096
1 190 -0.371699 -0.580096
2 190 -0.371699 -0.580096
0 191 -0.194406 -0.564544
1 191 -0.194406 -0.564544
2 191 -0.194406 -0.564544
0 192 -0.197517 -0.620531
1 192 -0.197517 -0.620531
2 192 -0.197517 -0.620531
0 193 -0.387251 -0.465011
1 193 -0.387251 -0.465011
2 193 -0.387251 -0.465011
0 194 0.713831 -0.343705
1 194 0.713831 -0.343705
2 194 0.713831 -0.343705
0 195 -0.595648 -0.493005
1 195 -0.595648 -0.493005
2 195 -0.595648 -0.493005
0 196 -0.02209 -0.667809
1 196 -0.02209 -0.667809
2 196 -0.02209 -0.667809
0 197 -0.339351 -0.477453
1 197 -0.339351 -0.477453
2 197 -0.339351 -0.477453
0 198 0.653489 -0.421465
1 198 0.653489 -0.421465
2 198 0.653489 -0.421465
0 199 0.545247 -0.499848
1 199 0.545247 -0.499848
2 199 0.545247 -0.499848
0 200 -0.372943 -0.57823
1 200 -0.372943 -0.57823
2 200 -0.372943 -0.57823
0 201 0.4594 -0.671542
1 201 0.4594 -0.671542
2 201 0.4594 -0.671542
0 202 -0.626752 -0.619287
1 202 -0.626752 -0.619287
2 202 -0.626752 -0.619287
0 203 -0.231109 -0.623019
1 203 -0.231109 -0.623019
2 203 -0.231109 -0.623019
0 204 -0.156459 -0.619287
1 204 -0.156459 -0.619287
2 204 -0.156459 -0.619287
0 205 -0.387873 -0.466255
1 205 -0.387873 -0.466255
2 205 -0.387873 -0.466255
0 206 0.4594 -0.608089
1 206 0.4594 -0.608089
2 206 0.4594 -0.608089
0 207 -0.604357 -0.623019
1 207 -0.604357 -0.623019
2 207 -0.604357 -0.623019
0 208 -0.671542 -0.660344
1 208 -0.671542 -0.660344
2 208 -0.671542 -0.660344
0 209 -0.615554 -0.600625
1 209 -0.615554 -0.600625
2 209 -0.615554 -0.600625
0 210 -0.372943 -0.626752
1 210 -0.372943 -0.626752
2 210 -0.372943 -0.626752
0 211 -0.656612 -0.514777
1 211 -0.656612 -0.514777
2 211 -0.656612 -0.514777
0 212 0.0712221 -0.608089
1 212 0.0712221 -0.608089
2 212 0.0712221 -0.608089
0 213 -0.682739 -0.641682
1 213 -0.682739 -0.641682
2 213 -0.682739 -0.641682
0 214 -0.645414 -0.380408
1 214 -0.645414 -0.380408
2 214 -0.645414 -0.380408
0 215 -0.477453 -0.302026
1 215 -0.477453 -0.302026
2 215 -0.477453 -0.302026
0 216 -0.484918 -0.798446
1 216 -0.484918 -0.798446
2 216 -0.484918 -0.798446
0 217 -0.402803 -0.626752
1 217 -0.402803 -0.626752
2 217 -0.402803 -0.626752
0 218 0.086152 -0.664077
1 218 0.086152 -0.664077
2 218 0.086152 -0.664077
0 219 -0.197517 -0.619287
1 219 -0.197517 -0.619287
2 219 -0.197517 -0.619287
0 220 0.590037 -0.522242
1 220 0.590037 -0.522242
2 220 0.590037 -0.522242
