100
0 0 -0.219792 -0.558333
1 0 -0.219792 -0.559375
2 0 -0.219792 -0.559375
0 1 0.646875 -0.55
1 1 0.646875 -0.55
2 1 0.646875 -0.551042
0 2 0.3625 -0.61875
1 2 0.3625 -0.61875
2 2 0.3625 -0.619792
0 3 0.65875 -0.56125
1 3 0.65875 -0.56125
2 3 0.65875 -0.5625
0 4 0.6275 -0.55125
1 4 0.6275 -0.55125
2 4 0.6275 -0.55125
0 5 0.6575 -0.55875
1 5 0.6575 -0.55875
2 5 0.6575 -0.55875
0 6 0.56625 -0.57875
1 6 0.56625 -0.57875
2 6 0.56625 -0.58
0 7 -0.22 -0.55875
1 7 -0.22 -0.56
2 7 -0.22 -0.56
0 8 0.3625 -0.61875
1 8 0.3625 -0.61875
2 8 0.3625 -0.62
0 9 -0.00874996 -0.3725
1 9 -0.00874996 -0.37375
2 9 -0.00874996 -0.37375
0 10 0.455 -0.5815
1 10 0.455 -0.5815
2 10 0.455 -0.5815
0 11 0.1145 -0.661
1 11 0.1145 -0.661
2 11 0.1145 -0.661
0 12 0.62 -0.5935
1 12 0.62 -0.5935
2 12 0.62 -0.5935
0 13 -0.679 -0.8485
1 13 -0.679 -0.8485
2 13 -0.679 -0.85
0 14 -0.487 -0.8095
1 14 -0.487 -0.811
2 14 -0.487 -0.811
0 15 0.6755 -0.559
1 15 0.6755 -0.559
2 15 0.6755 -0.559
0 16 0.653 -0.583
1 16 0.653 -0.583
2 16 0.653 -0.5845
0 17 -0.22 -0.559
1 17 -0.22 -0.5605
2 17 -0.22 -0.5605
0 18 0.6455 -0.535
1 18 0.6455 -0.5365
2 18 0.6455 -0.5365
0 19 0.68 -0.5425
1 19 0.68 -0.544
2 19 0.68 -0.544
0 20 -0.6796 -0.8488
1 20 -0.6796 -0.8506
2 20 -0.6796 -0.8506
0 21 0.6254 -0.5878
1 21 0.6254 -0.5896
2 21 0.6254 -0.5896
0 22 0.512 -0.586
1 22 0.512 -0.5878
2 22 0.512 -0.5878
0 23 0.557 -0.5788
1 23 0.557 -0.5788
2 23 0.557 -0.5788
0 24 0.1142 -0.6598
1 24 0.1142 -0.6616
2 24 0.1142 -0.6616
0 25 0.6398 -0.586
1 25 0.6398 -0.586
2 25 0.6398 -0.586
0 26 0.62 -0.5392
1 26 0.62 -0.541
2 26 0.62 -0.541
0 27 0.0926001 -0.6616
1 27 0.0926001 -0.6634
2 27 0.0926001 -0.6634
0 28 -0.2188 -0.5608
1 28 -0.2188 -0.5608
2 28 -0.2188 -0.5608
0 29 0.6254 -0.541
1 29 0.6254 -0.541
2 29 0.6254 -0.541
0 30 0.6506 -0.5734
1 30 0.6506 -0.5734
2 30 0.6506 -0.5752
0 31 -0.6994 -0.8668
1 31 -0.6994 -0.8686
2 31 -0.6994 -0.8686
0 32 0.5426 -0.5806
1 32 0.5426 -0.5806
2 32 0.5426 -0.5806
0 33 0.6668 -0.5824
1 33 0.6668 -0.5824
2 33 0.6668 -0.5824
0 34 0.6182 -0.5518
1 34 0.6182 -0.5536
2 34 0.6182 -0.5536
0 35 0.55736 -0.5788
1 35 0.55736 -0.5788
2 35 0.55736 -0.5788
0 36 0.65456 -0.58528
1 36 0.65456 -0.58528
2 36 0.65456 -0.58528
0 37 -0.47728 -0.30016
1 37 -0.47728 -0.30232
2 37 -0.47728 -0.30232
0 38 -0.19432 -0.568
1 38 -0.19432 -0.568
2 38 -0.19432 -0.568
0 39 -0.4708 -0.30232
1 39 -0.4708 -0.30232
2 39 -0.4708 -0.30232
0 40 0.6524 -0.57232
1 40 0.6524 -0.57448
2 40 0.6524 -0.57448
0 41 0.1124 -0.65872
1 41 0.1124 -0.65872
2 41 0.1124 -0.65872
0 42 -0.21808 -0.56152
1 42 -0.21808 -0.56152
2 42 -0.21808 -0.56152
0 43 -0.61552 -0.6004
1 43 -0.61552 -0.6004
2 43 -0.61552 -0.6004
0 44 0.10808 -0.66088
1 44 0.10808 -0.66088
2 44 0.10808 -0.66088
0 45 -0.6976 -0.86608
1 45 -0.69976 -0.86824
2 45 -0.69976 -0.86824
0 46 0.47528 -0.60688
1 46 0.47528 -0.60688
2 46 0.47528 -0.60688
0 47 0.68912 -0.568
1 47 0.68912 -0.568
2 47 0.68912 -0.568
0 48 -0.63496 -0.29152
1 48 -0.63496 -0.29152
2 48 -0.63496 -0.29368
0 49 -0.62632 -0.61552
1 49 -0.62632 -0.61552
2 49 -0.62632 -0.61552
0 50 0.63512 -0.57664
1 50 0.63512 -0.57664
2 50 0.63512 -0.57664
0 51 0.67832 -0.57016
1 51 0.67832 -0.57016
2 51 0.67832 -0.57016
0 52 -0.193888 -0.567136
1 52 -0.193888 -0.567136
2 52 -0.193888 -0.567136
0 53 0.635552 -0.590464
1 53 0.635552 -0.590464
2 53 0.635552 -0.590464
0 54 -0.219808 -0.564544
1 54 -0.219808 -0.564544
2 54 -0.219808 -0.564544
0 55 -0.699328 -0.865216
1 55 -0.699328 -0.865216
2 55 -0.699328 -0.867808
0 56 -0.626752 -0.616384
1 56 -0.626752 -0.616384
2 56 -0.626752 -0.616384
0 57 -0.681184 -0.849664
1 57 -0.681184 -0.849664
2 57 -0.681184 -0.852256
0 58 -0.0228158 -0.66304
1 58 -0.0228158 -0.66304
2 58 -0.0228158 -0.66304
0 59 0.627776 -0.590464
1 59 0.627776 -0.590464
2 59 0.627776 -0.590464
0 60 -0.401248 -0.629344
1 60 -0.401248 -0.629344
2 60 -0.401248 -0.629344
0 61 -0.63712 -0.292384
1 61 -0.63712 -0.292384
2 61 -0.63712 -0.292384
0 62 -0.19648 -0.31312
1 62 -0.19648 -0.31312
2 62 -0.19648 -0.31312
0 63 -0.489376 -0.815968
1 63 -0.489376 -0.815968
2 63 -0.489376 -0.815968
0 64 -0.256096 -0.530848
1 64 -0.256096 -0.530848
2 64 -0.256096 -0.530848
0 65 -0.204256 -0.556768
1 65 -0.204256 -0.556768
2 65 -0.204256 -0.556768
0 66 -0.471232 -0.302752
1 66 -0.471232 -0.302752
2 66 -0.471232 -0.302752
0 67 -0.269056 -0.31312
1 67 -0.269056 -0.31312
2 67 -0.269056 -0.31312
0 68 -0.258688 -0.62416
1 68 -0.258688 -0.62416
2 68 -0.258688 -0.62416
0 69 -0.219289 -0.564544
1 69 -0.219289 -0.564544
2 69 -0.219289 -0.567654
0 70 -0.256614 -0.530329
1 70 -0.256614 -0.530329
2 70 -0.256614 -0.530329
0 71 -0.68585 -0.639194
1 71 -0.68585 -0.639194
2 71 -0.68585 -0.642304
0 72 -0.654746 -0.514777
1 72 -0.654746 -0.514777
2 72 -0.654746 -0.514777
0 73 -0.601869 -0.620531
1 73 -0.601869 -0.620531
2 73 -0.601869 -0.620531
0 74 -0.642304 -0.38103
1 74 -0.642304 -0.38103
2 74 -0.642304 -0.38103
0 75 0.63296 -0.589427
1 75 0.63296 -0.589427
2 75 0.63296 -0.589427
0 76 -0.626752 -0.617421
1 76 -0.626752 -0.617421
2 76 -0.626752 -0.617421
0 77 -0.489894 -0.816486
1 77 -0.489894 -0.816486
2 77 -0.489894 -0.816486
0 78 -0.0357758 -0.496115
1 78 -0.0357758 -0.496115
2 78 -0.0357758 -0.496115
0 79 -0.197517 -0.620531
1 79 -0.197517 -0.620531
2 79 -0.197517 -0.620531
0 80 -0.272166 -0.312601
1 80 -0.272166 -0.312601
2 80 -0.272166 -0.312601
0 81 -0.595648 -0.493005
1 81 -0.595648 -0.493005
2 81 -0.595648 -0.493005
0 82 -0.371699 -0.580096
1 82 -0.371699 -0.580096
2 82 -0.371699 -0.580096
0 83 0.4594 -0.671542
1 83 0.4594 -0.671542
2 83 0.4594 -0.671542
0 84 -0.626752 -0.619287
1 84 -0.626752 -0.619287
2 84 -0.626752 -0.619287
0 85 -0.477453 -0.302026
1 85 -0.477453 -0.302026
2 85 -0.477453 -0.302026
0 86 -0.604357 -0.623019
1 86 -0.604357 -0.623019
2 86 -0.604357 -0.623019
0 87 -0.615554 -0.600625
1 87 -0.615554 -0.600625
2 87 -0.615554 -0.600625
0 88 -0.335618 -0.477453
1 88 -0.335618 -0.477453
2 88 -0.335618 -0.477453
0 89 0.590037 -0.522242
1 89 0.590037 -0.522242
2 89 0.590037 -0.522242
0 90 0.086152 -0.664077
1 90 0.086152 -0.664077
2 90 0.086152 -0.664077
0 91 -0.630484 -0.630484
1 91 -0.630484 -0.630484
2 91 -0.630484 -0.630484
0 92 -0.671542 -0.660344
1 92 -0.671542 -0.660344
2 92 -0.671542 -0.660344
0 93 -0.372943 -0.57823
1 93 -0.372943 -0.57823
2 93 -0.372943 -0.57823
0 94 -0.02209 -0.667809
1 94 -0.02209 -0.667809
2 94 -0.02209 -0.667809
0 95 -0.641682 -0.380408
1 95 -0.641682 -0.380408
2 95 -0.641682 -0.384141
0 96 -0.387873 -0.462523
1 96 -0.387873 -0.462523
2 96 -0.387873 -0.462523
0 97 -0.197517 -0.619287
1 97 -0.197517 -0.619287
2 97 -0.197517 -0.619287
0 98 -0.402803 -0.626752
1 98 -0.402803 -0.626752
2 98 -0.402803 -0.626752
0 99 -0.652879 -0.358013
1 99 -0.652879 -0.358013
2 99 -0.652879 -0.358013
