67
0 0 0.544792 -0.572917
1 0 0.54375 -0.572917
2 0 0.54375 -0.571875
0 1 0.0364583 -0.665625
1 1 0.0364583 -0.665625
2 1 0.0364583 -0.664583
0 2 0.64625 -0.55125
1 2 0.64625 -0.55125
2 2 0.64625 -0.55
0 3 0.56 -0.58375
1 3 0.56 -0.58375
2 3 0.56 -0.5825
0 4 0.47875 -0.59625
1 4 0.47875 -0.59625
2 4 0.47875 -0.595
0 5 -0.2175 -0.56375
1 5 -0.2175 -0.56375
2 5 -0.2175 -0.5625
0 6 0.64875 -0.55375
1 6 0.64875 -0.55375
2 6 0.64875 -0.5525
0 7 0.0975001 -0.66625
1 7 0.0987501 -0.66625
2 7 0.0975001 -0.665
0 8 0.6815 -0.547
1 8 0.6815 -0.5455
2 8 0.6815 -0.5455
0 9 0.4745 -0.5815
1 9 0.4745 -0.5815
2 9 0.4745 -0.58
0 10 0.6545 -0.541
1 10 0.653 -0.541
2 10 0.653 -0.5395
0 11 -0.6544 -0.4636
1 11 -0.6544 -0.4636
2 11 -0.6544 -0.4618
0 12 -0.217 -0.5644
1 12 -0.217 -0.5644
2 12 -0.217 -0.5644
0 13 -0.4834 -0.8146
1 13 -0.4834 -0.8146
2 13 -0.4834 -0.8128
0 14 -0.3898 -0.5122
1 14 -0.3898 -0.5122
2 14 -0.3898 -0.5104
0 15 0.5588 -0.5824
1 15 0.5588 -0.5824
2 15 0.5588 -0.5806
0 16 -0.469 -0.307
1 16 -0.469 -0.307
2 16 -0.469 -0.3052
0 17 0.6164 -0.2908
1 17 0.6164 -0.289
2 17 0.6164 -0.289
0 18 -0.676 -0.8542
1 18 -0.676 -0.8542
2 18 -0.676 -0.8524
0 19 0.6398 -0.4348
1 19 0.6398 -0.4348
2 19 0.6398 -0.4348
0 20 -0.59608 -0.622
1 20 -0.59608 -0.622
2 20 -0.59824 -0.622
0 21 -0.48376 -0.81424
1 21 -0.48376 -0.81208
2 21 -0.48376 -0.81208
0 22 -0.39952 -0.63496
1 22 -0.39952 -0.63496
2 22 -0.39952 -0.63496
0 23 -0.69544 -0.87256
1 23 -0.69544 -0.8704
2 23 -0.69544 -0.8704
0 24 0.6848 -0.54856
1 24 0.6848 -0.5464
2 24 0.6848 -0.5464
0 25 0.11024 -0.6652
1 25 0.11024 -0.6652
2 25 0.11024 -0.66304
0 26 -0.46864 -0.30664
1 26 -0.46864 -0.30664
2 26 -0.46864 -0.30448
0 27 0.65456 -0.57664
1 27 0.65456 -0.57664
2 27 0.65456 -0.57664
0 28 -0.67816 -0.87256
1 28 -0.67816 -0.8704
2 28 -0.67816 -0.8704
0 29 -0.46864 -0.307936
1 29 -0.46864 -0.305344
2 29 -0.46864 -0.305344
0 30 -0.372736 -0.631936
1 30 -0.372736 -0.631936
2 30 -0.372736 -0.631936
0 31 0.643328 -0.434944
1 31 0.643328 -0.434944
2 31 0.643328 -0.434944
0 32 -0.19648 -0.626752
1 32 -0.19648 -0.626752
2 32 -0.19648 -0.62416
0 33 -0.62416 -0.621568
1 33 -0.62416 -0.621568
2 33 -0.62416 -0.618976
0 34 -0.191296 -0.57232
1 34 -0.191296 -0.57232
2 34 -0.191296 -0.569728
0 35 0.627776 -0.595648
1 35 0.627776 -0.595648
2 35 0.627776 -0.593056
0 36 -0.486784 -0.821152
1 36 -0.486784 -0.821152
2 36 -0.486784 -0.81856
0 37 0.0938243 -0.665632
1 37 0.0938243 -0.665632
2 37 0.0938243 -0.665632
0 38 -0.668224 -0.665632
1 38 -0.670816 -0.66304
2 38 -0.670816 -0.66304
0 39 -0.696736 -0.872992
1 39 -0.694144 -0.8704
2 39 -0.696736 -0.8704
0 40 0.674432 -0.548992
1 40 0.674432 -0.548992
2 40 0.674432 -0.548992
0 41 -0.590464 -0.497152
1 41 -0.593056 -0.497152
2 41 -0.593056 -0.497152
0 42 -0.678592 -0.872992
1 42 -0.678592 -0.8704
2 42 -0.678592 -0.8704
0 43 -0.695181 -0.869363
1 43 -0.695181 -0.869363
2 43 -0.695181 -0.869363
0 44 -0.486784 -0.819597
1 44 -0.486784 -0.819597
2 44 -0.486784 -0.819597
0 45 0.461888 -0.61431
1 45 0.461888 -0.6112
2 45 0.461888 -0.6112
0 46 -0.0202237 -0.667187
1 46 -0.0202237 -0.667187
2 46 -0.0202237 -0.667187
0 47 -0.667187 -0.664077
1 47 -0.667187 -0.664077
2 47 -0.667187 -0.660966
0 48 -0.598758 -0.623641
1 48 -0.598758 -0.623641
2 48 -0.598758 -0.623641
0 49 -0.194406 -0.623641
1 49 -0.194406 -0.623641
2 49 -0.194406 -0.623641
0 50 -0.256614 -0.53655
1 50 -0.256614 -0.53344
2 50 -0.256614 -0.53344
0 51 -0.623641 -0.620531
1 51 -0.623641 -0.620531
2 51 -0.623641 -0.620531
0 52 0.657844 -0.424576
1 52 0.657844 -0.424576
2 52 0.657844 -0.424576
0 53 -0.213069 -0.558323
1 53 -0.213069 -0.558323
2 53 -0.213069 -0.558323
0 54 -0.682739 -0.645414
1 54 -0.682739 -0.645414
2 54 -0.682739 -0.642304
0 55 0.592525 -0.520998
1 55 0.592525 -0.520998
2 55 0.592525 -0.520998
0 56 -0.682739 -0.645414
1 56 -0.682739 -0.645414
2 56 -0.682739 -0.645414
0 57 -0.623019 -0.623019
1 57 -0.623019 -0.623019
2 57 -0.623019 -0.623019
0 58 0.54898 -0.50358
1 58 0.54898 -0.50358
2 58 0.54898 -0.50358
0 59 -0.152727 -0.623019
1 59 -0.152727 -0.623019
2 59 -0.152727 -0.623019
0 60 -0.350548 -0.522242
1 60 -0.350548 -0.522242
2 60 -0.350548 -0.522242
0 61 -0.693937 -0.873096
1 61 -0.693937 -0.869363
2 61 -0.693937 -0.869363
0 62 0.0898844 -0.667809
1 62 0.0898844 -0.667809
2 62 0.0898844 -0.667809
0 63 -0.649147 -0.361746
1 63 -0.649147 -0.361746
2 63 -0.649147 -0.361746
0 64 0.657222 -0.425198
1 64 0.657222 -0.425198
2 64 0.657222 -0.425198
0 65 -0.54837 -0.59316
1 65 -0.54837 -0.59316
2 65 -0.54837 -0.59316
0 66 -0.193784 -0.623019
1 66 -0.193784 -0.623019
2 66 -0.193784 -0.623019
