183
0 0 0.361458 -0.619792
1 0 0.361458 -0.619792
2 0 0.361458 -0.619792
0 1 0.0322917 -0.661458
1 1 0.0322917 -0.661458
2 1 0.0322917 -0.661458
0 2 0.571875 -0.573958
1 2 0.571875 -0.573958
2 2 0.571875 -0.573958
0 3 0.566667 -0.579167
1 3 0.566667 -0.579167
2 3 0.566667 -0.579167
0 4 -0.209375 -0.511458
1 4 -0.209375 -0.511458
2 4 -0.209375 -0.511458
0 5 0.0291667 -0.645833
1 5 0.0291667 -0.645833
2 5 0.0291667 -0.645833
0 6 0.542708 -0.578125
1 6 0.542708 -0.578125
2 6 0.542708 -0.578125
0 7 0.532292 -0.594792
1 7 0.533333 -0.594792
2 7 0.533333 -0.594792
0 8 0.626042 -0.551042
1 8 0.652083 -0.546875
2 8 0.652083 -0.546875
0 9 0.453125 -0.671875
1 9 0.454167 -0.671875
2 9 0.454167 -0.671875
0 10 -0.677083 -0.595833
1 10 -0.676042 -0.595833
2 10 -0.676042 -0.595833
0 11 -0.678125 -0.848958
1 11 -0.678125 -0.848958
2 11 -0.678125 -0.848958
0 12 0.48375 -0.59125
1 12 0.48375 -0.59125
2 12 0.48375 -0.59125
0 13 0.36125 -0.61875
1 13 0.36125 -0.61875
2 13 0.36125 -0.61875
0 14 0.4825 -0.58875
1 14 0.4825 -0.58875
2 14 0.4825 -0.58875
0 15 0.51125 -0.5875
1 15 0.51125 -0.5875
2 15 0.51125 -0.5875
0 16 0.6525 -0.5825
1 16 0.6525 -0.5825
2 16 0.6525 -0.5825
0 17 -0.0275 -0.685
1 17 -0.02875 -0.685
2 17 -0.02875 -0.685
0 18 0.4725 -0.5775
1 18 0.4725 -0.5775
2 18 0.4725 -0.5775
0 19 0.63625 -0.5775
1 19 0.63625 -0.5775
2 19 0.63625 -0.5775
0 20 0.67625 -0.56875
1 20 0.67625 -0.56875
2 20 0.67625 -0.56875
0 21 0.6525 -0.575
1 21 0.6525 -0.575
2 21 0.6525 -0.575
0 22 0.6525 -0.54625
1 22 0.6525 -0.54625
2 22 0.6525 -0.54625
0 23 0.51875 -0.58625
1 23 0.51875 -0.58625
2 23 0.51875 -0.58625
0 24 0.36875 -0.61875
1 24 0.36875 -0.61875
2 24 0.36875 -0.61875
0 25 -0.22125 -0.56
1 25 -0.22125 -0.56
2 25 -0.22125 -0.56
0 26 -0.4875 -0.81125
1 26 -0.4875 -0.81125
2 26 -0.4875 -0.81125
0 27 0.68625 -0.5575
1 27 0.68625 -0.5575
2 27 0.68625 -0.5575
0 28 0.51 -0.58375
1 28 0.51 -0.58375
2 28 0.51 -0.58375
0 29 0.5555 -0.577
1 29 0.5555 -0.577
2 29 0.5555 -0.577
0 30 0.5555 -0.58
1 30 0.5555 -0.58
2 30 0.5555 -0.58
0 31 0.6875 -0.568
1 31 0.6875 -0.568
2 31 0.6875 -0.568
0 32 0.6785 -0.571
1 32 0.6785 -0.571
2 32 0.6785 -0.571
0 33 0.5105 -0.5875
1 33 0.5105 -0.5875
2 33 0.5105 -0.5875
0 34 0.644 -0.5365
1 34 0.644 -0.5365
2 34 0.644 -0.5365
0 35 0.5645 -0.5785
1 35 0.5645 -0.5785
2 35 0.5645 -0.5785
0 36 -0.4885 -0.811
1 36 -0.487 -0.811
2 36 -0.487 -0.811
0 37 0.6845 -0.5575
1 37 0.6845 -0.5575
2 37 0.6845 -0.5575
0 38 0.506 -0.5725
1 38 0.506 -0.5725
2 38 0.506 -0.5725
0 39 0.6215 -0.5665
1 39 0.6215 -0.5665
2 39 0.6215 -0.5665
0 40 0.6275 -0.553
1 40 0.6275 -0.553
2 40 0.6275 -0.553
0 41 0.569 -0.562
1 41 0.569 -0.562
2 41 0.569 -0.562
0 42 0.6245 -0.541
1 42 0.6245 -0.541
2 42 0.6245 -0.541
0 43 0.497 -0.574
1 43 0.497 -0.574
2 43 0.497 -0.574
0 44 -0.43 -0.592
1 44 -0.43 -0.592
2 44 -0.43 -0.592
0 45 -0.679 -0.85
1 45 -0.679 -0.85
2 45 -0.679 -0.85
0 46 0.5525 -0.565
1 46 0.5525 -0.565
2 46 0.5525 -0.565
0 47 -0.4705 -0.301
1 47 -0.4705 -0.301
2 47 -0.4705 -0.301
0 48 -0.4195 -0.3055
1 48 -0.4195 -0.3055
2 48 -0.4195 -0.3055
0 49 -0.7 -0.868
1 49 -0.7 -0.868
2 49 -0.7 -0.868
0 50 0.6542 -0.5482
1 50 0.6542 -0.5482
2 50 0.6542 -0.5482
0 51 -0.4852 -0.802
1 51 -0.4852 -0.802
2 51 -0.4852 -0.802
0 52 -0.4024 -0.6328
1 52 -0.4024 -0.6328
2 52 -0.4024 -0.6328
0 53 0.6182 -0.5536
1 53 0.6182 -0.5536
2 53 0.6182 -0.5536
0 54 0.5696 -0.5626
1 54 0.5696 -0.5626
2 54 0.5696 -0.5626
0 55 -0.3754 -0.631
1 55 -0.3754 -0.631
2 55 -0.3754 -0.631
0 56 0.4616 -0.5806
1 56 0.4616 -0.5806
2 56 0.4616 -0.5806
0 57 0.557 -0.5806
1 57 0.557 -0.5806
2 57 0.557 -0.5806
0 58 -0.1954 -0.568
1 58 -0.1954 -0.568
2 58 -0.1954 -0.568
0 59 -0.4798 -0.3016
1 59 -0.4798 -0.3016
2 59 -0.4798 -0.3016
0 60 0.53 -0.5986
1 60 0.53 -0.5986
2 60 0.53 -0.5986
0 61 0.62 -0.5932
1 61 0.62 -0.5932
2 61 0.62 -0.5932
0 62 -0.487 -0.811
1 62 -0.487 -0.811
2 62 -0.487 -0.811
0 63 -0.6796 -0.8506
1 63 -0.6796 -0.8506
2 63 -0.6796 -0.8506
0 64 -0.4708 -0.3016
1 64 -0.4708 -0.3016
2 64 -0.4708 -0.3016
0 65 0.4976 -0.5752
1 65 0.4976 -0.5752
2 65 0.4976 -0.5752
0 66 0.6344 -0.5752
1 66 0.6344 -0.5752
2 66 0.6344 -0.5752
0 67 -0.2206 -0.5608
1 67 -0.2206 -0.5608
2 67 -0.2206 -0.5608
0 68 0.5102 -0.586
1 68 0.5102 -0.586
2 68 0.5102 -0.586
0 69 0.6218 -0.5662
1 69 0.6218 -0.5662
2 69 0.6218 -0.5662
0 70 -0.6364 -0.2908
1 70 -0.6364 -0.2908
2 70 -0.6364 -0.2908
0 71 0.6506 -0.5734
1 71 0.6506 -0.5734
2 71 0.6506 -0.5734
0 72 0.6254 -0.541
1 72 0.6254 -0.541
2 72 0.6254 -0.541
0 73 -0.5266 -0.5518
1 73 -0.5266 -0.5518
2 73 -0.5266 -0.5518
0 74 0.6398 -0.586
1 74 0.6398 -0.586
2 74 0.6398 -0.586
0 75 -0.0279999 -0.685
1 75 -0.0279999 -0.685
2 75 -0.0279999 -0.685
0 76 0.0476001 -0.5896
1 76 0.0476001 -0.5896
2 76 0.0476001 -0.5896
0 77 0.6146 -0.5428
1 77 0.6146 -0.5428
2 77 0.6146 -0.5428
0 78 -0.6994 -0.8686
1 78 -0.6994 -0.8686
2 78 -0.6994 -0.8686
0 79 0.6452 -0.5374
1 79 0.6452 -0.5374
2 79 0.6452 -0.5374
0 80 0.4724 -0.5788
1 80 0.4724 -0.5788
2 80 0.4724 -0.5788
0 81 -0.65656 -0.6544
1 81 -0.65656 -0.6544
2 81 -0.65656 -0.6544
0 82 -0.0236799 -0.66304
1 82 -0.0236799 -0.66304
2 82 -0.0236799 -0.66304
0 83 0.6308 -0.56368
1 83 0.6308 -0.56368
2 83 0.6308 -0.56368
0 84 -0.69976 -0.86824
1 84 -0.69976 -0.86824
2 84 -0.69976 -0.86824
0 85 0.0519201 -0.44704
1 85 0.0519201 -0.44704
2 85 0.0519201 -0.44704
0 86 0.55736 -0.5788
1 86 0.55736 -0.5788
2 86 0.55736 -0.5788
0 87 -0.62848 -0.61552
1 87 -0.62848 -0.61552
2 87 -0.62848 -0.61552
0 88 0.66104 -0.57232
1 88 0.66104 -0.57232
2 88 0.66104 -0.57232
0 89 0.47312 -0.60688
1 89 0.47312 -0.60688
2 89 0.47312 -0.60688
0 90 0.0908001 -0.66304
1 90 0.0908001 -0.66304
2 90 0.0908001 -0.66304
0 91 -0.40384 -0.63064
1 91 -0.40384 -0.63064
2 91 -0.40384 -0.63064
0 92 -0.63712 -0.29152
1 92 -0.63712 -0.29152
2 92 -0.63712 -0.29152
0 93 -0.64144 -0.29152
1 93 -0.64144 -0.29152
2 93 -0.64144 -0.29152
0 94 -0.37576 -0.63064
1 94 -0.37576 -0.63064
2 94 -0.37576 -0.63064
0 95 -0.19432 -0.568
1 95 -0.19432 -0.568
2 95 -0.19432 -0.568
0 96 0.65672 -0.55936
1 96 0.65672 -0.55936
2 96 0.65672 -0.55936
0 97 0.63944 -0.58744
1 97 0.63944 -0.58744
2 97 0.63944 -0.58744
0 98 0.62432 -0.5896
1 98 0.62432 -0.5896
2 98 0.62432 -0.5896
0 99 0.6848 -0.5572
1 99 0.6848 -0.5572
2 99 0.6848 -0.5572
0 100 -0.47944 -0.30232
1 100 -0.47944 -0.30232
2 100 -0.47944 -0.30232
0 101 -0.19864 -0.62416
1 101 -0.19864 -0.62416
2 101 -0.19864 -0.62416
0 102 0.62216 -0.56584
1 102 0.62216 -0.56584
2 102 0.62216 -0.56584
0 103 -0.61552 -0.6004
1 103 -0.61552 -0.6004
2 103 -0.61552 -0.6004
0 104 -0.47296 -0.30232
1 104 -0.47296 -0.30232
2 104 -0.47296 -0.30232
0 105 0.68912 -0.568
1 105 0.68912 -0.568
2 105 0.68912 -0.568
0 106 0.64808 -0.56152
1 106 0.64808 -0.56152
2 106 0.64808 -0.56152
0 107 0.6524 -0.58528
1 107 0.6524 -0.58528
2 107 0.6524 -0.58528
0 108 0.1124 -0.65872
1 108 0.1124 -0.65872
2 108 0.1124 -0.65872
0 109 -0.489376 -0.815968
1 109 -0.489376 -0.815968
2 109 -0.489376 -0.815968
0 110 -0.626752 -0.616384
1 110 -0.626752 -0.616384
2 110 -0.626752 -0.616384
0 111 -0.375328 -0.629344
1 111 -0.375328 -0.629344
2 111 -0.375328 -0.629344
0 112 -0.479008 -0.302752
1 112 -0.479008 -0.302752
2 112 -0.479008 -0.302752
0 113 0.640736 -0.432352
1 113 0.640736 -0.432352
2 113 0.640736 -0.432352
0 114 -0.204256 -0.556768
1 114 -0.204256 -0.556768
2 114 -0.204256 -0.556768
0 115 -0.199072 -0.55936
1 115 -0.199072 -0.55936
2 115 -0.199072 -0.55936
0 116 0.109376 -0.660448
1 116 0.109376 -0.660448
2 116 0.109376 -0.660448
0 117 -0.616384 -0.600832
1 117 -0.616384 -0.600832
2 117 -0.616384 -0.600832
0 118 -0.33904 -0.473824
1 118 -0.33904 -0.473824
2 118 -0.33904 -0.473824
0 119 -0.484192 -0.797824
1 119 -0.484192 -0.797824
2 119 -0.484192 -0.797824
0 120 -0.258688 -0.530848
1 120 -0.258688 -0.530848
2 120 -0.258688 -0.530848
0 121 -0.600832 -0.618976
1 121 -0.600832 -0.618976
2 121 -0.600832 -0.618976
0 122 -0.230176 -0.62416
1 122 -0.230176 -0.62416
2 122 -0.230176 -0.62416
0 123 -0.63712 -0.292384
1 123 -0.63712 -0.292384
2 123 -0.63712 -0.292384
0 124 -0.219808 -0.564544
1 124 -0.219808 -0.564544
2 124 -0.219808 -0.564544
0 125 -0.608608 -0.595648
1 125 -0.608608 -0.595648
2 125 -0.608608 -0.595648
0 126 -0.199072 -0.621568
1 126 -0.199072 -0.621568
2 126 -0.199072 -0.621568
0 127 -0.193888 -0.567136
1 127 -0.193888 -0.567136
2 127 -0.193888 -0.567136
0 128 0.0912323 -0.66304
1 128 0.0912323 -0.66304
2 128 0.0912323 -0.66304
0 129 -0.595648 -0.49456
1 129 -0.595648 -0.49456
2 129 -0.595648 -0.49456
0 130 -0.354592 -0.517888
1 130 -0.354592 -0.517888
2 130 -0.354592 -0.517888
0 131 -0.40384 -0.629344
1 131 -0.40384 -0.629344
2 131 -0.40384 -0.629344
0 132 0.625184 -0.590464
1 132 0.625184 -0.590464
2 132 0.625184 -0.590464
0 133 -0.642304 -0.383104
1 133 -0.642304 -0.383104
2 133 -0.642304 -0.383104
0 134 -0.19648 -0.31312
1 134 -0.19648 -0.31312
2 134 -0.19648 -0.31312
0 135 0.591488 -0.517888
1 135 0.591488 -0.517888
2 135 0.591488 -0.517888
0 136 -0.258688 -0.62416
1 136 -0.258688 -0.62416
2 136 -0.258688 -0.62416
0 137 0.0886403 -0.660966
1 137 0.0886403 -0.660966
2 137 0.0886403 -0.660966
0 138 -0.679629 -0.698291
1 138 -0.679629 -0.698291
2 138 -0.679629 -0.698291
0 139 -0.337485 -0.477453
1 139 -0.337485 -0.477453
2 139 -0.337485 -0.477453
0 140 0.654733 -0.421465
1 140 0.654733 -0.421465
2 140 0.654733 -0.421465
0 141 -0.0233341 -0.664077
1 141 -0.0233341 -0.664077
2 141 -0.0233341 -0.664077
0 142 -0.486784 -0.797824
1 142 -0.486784 -0.797824
2 142 -0.486784 -0.797824
0 143 -0.374809 -0.626752
1 143 -0.374809 -0.626752
2 143 -0.374809 -0.626752
0 144 -0.626752 -0.617421
1 144 -0.626752 -0.617421
2 144 -0.626752 -0.617421
0 145 0.545869 -0.499225
1 145 0.545869 -0.499225
2 145 0.545869 -0.499225
0 146 -0.353037 -0.514777
1 146 -0.353037 -0.514777
2 146 -0.353037 -0.514777
0 147 -0.489894 -0.816486
1 147 -0.489894 -0.816486
2 147 -0.489894 -0.816486
0 148 -0.197517 -0.620531
1 148 -0.197517 -0.620531
2 148 -0.197517 -0.620531
0 149 -0.642304 -0.38103
1 149 -0.642304 -0.38103
2 149 -0.642304 -0.38103
0 150 -0.670297 -0.657856
1 150 -0.670297 -0.657856
2 150 -0.670297 -0.657856
0 151 0.458778 -0.60809
1 151 0.458778 -0.60809
2 151 0.458778 -0.60809
0 152 0.0699778 -0.60809
1 152 0.0699778 -0.60809
2 152 0.0699778 -0.60809
0 153 -0.157081 -0.620531
1 153 -0.157081 -0.620531
2 153 -0.157081 -0.620531
0 154 -0.194406 -0.564544
1 154 -0.194406 -0.564544
2 154 -0.194406 -0.564544
0 155 -0.0979837 -0.530329
1 155 -0.0979837 -0.530329
2 155 -0.0979837 -0.530329
0 156 -0.595648 -0.493005
1 156 -0.595648 -0.493005
2 156 -0.595648 -0.493005
0 157 -0.371699 -0.580096
1 157 -0.371699 -0.580096
2 157 -0.371699 -0.580096
0 158 0.713831 -0.343705
1 158 0.713831 -0.343705
2 158 0.713831 -0.343705
0 159 0.4594 -0.671542
1 159 0.4594 -0.671542
2 159 0.4594 -0.671542
0 160 -0.604357 -0.623019
1 160 -0.604357 -0.623019
2 160 -0.604357 -0.623019
0 161 0.653489 -0.421465
1 161 0.653489 -0.421465
2 161 0.653489 -0.421465
0 162 -0.682739 -0.641682
1 162 -0.682739 -0.641682
2 162 -0.682739 -0.641682
0 163 -0.645414 -0.380408
1 163 -0.645414 -0.380408
2 163 -0.645414 -0.380408
0 164 0.0712221 -0.608089
1 164 0.0712221 -0.608089
2 164 0.0712221 -0.608089
0 165 -0.671542 -0.660344
1 165 -0.671542 -0.660344
2 165 -0.671542 -0.660344
0 166 -0.372943 -0.626752
1 166 -0.372943 -0.626752
2 166 -0.372943 -0.626752
0 167 -0.156459 -0.619287
1 167 -0.156459 -0.619287
2 167 -0.156459 -0.619287
0 168 -0.656612 -0.514777
1 168 -0.656612 -0.514777
2 168 -0.656612 -0.514777
0 169 0.545247 -0.499848
1 169 0.545247 -0.499848
2 169 0.545247 -0.499848
0 170 -0.615554 -0.600625
1 170 -0.615554 -0.600625
2 170 -0.615554 -0.600625
0 171 -0.372943 -0.57823
1 171 -0.372943 -0.57823
2 171 -0.372943 -0.57823
0 172 -0.626752 -0.619287
1 172 -0.626752 -0.619287
2 172 -0.626752 -0.619287
0 173 -0.339351 -0.477453
1 173 -0.339351 -0.477453
2 173 -0.339351 -0.477453
0 174 -0.484918 -0.798446
1 174 -0.484918 -0.798446
2 174 -0.484918 -0.798446
0 175 -0.402803 -0.626752
1 175 -0.402803 -0.626752
2 175 -0.402803 -0.626752
0 176 -0.02209 -0.667809
1 176 -0.02209 -0.667809
2 176 -0.02209 -0.667809
0 177 -0.477453 -0.302026
1 177 -0.477453 -0.302026
2 177 -0.477453 -0.302026
0 178 -0.697669 -0.865631
1 178 -0.697669 -0.865631
2 178 -0.697669 -0.865631
0 179 0.590037 -0.522242
1 179 0.590037 -0.522242
2 179 0.590037 -0.522242
0 180 0.086152 -0.664077
1 180 0.086152 -0.664077
2 180 0.086152 -0.664077
0 181 -0.316956 -0.623019
1 181 -0.316956 -0.623019
2 181 -0.316956 -0.623019
0 182 -0.197517 -0.619287
1 182 -0.197517 -0.619287
2 182 -0.197517 -0.619287
