101
0 0 0.575 -0.569792
1 0 0.575 -0.569792
2 0 0.575 -0.56875
0 1 0.321875 -0.836458
1 1 0.321875 -0.836458
2 1 0.321875 -0.835417
0 2 0.615625 -0.534375
1 2 0.615625 -0.534375
2 2 0.615625 -0.533333
0 3 0.61625 -0.54375
1 3 0.61625 -0.54375
2 3 0.61625 -0.54375
0 4 0.475 -0.585
1 4 0.475 -0.58375
2 4 0.475 -0.58375
0 5 0.46125 -0.57125
1 5 0.46125 -0.57125
2 5 0.46125 -0.57
0 6 0.455 -0.575
1 6 0.455 -0.575
2 6 0.455 -0.575
0 7 -0.6775 -0.84
1 7 -0.6775 -0.84
2 7 -0.6775 -0.84
0 8 0.6425 -0.5425
1 8 0.6425 -0.5425
2 8 0.6425 -0.5425
0 9 0.6485 -0.529
1 9 0.6485 -0.529
2 9 0.6485 -0.529
0 10 -0.487 -0.802
1 10 -0.487 -0.802
2 10 -0.487 -0.802
0 11 0.644 -0.5275
1 11 0.644 -0.5275
2 11 0.644 -0.5275
0 12 0.5516 -0.5572
1 12 0.5516 -0.5572
2 12 0.5516 -0.5572
0 13 0.5408 -0.5734
1 13 0.5408 -0.5734
2 13 0.5408 -0.5716
0 14 0.6182 -0.532
1 14 0.6182 -0.532
2 14 0.6182 -0.532
0 15 -0.2206 -0.5536
1 15 -0.2206 -0.5536
2 15 -0.2206 -0.5518
0 16 0.6344 -0.568
1 16 0.6344 -0.568
2 16 0.6344 -0.5662
0 17 -0.6778 -0.8416
1 17 -0.6796 -0.8416
2 17 -0.6796 -0.8416
0 18 0.107 -0.6526
1 18 0.107 -0.6526
2 18 0.107 -0.6526
0 19 -0.658 -0.451
1 19 -0.658 -0.451
2 19 -0.658 -0.451
0 20 0.6398 -0.5302
1 20 0.6398 -0.5302
2 20 0.6398 -0.5302
0 21 -0.6418 -0.2836
1 21 -0.6418 -0.2836
2 21 -0.6418 -0.2836
0 22 0.6128 -0.5338
1 22 0.6128 -0.5338
2 22 0.6128 -0.5338
0 23 -0.6364 -0.2818
1 23 -0.6364 -0.2818
2 23 -0.6364 -0.2818
0 24 0.6434 -0.5284
1 24 0.6434 -0.5284
2 24 0.6434 -0.5284
0 25 0.0908001 -0.6544
1 25 0.0908001 -0.6544
2 25 0.0908001 -0.6544
0 26 -0.47296 -0.29368
1 26 -0.47296 -0.29368
2 26 -0.47296 -0.29368
0 27 -0.63712 -0.28288
1 27 -0.63712 -0.28504
2 27 -0.63712 -0.28288
0 28 -0.32608 -0.51832
1 28 -0.32608 -0.51832
2 28 -0.32608 -0.51832
0 29 0.5552 -0.57016
1 29 0.5552 -0.57016
2 29 0.5552 -0.57016
0 30 -0.62848 -0.60688
1 30 -0.62848 -0.60688
2 30 -0.62848 -0.60688
0 31 -0.47944 -0.29368
1 31 -0.47944 -0.29368
2 31 -0.47944 -0.29368
0 32 0.62432 -0.58096
1 32 0.62432 -0.58096
2 32 0.62432 -0.58096
0 33 0.10592 -0.65224
1 33 0.10592 -0.65224
2 33 0.10592 -0.65224
0 34 -0.0560799 -0.61984
1 34 -0.0560799 -0.61984
2 34 -0.0560799 -0.61984
0 35 0.66536 -0.57448
1 35 0.66536 -0.57448
2 35 0.66536 -0.57448
0 36 -0.22024 -0.55504
1 36 -0.22024 -0.55504
2 36 -0.22024 -0.55504
0 37 0.1124 -0.65224
1 37 0.1124 -0.65224
2 37 0.1124 -0.65008
0 38 -0.19864 -0.61552
1 38 -0.19864 -0.61552
2 38 -0.19864 -0.61552
0 39 0.54872 -0.58744
1 39 0.54872 -0.58744
2 39 0.54872 -0.58744
0 40 -0.61552 -0.59176
1 40 -0.61552 -0.59176
2 40 -0.61552 -0.59176
0 41 0.67832 -0.57448
1 41 0.67832 -0.57448
2 41 0.67832 -0.57448
0 42 0.68048 -0.5356
1 42 0.68048 -0.5356
2 42 0.68048 -0.5356
0 43 0.67616 -0.56152
1 43 0.67616 -0.56152
2 43 0.67616 -0.56152
0 44 0.47744 -0.59392
1 44 0.47744 -0.59392
2 44 0.47744 -0.59392
0 45 0.47312 -0.59824
1 45 0.47312 -0.59824
2 45 0.47312 -0.59824
0 46 -0.63712 -0.284608
1 46 -0.63712 -0.284608
2 46 -0.63712 -0.284608
0 47 -0.199072 -0.613792
1 47 -0.199072 -0.613792
2 47 -0.199072 -0.613792
0 48 -0.33904 -0.466048
1 48 -0.33904 -0.466048
2 48 -0.33904 -0.466048
0 49 -0.489376 -0.808192
1 49 -0.489376 -0.808192
2 49 -0.489376 -0.808192
0 50 -0.626752 -0.608608
1 50 -0.626752 -0.608608
2 50 -0.626752 -0.608608
0 51 -0.230176 -0.616384
1 51 -0.230176 -0.616384
2 51 -0.230176 -0.616384
0 52 0.109376 -0.652672
1 52 0.109376 -0.652672
2 52 0.109376 -0.652672
0 53 -0.600832 -0.6112
1 53 -0.600832 -0.6112
2 53 -0.600832 -0.6112
0 54 -0.40384 -0.621568
1 54 -0.40384 -0.621568
2 54 -0.40384 -0.621568
0 55 -0.204256 -0.548992
1 55 -0.204256 -0.548992
2 55 -0.204256 -0.548992
0 56 -0.219808 -0.556768
1 56 -0.219808 -0.556768
2 56 -0.219808 -0.556768
0 57 0.456704 -0.600832
1 57 0.456704 -0.600832
2 57 0.456704 -0.600832
0 58 0.625184 -0.582688
1 58 0.625184 -0.582688
2 58 0.625184 -0.582688
0 59 -0.258688 -0.523072
1 59 -0.258688 -0.523072
2 59 -0.258688 -0.523072
0 60 -0.608608 -0.587872
1 60 -0.608608 -0.587872
2 60 -0.608608 -0.587872
0 61 -0.699328 -0.85744
1 61 -0.696736 -0.85744
2 61 -0.696736 -0.85744
0 62 -0.42976 -0.621568
1 62 -0.42976 -0.621568
2 62 -0.42976 -0.621568
0 63 0.713312 -0.336448
1 63 0.713312 -0.336448
2 63 0.713312 -0.336448
0 64 0.677024 -0.561952
1 64 0.677024 -0.561952
2 64 0.677024 -0.561952
0 65 -0.258688 -0.616384
1 65 -0.258688 -0.616384
2 65 -0.258688 -0.616384
0 66 0.0912323 -0.655264
1 66 0.0912323 -0.655264
2 66 0.0912323 -0.655264
0 67 -0.346816 -0.471232
1 67 -0.346816 -0.471232
2 67 -0.346816 -0.471232
0 68 -0.698291 -0.856922
1 68 -0.698291 -0.856922
2 68 -0.698291 -0.856922
0 69 -0.0233341 -0.654746
1 69 -0.0233341 -0.654746
2 69 -0.0233341 -0.654746
0 70 -0.626752 -0.60809
1 70 -0.626752 -0.60809
2 70 -0.626752 -0.60809
0 71 -0.670297 -0.651635
1 71 -0.670297 -0.651635
2 71 -0.670297 -0.651635
0 72 -0.387251 -0.45568
1 72 -0.387251 -0.45568
2 72 -0.387251 -0.45568
0 73 -0.197517 -0.6112
1 73 -0.197517 -0.6112
2 73 -0.197517 -0.6112
0 74 0.654733 -0.412134
1 74 0.654733 -0.412134
2 74 0.654733 -0.412134
0 75 -0.601869 -0.6112
1 75 -0.601869 -0.6112
2 75 -0.601869 -0.6112
0 76 -0.0544381 -0.617421
1 76 -0.0544381 -0.617421
2 76 -0.0544381 -0.617421
0 77 -0.489894 -0.807155
1 77 -0.489894 -0.807155
2 77 -0.489894 -0.807155
0 78 -0.68585 -0.632973
1 78 -0.68585 -0.632973
2 78 -0.68585 -0.632973
0 79 -0.402803 -0.620531
1 79 -0.402803 -0.620531
2 79 -0.402803 -0.620531
0 80 -0.371699 -0.570765
1 80 -0.371699 -0.570765
2 80 -0.371699 -0.570765
0 81 0.713831 -0.334374
1 81 0.713831 -0.334374
2 81 0.713831 -0.334374
0 82 0.0886403 -0.654746
1 82 0.0886403 -0.654746
2 82 0.0886403 -0.654746
0 83 -0.259725 -0.524109
1 83 -0.259725 -0.524109
2 83 -0.259725 -0.520998
0 84 0.405901 -0.474342
1 84 0.405901 -0.474342
2 84 0.405901 -0.474342
0 85 -0.313223 -0.59316
1 85 -0.313223 -0.59316
2 85 -0.313223 -0.59316
0 86 -0.604357 -0.611822
1 86 -0.604357 -0.611822
2 86 -0.604357 -0.611822
0 87 -0.623019 -0.611822
1 87 -0.623019 -0.611822
2 87 -0.623019 -0.611822
0 88 -0.387873 -0.455058
1 88 -0.387873 -0.455058
2 88 -0.387873 -0.455058
0 89 -0.156459 -0.611822
1 89 -0.156459 -0.611822
2 89 -0.156459 -0.611822
0 90 -0.402803 -0.619287
1 90 -0.402803 -0.619287
2 90 -0.402803 -0.619287
0 91 -0.686472 -0.634217
1 91 -0.686472 -0.634217
2 91 -0.686472 -0.634217
0 92 0.638559 -0.44386
1 92 0.638559 -0.44386
2 92 0.638559 -0.44386
0 93 -0.630484 -0.623019
1 93 -0.630484 -0.623019
2 93 -0.630484 -0.623019
0 94 -0.645414 -0.372943
1 94 -0.645414 -0.372943
2 94 -0.645414 -0.372943
0 95 -0.197517 -0.611822
1 95 -0.197517 -0.611822
2 95 -0.197517 -0.611822
0 96 0.653489 -0.414
1 96 0.653489 -0.414
2 96 0.653489 -0.414
0 97 0.086152 -0.656612
1 97 0.086152 -0.656612
2 97 0.086152 -0.656612
0 98 -0.652879 -0.350548
1 98 -0.652879 -0.350548
2 98 -0.652879 -0.350548
0 99 -0.697669 -0.858166
1 99 -0.697669 -0.858166
2 99 -0.697669 -0.858166
0 100 -0.477453 -0.294561
1 100 -0.477453 -0.294561
2 100 -0.477453 -0.294561
