87
0 0 0.361458 -0.613542
1 0 0.361458 -0.614583
2 0 0.361458 -0.614583
0 1 0.65125 -0.56875
1 1 0.65125 -0.57
2 1 0.65125 -0.57
0 2 0.6625 -0.5675
1 2 0.6625 -0.56875
2 2 0.6625 -0.56875
0 3 0.55125 -0.59
1 3 0.55125 -0.59125
2 3 0.55125 -0.59125
0 4 0.36875 -0.6125
1 4 0.36875 -0.61375
2 4 0.36875 -0.61375
0 5 0.57375 -0.5725
1 5 0.575 -0.5725
2 5 0.575 -0.57375
0 6 0.36125 -0.6125
1 6 0.36125 -0.61375
2 6 0.36125 -0.61375
0 7 0.4625 -0.57625
1 7 0.4625 -0.5775
2 7 0.4625 -0.5775
0 8 0.51125 -0.58125
1 8 0.51125 -0.5825
2 8 0.51125 -0.5825
0 9 0.51875 -0.58
1 9 0.51875 -0.58125
2 9 0.51875 -0.58125
0 10 -0.20875 -0.50625
1 10 -0.20875 -0.5075
2 10 -0.20875 -0.5075
0 11 0.569 -0.556
1 11 0.569 -0.5575
2 11 0.569 -0.5575
0 12 0.6275 -0.547
1 12 0.6275 -0.5485
2 12 0.6275 -0.5485
0 13 0.5645 -0.5725
1 13 0.5645 -0.574
2 13 0.5645 -0.574
0 14 0.6695 -0.541
1 14 0.6695 -0.5425
2 14 0.6695 -0.5425
0 15 0.497 -0.5695
1 15 0.497 -0.571
2 15 0.497 -0.571
0 16 -0.487 -0.805
1 16 -0.487 -0.8065
2 16 -0.487 -0.8065
0 17 0.5555 -0.574
1 17 0.5555 -0.5755
2 17 0.5555 -0.5755
0 18 0.674 -0.553
1 18 0.674 -0.5545
2 18 0.674 -0.5545
0 19 0.6185 -0.5485
1 19 0.6185 -0.55
2 19 0.6185 -0.55
0 20 -0.679 -0.844
1 20 -0.679 -0.844
2 20 -0.679 -0.844
0 21 -0.2215 -0.5545
1 21 -0.2215 -0.556
2 21 -0.2215 -0.556
0 22 0.6725 -0.55
1 22 0.6725 -0.5515
2 22 0.6725 -0.5515
0 23 0.6245 -0.535
1 23 0.6245 -0.5365
2 23 0.6245 -0.5365
0 24 0.6395 -0.532
1 24 0.6395 -0.5335
2 24 0.6395 -0.5335
0 25 0.518 -0.58
1 25 0.518 -0.5815
2 25 0.518 -0.5815
0 26 0.68 -0.5395
1 26 0.68 -0.541
2 26 0.68 -0.541
0 27 0.6785 -0.574
1 27 0.6785 -0.574
2 27 0.6785 -0.5755
0 28 -0.7 -0.862
1 28 -0.7 -0.8635
2 28 -0.7 -0.8635
0 29 0.6254 -0.5716
1 29 0.6254 -0.5734
2 29 0.6254 -0.5734
0 30 0.6236 -0.5824
1 30 0.6236 -0.5842
2 30 0.6236 -0.5842
0 31 -0.2206 -0.5554
1 31 -0.2206 -0.5572
2 31 -0.2206 -0.5572
0 32 -0.6796 -0.8434
1 32 -0.6796 -0.8452
2 32 -0.6796 -0.8452
0 33 -0.6994 -0.8614
1 33 -0.6994 -0.8632
2 33 -0.6994 -0.8632
0 34 -0.487 -0.8038
1 34 -0.487 -0.8056
2 34 -0.487 -0.8056
0 35 -0.0981999 -0.5248
1 35 -0.0981999 -0.5266
2 35 -0.0981999 -0.5266
0 36 0.6866 -0.5608
1 36 0.6866 -0.5626
2 36 0.6866 -0.5626
0 37 0.4778 -0.595
1 37 0.4778 -0.5968
2 37 0.4778 -0.5968
0 38 -0.3754 -0.6238
1 38 -0.3754 -0.6256
2 38 -0.3754 -0.6256
0 39 -0.658 -0.4546
1 39 -0.658 -0.4546
2 39 -0.658 -0.4546
0 40 0.5174 -0.5788
1 40 0.5174 -0.5806
2 40 0.5174 -0.5806
0 41 0.4796 -0.5716
1 41 0.4796 -0.5734
2 41 0.4796 -0.5734
0 42 0.6236 -0.5338
1 42 0.6236 -0.5356
2 42 0.6236 -0.5356
0 43 0.4886 -0.5698
1 43 0.4886 -0.5716
2 43 0.4886 -0.5716
0 44 0.6182 -0.5482
1 44 0.6182 -0.55
2 44 0.6182 -0.55
0 45 0.6398 -0.5788
1 45 0.6398 -0.5806
2 45 0.6398 -0.5806
0 46 0.6146 -0.5356
1 46 0.6146 -0.5374
2 46 0.6146 -0.5374
0 47 0.68912 -0.56152
1 47 0.68912 -0.56368
2 47 0.68912 -0.56368
0 48 0.66536 -0.57664
1 48 0.66536 -0.5788
2 48 0.66536 -0.5788
0 49 -0.48808 -0.80344
1 49 -0.48808 -0.8056
2 49 -0.48808 -0.8056
0 50 -0.62848 -0.60904
1 50 -0.62848 -0.6112
2 50 -0.62848 -0.6112
0 51 -0.63712 -0.2872
1 51 -0.63712 -0.2872
2 51 -0.63712 -0.2872
0 52 -0.22024 -0.5572
1 52 -0.22024 -0.5572
2 52 -0.22024 -0.55936
0 53 -0.61552 -0.59392
1 53 -0.61552 -0.59608
2 53 -0.61552 -0.59608
0 54 0.62432 -0.58312
1 54 0.62432 -0.58528
2 54 0.62432 -0.58528
0 55 0.64808 -0.55504
1 55 0.64808 -0.5572
2 55 0.64808 -0.5572
0 56 0.47312 -0.6004
1 56 0.47312 -0.60256
2 56 0.47312 -0.60256
0 57 0.50984 -0.5788
1 57 0.50984 -0.58096
2 57 0.50984 -0.58096
0 58 0.68048 -0.53776
1 58 0.68048 -0.53992
2 58 0.68048 -0.53992
0 59 -0.19864 -0.55288
1 59 -0.19864 -0.55504
2 59 -0.19864 -0.55504
0 60 -0.69976 -0.86176
1 60 -0.69976 -0.86176
2 60 -0.69976 -0.86392
0 61 0.61352 -0.5356
1 61 0.61352 -0.53776
2 61 0.61352 -0.53776
0 62 -0.626752 -0.6112
1 62 -0.626752 -0.6112
2 62 -0.626752 -0.6112
0 63 -0.489376 -0.810784
1 63 -0.489376 -0.810784
2 63 -0.489376 -0.810784
0 64 -0.595648 -0.486784
1 64 -0.595648 -0.489376
2 64 -0.595648 -0.489376
0 65 -0.699328 -0.860032
1 65 -0.699328 -0.860032
2 65 -0.699328 -0.862624
0 66 -0.673408 -0.652672
1 66 -0.673408 -0.655264
2 66 -0.673408 -0.655264
0 67 -0.230176 -0.618976
1 67 -0.230176 -0.618976
2 67 -0.230176 -0.618976
0 68 -0.40384 -0.62416
1 68 -0.40384 -0.62416
2 68 -0.40384 -0.62416
0 69 -0.258688 -0.525664
1 69 -0.258688 -0.525664
2 69 -0.258688 -0.525664
0 70 -0.219808 -0.55936
1 70 -0.219808 -0.55936
2 70 -0.219808 -0.55936
0 71 -0.42976 -0.62416
1 71 -0.42976 -0.626752
2 71 -0.42976 -0.626752
0 72 -0.601869 -0.61431
1 72 -0.601869 -0.61431
2 72 -0.601869 -0.61431
0 73 -0.489894 -0.810266
1 73 -0.489894 -0.810266
2 73 -0.489894 -0.810266
0 74 -0.626752 -0.6112
1 74 -0.626752 -0.6112
2 74 -0.626752 -0.6112
0 75 -0.387251 -0.45879
1 75 -0.387251 -0.45879
2 75 -0.387251 -0.45879
0 76 -0.595648 -0.486784
1 76 -0.595648 -0.486784
2 76 -0.595648 -0.486784
0 77 -0.346816 -0.474342
1 77 -0.346816 -0.474342
2 77 -0.346816 -0.474342
0 78 -0.698291 -0.860032
1 78 -0.698291 -0.860032
2 78 -0.698291 -0.860032
0 79 -0.197517 -0.61431
1 79 -0.197517 -0.617421
2 79 -0.197517 -0.617421
0 80 -0.197517 -0.615554
1 80 -0.197517 -0.615554
2 80 -0.197517 -0.615554
0 81 -0.402803 -0.623019
1 81 -0.402803 -0.623019
2 81 -0.402803 -0.623019
0 82 -0.686472 -0.634217
1 82 -0.686472 -0.637949
2 82 -0.686472 -0.637949
0 83 -0.604357 -0.615554
1 83 -0.604357 -0.615554
2 83 -0.604357 -0.615554
0 84 0.653489 -0.414
1 84 0.653489 -0.417733
2 84 0.653489 -0.417733
0 85 -0.477453 -0.298294
1 85 -0.477453 -0.298294
2 85 -0.477453 -0.298294
0 86 0.086152 -0.656612
1 86 0.086152 -0.660344
2 86 0.086152 -0.660344
