139
0 0 0.554167 -0.558333
1 0 0.554167 -0.558333
2 0 0.554167 -0.558333
0 1 0.321875 -0.835417
1 1 0.321875 -0.836458
2 1 0.321875 -0.836458
0 2 -0.220833 -0.55
1 2 -0.221875 -0.551042
2 2 -0.221875 -0.55
0 3 0.5175 -0.5775
1 3 0.5175 -0.5775
2 3 0.5175 -0.5775
0 4 0.42375 -0.32625
1 4 0.42375 -0.32625
2 4 0.42375 -0.32625
0 5 0.6575 -0.5525
1 5 0.6575 -0.5525
2 5 0.6575 -0.5525
0 6 0.675 -0.56
1 6 0.675 -0.56
2 6 0.675 -0.56
0 7 0.455 -0.575
1 7 0.455 -0.575
2 7 0.455 -0.575
0 8 0.49625 -0.565
1 8 0.49625 -0.565
2 8 0.49625 -0.565
0 9 0.61875 -0.54625
1 9 0.61875 -0.54625
2 9 0.61875 -0.54625
0 10 0.475 -0.58375
1 10 0.475 -0.58375
2 10 0.475 -0.58375
0 11 -0.2215 -0.5515
1 11 -0.2215 -0.5515
2 11 -0.2215 -0.5515
0 12 0.644 -0.5275
1 12 0.644 -0.5275
2 12 0.644 -0.5275
0 13 0.509 -0.5755
1 13 0.509 -0.5755
2 13 0.509 -0.5755
0 14 0.5105 -0.5785
1 14 0.5105 -0.5785
2 14 0.509 -0.5785
0 15 0.506 -0.5635
1 15 0.506 -0.5635
2 15 0.506 -0.5635
0 16 0.5255 -0.5605
1 16 0.5255 -0.5605
2 16 0.5255 -0.5605
0 17 0.5 -0.58
1 17 0.5 -0.58
2 17 0.5 -0.58
0 18 0.6245 -0.5695
1 18 0.6245 -0.5695
2 18 0.6245 -0.5695
0 19 0.6335 -0.5665
1 19 0.6335 -0.5665
2 19 0.6335 -0.5665
0 20 0.6425 -0.5425
1 20 0.6425 -0.5425
2 20 0.6425 -0.5425
0 21 0.572 -0.5665
1 21 0.572 -0.5665
2 21 0.572 -0.5665
0 22 0.488 -0.5665
1 22 0.488 -0.5665
2 22 0.488 -0.5665
0 23 -0.0264999 -0.652
1 23 -0.0264999 -0.652
2 23 -0.0264999 -0.652
0 24 0.551 -0.556
1 24 0.551 -0.556
2 24 0.551 -0.556
0 25 0.5555 -0.571
1 25 0.5555 -0.571
2 25 0.5555 -0.571
0 26 0.6785 -0.571
1 26 0.6785 -0.571
2 26 0.6785 -0.571
0 27 -0.2206 -0.5518
1 27 -0.2206 -0.5518
2 27 -0.2206 -0.5518
0 28 0.638 -0.577
1 28 0.638 -0.577
2 28 0.638 -0.577
0 29 0.6758 -0.5608
1 29 0.6758 -0.5608
2 29 0.6758 -0.5608
0 30 0.107 -0.6526
1 30 0.107 -0.6526
2 30 0.107 -0.6526
0 31 0.4544 -0.5734
1 31 0.4544 -0.5734
2 31 0.4544 -0.5734
0 32 0.5552 -0.5698
1 32 0.5552 -0.5698
2 32 0.5552 -0.5698
0 33 0.5102 -0.5788
1 33 0.5102 -0.5788
2 33 0.5102 -0.5788
0 34 -0.4726 -0.2926
1 34 -0.4726 -0.2926
2 34 -0.4726 -0.2926
0 35 -0.6364 -0.2818
1 35 -0.6364 -0.2818
2 35 -0.6364 -0.2818
0 36 -0.6418 -0.2836
1 36 -0.6418 -0.2836
2 36 -0.6418 -0.2836
0 37 -0.3754 -0.622
1 37 -0.3754 -0.622
2 37 -0.3754 -0.622
0 38 0.5516 -0.5572
1 38 0.5516 -0.5572
2 38 0.5516 -0.5572
0 39 -0.6796 -0.8398
1 39 -0.6796 -0.8416
2 39 -0.6796 -0.8416
0 40 0.6488 -0.5644
1 40 0.6488 -0.5644
2 40 0.6488 -0.5644
0 41 0.6182 -0.532
1 41 0.6182 -0.532
2 41 0.6182 -0.532
0 42 -0.6292 -0.6058
1 42 -0.6292 -0.6058
2 42 -0.6292 -0.6058
0 43 0.5408 -0.5716
1 43 0.5408 -0.5716
2 43 0.5408 -0.5716
0 44 0.6236 -0.532
1 44 0.6236 -0.532
2 44 0.6236 -0.532
0 45 0.6398 -0.5302
1 45 0.6398 -0.5302
2 45 0.6398 -0.5302
0 46 -0.6166 -0.4978
1 46 -0.6166 -0.4978
2 46 -0.6166 -0.4978
0 47 0.6794 -0.5716
1 47 0.6776 -0.5716
2 47 0.6776 -0.5716
0 48 0.6524 -0.5392
1 48 0.6524 -0.5392
2 48 0.6524 -0.5392
0 49 0.6236 -0.568
1 49 0.6236 -0.568
2 49 0.6236 -0.568
0 50 0.4778 -0.5932
1 50 0.4778 -0.5932
2 50 0.4778 -0.5932
0 51 -0.0258399 -0.65224
1 51 -0.0258399 -0.65224
2 51 -0.0258399 -0.65224
0 52 0.1124 -0.65224
1 52 0.1124 -0.65224
2 52 0.1124 -0.65224
0 53 0.62432 -0.58096
1 53 0.62432 -0.58096
2 53 0.62432 -0.58096
0 54 0.6524 -0.57664
1 54 0.6524 -0.57664
2 54 0.6524 -0.57664
0 55 -0.22024 -0.55288
1 55 -0.22024 -0.55288
2 55 -0.22024 -0.55288
0 56 -0.62848 -0.60688
1 56 -0.62848 -0.60688
2 56 -0.62848 -0.60688
0 57 0.63296 -0.56584
1 57 0.63296 -0.568
2 57 0.63296 -0.568
0 58 -0.19864 -0.61552
1 58 -0.19864 -0.61552
2 58 -0.19864 -0.61552
0 59 -0.63712 -0.28288
1 59 -0.63712 -0.28288
2 59 -0.63712 -0.28288
0 60 -0.20512 -0.54856
1 60 -0.20512 -0.54856
2 60 -0.20512 -0.54856
0 61 -0.47296 -0.29368
1 61 -0.47296 -0.29368
2 61 -0.47296 -0.29368
0 62 0.10592 -0.65224
1 62 0.10592 -0.65224
2 62 0.10592 -0.65224
0 63 -0.6004 -0.60904
1 63 -0.6004 -0.60904
2 63 -0.6004 -0.60904
0 64 0.47744 -0.59392
1 64 0.47744 -0.59392
2 64 0.47744 -0.59392
0 65 -0.69976 -0.85744
1 65 -0.69976 -0.8596
2 65 -0.69976 -0.8596
0 66 0.5552 -0.57016
1 66 0.5552 -0.57016
2 66 0.5552 -0.57016
0 67 0.61352 -0.27856
1 67 0.61352 -0.27856
2 67 0.61352 -0.27856
0 68 0.66536 -0.57448
1 68 0.66536 -0.57448
2 68 0.66536 -0.57448
0 69 0.54872 -0.58744
1 69 0.54872 -0.58744
2 69 0.54872 -0.58744
0 70 0.47312 -0.59824
1 70 0.47312 -0.59824
2 70 0.47312 -0.59824
0 71 -0.65656 -0.64576
1 71 -0.65656 -0.64576
2 71 -0.65656 -0.64576
0 72 0.67616 -0.56152
1 72 0.67616 -0.56152
2 72 0.67616 -0.56152
0 73 0.61352 -0.53344
1 73 0.61352 -0.53344
2 73 0.61352 -0.53344
0 74 -0.230176 -0.613792
1 74 -0.230176 -0.616384
2 74 -0.230176 -0.613792
0 75 0.109376 -0.652672
1 75 0.109376 -0.652672
2 75 0.109376 -0.652672
0 76 -0.473824 -0.292384
1 76 -0.473824 -0.292384
2 76 -0.473824 -0.292384
0 77 -0.40384 -0.621568
1 77 -0.40384 -0.621568
2 77 -0.40384 -0.621568
0 78 -0.375328 -0.618976
1 78 -0.375328 -0.618976
2 78 -0.375328 -0.618976
0 79 -0.63712 -0.284608
1 79 -0.63712 -0.284608
2 79 -0.63712 -0.284608
0 80 0.0523523 -0.437536
1 80 0.0523523 -0.437536
2 80 0.0523523 -0.437536
0 81 -0.199072 -0.613792
1 81 -0.199072 -0.613792
2 81 -0.199072 -0.613792
0 82 -0.626752 -0.608608
1 82 -0.626752 -0.608608
2 82 -0.626752 -0.608608
0 83 0.456704 -0.600832
1 83 0.456704 -0.600832
2 83 0.456704 -0.600832
0 84 0.625184 -0.582688
1 84 0.625184 -0.582688
2 84 0.625184 -0.582688
0 85 -0.258688 -0.523072
1 85 -0.258688 -0.523072
2 85 -0.258688 -0.523072
0 86 -0.699328 -0.85744
1 86 -0.699328 -0.85744
2 86 -0.699328 -0.860032
0 87 -0.600832 -0.6112
1 87 -0.600832 -0.6112
2 87 -0.600832 -0.6112
0 88 -0.346816 -0.471232
1 88 -0.346816 -0.471232
2 88 -0.346816 -0.471232
0 89 -0.199072 -0.305344
1 89 -0.19648 -0.305344
2 89 -0.199072 -0.305344
0 90 0.643328 -0.432352
1 90 0.643328 -0.432352
2 90 0.643328 -0.432352
0 91 -0.489376 -0.808192
1 91 -0.489376 -0.808192
2 91 -0.489376 -0.808192
0 92 -0.595648 -0.484192
1 92 -0.595648 -0.484192
2 92 -0.595648 -0.484192
0 93 -0.0979838 -0.523072
1 93 -0.0979838 -0.523072
2 93 -0.0979838 -0.523072
0 94 0.63296 -0.580096
1 94 0.63296 -0.582688
2 94 0.63296 -0.582688
0 95 -0.0331838 -0.486784
1 95 -0.0331838 -0.486784
2 95 -0.0331838 -0.486784
0 96 -0.33904 -0.466048
1 96 -0.33904 -0.466048
2 96 -0.33904 -0.466048
0 97 -0.19648 -0.55936
1 97 -0.19648 -0.55936
2 97 -0.19648 -0.55936
0 98 -0.258688 -0.616384
1 98 -0.258688 -0.616384
2 98 -0.258688 -0.616384
0 99 -0.626752 -0.60809
1 99 -0.626752 -0.60809
2 99 -0.626752 -0.60809
0 100 -0.216179 -0.545881
1 100 -0.216179 -0.545881
2 100 -0.216179 -0.545881
0 101 -0.337485 -0.468121
1 101 -0.337485 -0.468121
2 101 -0.337485 -0.468121
0 102 -0.601869 -0.6112
1 102 -0.601869 -0.6112
2 102 -0.601869 -0.6112
0 103 0.545869 -0.489894
1 103 0.545869 -0.489894
2 103 0.545869 -0.489894
0 104 -0.474342 -0.293939
1 104 -0.474342 -0.293939
2 104 -0.474342 -0.293939
0 105 0.654733 -0.412134
1 105 0.654733 -0.412134
2 105 0.654733 -0.412134
0 106 -0.489894 -0.807155
1 106 -0.489894 -0.807155
2 106 -0.489894 -0.807155
0 107 -0.231731 -0.61431
1 107 -0.231731 -0.61431
2 107 -0.231731 -0.61431
0 108 -0.698291 -0.856922
1 108 -0.698291 -0.856922
2 108 -0.698291 -0.856922
0 109 -0.68896 -0.632973
1 109 -0.68896 -0.632973
2 109 -0.68896 -0.632973
0 110 -0.374809 -0.617421
1 110 -0.374809 -0.617421
2 110 -0.374809 -0.617421
0 111 0.405901 -0.474342
1 111 0.405901 -0.474342
2 111 0.405901 -0.474342
0 112 -0.0388861 -0.486784
1 112 -0.0388861 -0.486784
2 112 -0.0388861 -0.486784
0 113 -0.318822 -0.61431
1 113 -0.318822 -0.61431
2 113 -0.318822 -0.61431
0 114 0.0886403 -0.654746
1 114 0.0886403 -0.654746
2 114 0.0886403 -0.654746
0 115 -0.259725 -0.520998
1 115 -0.259725 -0.520998
2 115 -0.259725 -0.520998
0 116 -0.595648 -0.483673
1 116 -0.595648 -0.483673
2 116 -0.595648 -0.483673
0 117 -0.0979837 -0.520998
1 117 -0.0979837 -0.520998
2 117 -0.0979837 -0.520998
0 118 -0.486784 -0.788493
1 118 -0.486784 -0.788493
2 118 -0.486784 -0.788493
0 119 -0.604357 -0.611822
1 119 -0.604357 -0.611822
2 119 -0.604357 -0.611822
0 120 -0.656612 -0.507312
1 120 -0.656612 -0.507312
2 120 -0.656612 -0.507312
0 121 -0.339351 -0.469988
1 121 -0.339351 -0.469988
2 121 -0.339351 -0.469988
0 122 0.0674896 -0.596892
1 122 0.0674896 -0.596892
2 122 0.0674896 -0.596892
0 123 0.653489 -0.414
1 123 0.653489 -0.414
2 123 0.653489 -0.414
0 124 -0.402803 -0.619287
1 124 -0.402803 -0.619287
2 124 -0.402803 -0.619287
0 125 -0.671542 -0.649147
1 125 -0.671542 -0.649147
2 125 -0.671542 -0.649147
0 126 -0.313223 -0.59316
1 126 -0.313223 -0.59316
2 126 -0.313223 -0.59316
0 127 -0.686472 -0.634217
1 127 -0.686472 -0.634217
2 127 -0.686472 -0.634217
0 128 -0.626752 -0.343083
1 128 -0.626752 -0.343083
2 128 -0.626752 -0.343083
0 129 -0.290829 -0.596892
1 129 -0.290829 -0.596892
2 129 -0.290829 -0.596892
0 130 -0.231109 -0.611822
1 130 -0.231109 -0.611822
2 130 -0.231109 -0.611822
0 131 -0.372943 -0.615554
1 131 -0.372943 -0.615554
2 131 -0.372943 -0.615554
0 132 -0.652879 -0.350548
1 132 -0.652879 -0.350548
2 132 -0.652879 -0.350548
0 133 0.638559 -0.44386
1 133 0.638559 -0.44386
2 133 0.638559 -0.44386
0 134 -0.697669 -0.858166
1 134 -0.697669 -0.858166
2 134 -0.697669 -0.858166
0 135 -0.197517 -0.611822
1 135 -0.197517 -0.611822
2 135 -0.197517 -0.611822
0 136 -0.552102 -0.581962
1 136 -0.552102 -0.581962
2 136 -0.552102 -0.581962
0 137 -0.477453 -0.294561
1 137 -0.477453 -0.294561
2 137 -0.477453 -0.294561
0 138 -0.257236 -0.51851
1 138 -0.257236 -0.51851
2 138 -0.257236 -0.51851
