86
0 0 -0.028125 -0.684375
1 0 -0.028125 -0.684375
2 0 -0.028125 -0.683333
0 1 0.325 -0.845833
1 1 0.325 -0.844792
2 1 0.325 -0.84375
0 2 0.0760417 -0.73125
1 2 0.0760417 -0.73125
2 2 0.0760417 -0.730208
0 3 0.084375 -0.407292
1 3 0.084375 -0.407292
2 3 0.084375 -0.40625
0 4 0.560417 -0.580208
1 4 0.560417 -0.580208
2 4 0.560417 -0.579167
0 5 0.363542 -0.619792
1 5 0.363542 -0.619792
2 5 0.363542 -0.61875
0 6 0.682292 -0.571875
1 6 0.682292 -0.571875
2 6 0.682292 -0.570833
0 7 0.56625 -0.57625
1 7 0.56625 -0.57625
2 7 0.56625 -0.575
0 8 0.61875 -0.5525
1 8 0.61875 -0.5525
2 8 0.61875 -0.55125
0 9 0.575 -0.575
1 9 0.575 -0.575
2 9 0.575 -0.57375
0 10 0.52125 -0.58625
1 10 0.52125 -0.58625
2 10 0.52125 -0.585
0 11 0.5675 -0.58
1 11 0.5675 -0.57875
2 11 0.5675 -0.57875
0 12 -0.00749995 -0.37375
1 12 -0.00749995 -0.37375
2 12 -0.00749995 -0.3725
0 13 0.63 -0.55375
1 13 0.63 -0.55375
2 13 0.63 -0.5525
0 14 0.45625 -0.58125
1 14 0.4575 -0.58125
2 14 0.45625 -0.58
0 15 0.63 -0.55375
1 15 0.63 -0.55375
2 15 0.63375 -0.565
0 16 0.37125 -0.61875
1 16 0.37125 -0.61875
2 16 0.37125 -0.6175
0 17 0.6225 -0.59375
1 17 0.6225 -0.59375
2 17 0.6225 -0.5925
0 18 -0.39875 -0.50375
1 18 -0.39875 -0.50375
2 18 -0.39875 -0.5025
0 19 0.566 -0.577
1 19 0.566 -0.577
2 19 0.566 -0.5755
0 20 0.677 -0.559
1 20 0.677 -0.559
2 20 0.677 -0.5575
0 21 0.6455 -0.5515
1 21 0.6455 -0.5515
2 21 0.6455 -0.55
0 22 0.6545 -0.547
1 22 0.6545 -0.547
2 22 0.6545 -0.5455
0 23 0.5525 -0.5965
1 23 0.5525 -0.5965
2 23 0.5525 -0.595
0 24 0.6215 -0.5935
1 24 0.6215 -0.5935
2 24 0.6215 -0.592
0 25 -0.6565 -0.4615
1 25 -0.6565 -0.4615
2 25 -0.6565 -0.46
0 26 0.671 -0.5455
1 26 0.671 -0.5455
2 26 0.671 -0.544
0 27 0.1085 -0.6625
1 27 0.1085 -0.6625
2 27 0.1085 -0.661
0 28 0.5315 -0.583
1 28 0.5315 -0.583
2 28 0.5315 -0.5815
0 29 0.647 -0.5365
1 29 0.647 -0.5365
2 29 0.647 -0.535
0 30 0.041 -0.592
1 30 0.041 -0.592
2 30 0.041 -0.5905
0 31 0.491 -0.5755
1 31 0.491 -0.5755
2 31 0.491 -0.574
0 32 -0.469 -0.3034
1 32 -0.469 -0.3034
2 32 -0.469 -0.3016
0 33 -0.6256 -0.6166
1 33 -0.6256 -0.6166
2 33 -0.6256 -0.6148
0 34 0.566 -0.5788
1 34 0.566 -0.5788
2 34 0.566 -0.577
0 35 0.6254 -0.5896
1 35 0.6254 -0.5896
2 35 0.6254 -0.5878
0 36 0.116 -0.6616
1 36 0.116 -0.6616
2 36 0.116 -0.6598
0 37 0.6272 -0.5428
1 37 0.6272 -0.541
2 37 0.6272 -0.541
0 38 0.6164 -0.5428
1 38 0.6164 -0.5428
2 38 0.6164 -0.541
0 39 0.5444 -0.5824
1 39 0.5444 -0.5806
2 39 0.5444 -0.5806
0 40 -0.676 -0.8506
1 40 -0.676 -0.8506
2 40 -0.676 -0.8488
0 41 -0.63496 -0.29368
1 41 -0.63496 -0.29368
2 41 -0.63496 -0.29152
0 42 -0.6976 -0.86824
1 42 -0.69544 -0.86824
2 42 -0.69544 -0.86608
0 43 -0.63928 -0.29368
1 43 -0.63928 -0.29368
2 43 -0.63928 -0.29152
0 44 -0.42328 -0.30664
1 44 -0.42328 -0.30664
2 44 -0.42328 -0.30448
0 45 0.68048 -0.57016
1 45 0.68048 -0.57016
2 45 0.68048 -0.568
0 46 0.0929601 -0.66304
1 46 0.0929601 -0.66304
2 46 0.0929601 -0.66304
0 47 -0.59824 -0.61984
1 47 -0.59824 -0.61984
2 47 -0.59824 -0.61768
0 48 -0.41896 -0.30664
1 48 -0.41896 -0.30664
2 48 -0.41896 -0.30448
0 49 -0.6544 -0.6544
1 49 -0.6544 -0.6544
2 49 -0.6544 -0.6544
0 50 -0.4276 -0.6328
1 50 -0.4276 -0.6328
2 50 -0.4276 -0.63064
0 51 -0.4816 -0.797824
1 51 -0.4816 -0.797824
2 51 -0.4816 -0.797824
0 52 -0.62416 -0.616384
1 52 -0.62416 -0.616384
2 52 -0.62416 -0.616384
0 53 -0.486784 -0.81856
1 53 -0.486784 -0.815968
2 53 -0.486784 -0.815968
0 54 0.635552 -0.590464
1 54 0.635552 -0.590464
2 54 0.635552 -0.590464
0 55 -0.372736 -0.629344
1 55 -0.372736 -0.629344
2 55 -0.372736 -0.629344
0 56 -0.401248 -0.631936
1 56 -0.401248 -0.631936
2 56 -0.401248 -0.629344
0 57 -0.593056 -0.49456
1 57 -0.593056 -0.49456
2 57 -0.593056 -0.49456
0 58 -0.19648 -0.62416
1 58 -0.19648 -0.621568
2 58 -0.19648 -0.621568
0 59 -0.256096 -0.53344
1 59 -0.256096 -0.530848
2 59 -0.256096 -0.530848
0 60 -0.227584 -0.62416
1 60 -0.227584 -0.62416
2 60 -0.227584 -0.62416
0 61 -0.667187 -0.660966
1 61 -0.667187 -0.660966
2 61 -0.667187 -0.657856
0 62 -0.486784 -0.816486
1 62 -0.486784 -0.816486
2 62 -0.486784 -0.816486
0 63 -0.623641 -0.617421
1 63 -0.623641 -0.617421
2 63 -0.623641 -0.617421
0 64 -0.197517 -0.620531
1 64 -0.197517 -0.620531
2 64 -0.197517 -0.620531
0 65 -0.601869 -0.620531
1 65 -0.601869 -0.620531
2 65 -0.601869 -0.620531
0 66 -0.256614 -0.530329
1 66 -0.256614 -0.530329
2 66 -0.256614 -0.530329
0 67 0.657844 -0.421465
1 67 0.657844 -0.421465
2 67 0.657844 -0.421465
0 68 -0.0326653 -0.496115
1 68 -0.0326653 -0.496115
2 68 -0.0326653 -0.496115
0 69 -0.384141 -0.465011
1 69 -0.384141 -0.465011
2 69 -0.384141 -0.465011
0 70 -0.353037 -0.517888
1 70 -0.353037 -0.517888
2 70 -0.353037 -0.517888
0 71 -0.623019 -0.619287
1 71 -0.623019 -0.619287
2 71 -0.623019 -0.619287
0 72 -0.611822 -0.600625
1 72 -0.611822 -0.600625
2 72 -0.611822 -0.600625
0 73 0.0712221 -0.608089
1 73 0.0712221 -0.608089
2 73 0.0712221 -0.608089
0 74 -0.600625 -0.623019
1 74 -0.600625 -0.623019
2 74 -0.600625 -0.623019
0 75 -0.02209 -0.667809
1 75 -0.02209 -0.667809
2 75 -0.02209 -0.667809
0 76 -0.667809 -0.660344
1 76 -0.667809 -0.660344
2 76 -0.667809 -0.660344
0 77 0.657222 -0.421465
1 77 0.657222 -0.421465
2 77 0.657222 -0.421465
0 78 0.54898 -0.499848
1 78 0.54898 -0.499848
2 78 0.54898 -0.499848
0 79 -0.682739 -0.641682
1 79 -0.682739 -0.641682
2 79 -0.682739 -0.641682
0 80 -0.641682 -0.380408
1 80 -0.641682 -0.380408
2 80 -0.641682 -0.380408
0 81 -0.402803 -0.626752
1 81 -0.402803 -0.626752
2 81 -0.402803 -0.626752
0 82 -0.350548 -0.51851
1 82 -0.350548 -0.51851
2 82 -0.350548 -0.51851
0 83 -0.48865 -0.817108
1 83 -0.48865 -0.817108
2 83 -0.48865 -0.813376
0 84 0.0898844 -0.664077
1 84 0.0898844 -0.664077
2 84 0.0898844 -0.664077
0 85 -0.54837 -0.589427
1 85 -0.54837 -0.589427
2 85 -0.54837 -0.589427
