93
0 0 0.317708 -0.89375
1 0 0.317708 -0.89375
2 0 0.317708 -0.894792
0 1 -0.221875 -0.551042
1 1 -0.221875 -0.55
2 1 -0.221875 -0.551042
0 2 0.554167 -0.558333
1 2 0.554167 -0.558333
2 2 0.554167 -0.559375
0 3 0.565625 -0.569792
1 3 0.565625 -0.569792
2 3 0.565625 -0.570833
0 4 0.0916667 -0.413542
1 4 0.0916667 -0.413542
2 4 0.0916667 -0.414583
0 5 0.55625 -0.57125
1 5 0.55625 -0.57125
2 5 0.55625 -0.5725
0 6 0.6395 -0.5305
1 6 0.6395 -0.5305
2 6 0.6395 -0.5305
0 7 -0.2215 -0.5515
1 7 -0.2215 -0.5515
2 7 -0.2215 -0.5515
0 8 0.5255 -0.5605
1 8 0.5255 -0.5605
2 8 0.5255 -0.562
0 9 0.509 -0.5755
1 9 0.509 -0.5755
2 9 0.509 -0.577
0 10 0.644 -0.5275
1 10 0.644 -0.5275
2 10 0.644 -0.5275
0 11 0.614 -0.535
1 11 0.614 -0.5335
2 11 0.614 -0.535
0 12 0.6425 -0.5425
1 12 0.6425 -0.5425
2 12 0.6425 -0.5425
0 13 0.617 -0.544
1 13 0.617 -0.544
2 13 0.617 -0.544
0 14 0.506 -0.5635
1 14 0.506 -0.5635
2 14 0.506 -0.565
0 15 0.539 -0.5605
1 15 0.539 -0.559
2 15 0.539 -0.5605
0 16 -0.679 -0.841
1 16 -0.679 -0.841
2 16 -0.679 -0.841
0 17 -0.3754 -0.622
1 17 -0.3754 -0.622
2 17 -0.3754 -0.622
0 18 0.5732 -0.5698
1 18 0.5714 -0.568
2 18 0.5732 -0.5698
0 19 0.5642 -0.568
1 19 0.5642 -0.5698
2 19 0.5642 -0.5698
0 20 0.5552 -0.5698
1 20 0.5552 -0.5698
2 20 0.5552 -0.5698
0 21 0.107 -0.6526
1 21 0.107 -0.6526
2 21 0.107 -0.6526
0 22 -0.6364 -0.2818
1 22 -0.6364 -0.2818
2 22 -0.6364 -0.2836
0 23 -0.487 -0.802
1 23 -0.487 -0.802
2 23 -0.487 -0.802
0 24 -0.6418 -0.2836
1 24 -0.6418 -0.2836
2 24 -0.6418 -0.2854
0 25 -0.2206 -0.5518
1 25 -0.2206 -0.5518
2 25 -0.2206 -0.5536
0 26 -0.4726 -0.2926
1 26 -0.4726 -0.2926
2 26 -0.4726 -0.2944
0 27 0.6182 -0.532
1 27 0.6182 -0.532
2 27 0.6182 -0.532
0 28 0.6236 -0.532
1 28 0.6236 -0.532
2 28 0.6236 -0.532
0 29 0.5408 -0.5716
1 29 0.5408 -0.5716
2 29 0.5408 -0.5734
0 30 0.6272 -0.5446
1 30 0.6272 -0.5446
2 30 0.6272 -0.5446
0 31 -0.6796 -0.8416
1 31 -0.6796 -0.8416
2 31 -0.6796 -0.8416
0 32 -0.47944 -0.29368
1 32 -0.47944 -0.29368
2 32 -0.47944 -0.29368
0 33 -0.47296 -0.29368
1 33 -0.47296 -0.29368
2 33 -0.47296 -0.29368
0 34 -0.48808 -0.80128
1 34 -0.48808 -0.80128
2 34 -0.48808 -0.80128
0 35 0.62432 -0.58096
1 35 0.62432 -0.58096
2 35 0.62432 -0.58096
0 36 -0.69976 -0.8596
1 36 -0.69976 -0.8596
2 36 -0.69976 -0.8596
0 37 0.1124 -0.65224
1 37 0.1124 -0.65224
2 37 0.1124 -0.65224
0 38 -0.63712 -0.28288
1 38 -0.63712 -0.28288
2 38 -0.63712 -0.28504
0 39 0.6524 -0.57664
1 39 0.6524 -0.57664
2 39 0.6524 -0.57664
0 40 0.47312 -0.59824
1 40 0.47312 -0.59824
2 40 0.47312 -0.59824
0 41 0.63296 -0.568
1 41 0.63296 -0.568
2 41 0.63296 -0.568
0 42 0.10592 -0.65224
1 42 0.10592 -0.65224
2 42 0.10592 -0.65224
0 43 0.0908001 -0.6544
1 43 0.0908001 -0.6544
2 43 0.0908001 -0.6544
0 44 -0.3412 -0.46648
1 44 -0.3412 -0.46648
2 44 -0.3412 -0.46648
0 45 0.61352 -0.27856
1 45 0.61352 -0.27856
2 45 0.61352 -0.28072
0 46 -0.65656 -0.64576
1 46 -0.65656 -0.64576
2 46 -0.65656 -0.64576
0 47 -0.32608 -0.51832
1 47 -0.32608 -0.51832
2 47 -0.32608 -0.51832
0 48 0.67832 -0.57232
1 48 0.67832 -0.57448
2 48 0.67832 -0.57448
0 49 0.5552 -0.57016
1 49 0.5552 -0.57016
2 49 0.5552 -0.57016
0 50 0.67616 -0.56152
1 50 0.67616 -0.56152
2 50 0.67616 -0.56152
0 51 -0.489376 -0.808192
1 51 -0.489376 -0.808192
2 51 -0.489376 -0.808192
0 52 -0.346816 -0.471232
1 52 -0.346816 -0.471232
2 52 -0.346816 -0.471232
0 53 -0.258688 -0.523072
1 53 -0.258688 -0.523072
2 53 -0.258688 -0.523072
0 54 -0.63712 -0.284608
1 54 -0.63712 -0.284608
2 54 -0.63712 -0.284608
0 55 -0.199072 -0.613792
1 55 -0.199072 -0.613792
2 55 -0.199072 -0.613792
0 56 -0.657856 -0.647488
1 56 -0.657856 -0.647488
2 56 -0.657856 -0.647488
0 57 0.625184 -0.582688
1 57 0.625184 -0.582688
2 57 0.625184 -0.582688
0 58 -0.699328 -0.85744
1 58 -0.699328 -0.860032
2 58 -0.699328 -0.860032
0 59 0.713312 -0.333856
1 59 0.713312 -0.333856
2 59 0.713312 -0.336448
0 60 -0.626752 -0.608608
1 60 -0.626752 -0.608608
2 60 -0.626752 -0.608608
0 61 0.63296 -0.582688
1 61 0.63296 -0.582688
2 61 0.63296 -0.582688
0 62 0.677024 -0.561952
1 62 0.677024 -0.561952
2 62 0.677024 -0.561952
0 63 0.109376 -0.652672
1 63 0.109376 -0.652672
2 63 0.109376 -0.652672
0 64 -0.19648 -0.55936
1 64 -0.19648 -0.55936
2 64 -0.19648 -0.55936
0 65 -0.230176 -0.616384
1 65 -0.230176 -0.613792
2 65 -0.230176 -0.616384
0 66 -0.554176 -0.580096
1 66 -0.554176 -0.580096
2 66 -0.554176 -0.580096
0 67 -0.258688 -0.616384
1 67 -0.258688 -0.616384
2 67 -0.258688 -0.616384
0 68 -0.40384 -0.621568
1 68 -0.40384 -0.621568
2 68 -0.40384 -0.621568
0 69 -0.600832 -0.6112
1 69 -0.600832 -0.6112
2 69 -0.600832 -0.6112
0 70 0.0523523 -0.437536
1 70 0.0523523 -0.437536
2 70 0.0523523 -0.437536
0 71 -0.595648 -0.483673
1 71 -0.595648 -0.483673
2 71 -0.595648 -0.483673
0 72 -0.0388861 -0.486784
1 72 -0.0388861 -0.486784
2 72 -0.0388861 -0.486784
0 73 0.0886403 -0.654746
1 73 0.0886403 -0.654746
2 73 0.0886403 -0.654746
0 74 -0.68896 -0.632973
1 74 -0.68896 -0.632973
2 74 -0.68896 -0.632973
0 75 -0.601869 -0.6112
1 75 -0.601869 -0.6112
2 75 -0.601869 -0.6112
0 76 -0.259725 -0.520998
1 76 -0.259725 -0.520998
2 76 -0.259725 -0.520998
0 77 -0.626752 -0.60809
1 77 -0.626752 -0.60809
2 77 -0.626752 -0.60809
0 78 -0.489894 -0.807155
1 78 -0.489894 -0.807155
2 78 -0.489894 -0.807155
0 79 -0.656612 -0.507312
1 79 -0.656612 -0.507312
2 79 -0.656612 -0.507312
0 80 -0.697669 -0.858166
1 80 -0.697669 -0.858166
2 80 -0.697669 -0.858166
0 81 -0.604357 -0.611822
1 81 -0.604357 -0.611822
2 81 -0.604357 -0.611822
0 82 0.638559 -0.44386
1 82 0.638559 -0.44386
2 82 0.638559 -0.44386
0 83 0.653489 -0.414
1 83 0.653489 -0.414
2 83 0.653489 -0.414
0 84 -0.686472 -0.634217
1 84 -0.686472 -0.634217
2 84 -0.686472 -0.634217
0 85 0.545247 -0.492383
1 85 0.545247 -0.492383
2 85 0.545247 -0.492383
0 86 -0.402803 -0.619287
1 86 -0.402803 -0.619287
2 86 -0.402803 -0.619287
0 87 -0.339351 -0.469988
1 87 -0.339351 -0.469988
2 87 -0.339351 -0.469988
0 88 0.086152 -0.656612
1 88 0.086152 -0.656612
2 88 0.086152 -0.656612
0 89 -0.552102 -0.581962
1 89 -0.552102 -0.581962
2 89 -0.552102 -0.581962
0 90 -0.197517 -0.611822
1 90 -0.197517 -0.611822
2 90 -0.197517 -0.611822
0 91 -0.652879 -0.350548
1 91 -0.652879 -0.350548
2 91 -0.652879 -0.350548
0 92 -0.626752 -0.343083
1 92 -0.626752 -0.343083
2 92 -0.626752 -0.343083
