76
0 0 0.03125 -0.64375
1 0 0.03125 -0.64375
2 0 0.03125 -0.642708
0 1 0.6275 -0.57625
1 1 0.6275 -0.57625
2 1 0.6275 -0.575
0 2 0.6675 -0.57875
1 2 0.6675 -0.57875
2 2 0.6675 -0.5775
0 3 -0.21875 -0.5575
1 3 -0.21875 -0.5575
2 3 -0.21875 -0.55625
0 4 -0.67625 -0.8475
1 4 -0.67625 -0.8475
2 4 -0.67625 -0.84625
0 5 -0.20625 -0.51
1 5 -0.2075 -0.51
2 5 -0.2075 -0.50875
0 6 0.5125 -0.585
1 6 0.5125 -0.585
2 6 0.5125 -0.58375
0 7 0.4075 -0.66875
1 7 0.4075 -0.66875
2 7 0.4075 -0.6675
0 8 0.5525 -0.5935
1 8 0.5525 -0.592
2 8 0.5525 -0.592
0 9 -0.4855 -0.8095
1 9 -0.4855 -0.808
2 9 -0.4855 -0.808
0 10 0.5315 -0.58
1 10 0.5315 -0.58
2 10 0.5315 -0.5785
0 11 0.68 -0.5695
1 11 0.68 -0.568
2 11 0.68 -0.568
0 12 0.6365 -0.5755
1 12 0.6365 -0.574
2 12 0.6365 -0.574
0 13 0.62 -0.538
1 13 0.62 -0.5365
2 13 0.62 -0.5365
0 14 0.6515 -0.535
1 14 0.6515 -0.535
2 14 0.6515 -0.5335
0 15 -0.64 -0.2905
1 15 -0.64 -0.2905
2 15 -0.64 -0.289
0 16 -0.2185 -0.559
1 16 -0.2185 -0.5575
2 16 -0.2185 -0.5575
0 17 0.653 -0.5815
1 17 0.653 -0.5815
2 17 0.653 -0.58
0 18 0.641 -0.5365
1 18 0.641 -0.5365
2 18 0.641 -0.535
0 19 0.626 -0.5395
1 19 0.626 -0.538
2 19 0.626 -0.538
0 20 -0.2188 -0.559
1 20 -0.2188 -0.559
2 20 -0.2188 -0.559
0 21 -0.6778 -0.8488
1 21 -0.6778 -0.847
2 21 -0.6778 -0.847
0 22 -0.6562 -0.4582
1 22 -0.6562 -0.4582
2 22 -0.6562 -0.4564
0 23 0.6254 -0.5878
1 23 0.6254 -0.586
2 23 0.6254 -0.586
0 24 0.6164 -0.541
1 24 0.6164 -0.5392
2 24 0.6164 -0.5392
0 25 -0.6346 -0.289
1 25 -0.6346 -0.289
2 25 -0.6346 -0.2872
0 26 -0.64 -0.2908
1 26 -0.64 -0.2908
2 26 -0.64 -0.289
0 27 0.4562 -0.5806
1 27 0.4562 -0.5788
2 27 0.4562 -0.5788
0 28 0.6812 -0.5788
1 28 0.6812 -0.577
2 28 0.6812 -0.577
0 29 0.512 -0.58312
1 29 0.512 -0.58312
2 29 0.512 -0.58312
0 30 0.62648 -0.58744
1 30 0.62648 -0.58744
2 30 0.62648 -0.58744
0 31 0.61568 -0.2872
1 31 0.61568 -0.28504
2 31 0.61568 -0.28504
0 32 -0.59824 -0.61768
1 32 -0.59824 -0.61552
2 32 -0.59824 -0.61552
0 33 0.66752 -0.58096
1 33 0.66752 -0.58096
2 33 0.66752 -0.58096
0 34 0.68264 -0.54208
1 34 0.68264 -0.54208
2 34 0.68264 -0.53992
0 35 -0.63496 -0.28936
1 35 -0.63496 -0.28936
2 35 -0.63496 -0.28936
0 36 -0.63928 -0.29152
1 36 -0.63928 -0.28936
2 36 -0.63928 -0.28936
0 37 0.6524 -0.57232
1 37 0.6524 -0.57016
2 37 0.6524 -0.57016
0 38 0.11456 -0.65656
1 38 0.11456 -0.65872
2 38 0.11456 -0.65656
0 39 0.0929601 -0.66088
1 39 0.0929601 -0.66088
2 39 0.0929601 -0.65872
0 40 -0.6976 -0.86608
1 40 -0.6976 -0.86608
2 40 -0.6976 -0.86392
0 41 -0.6544 -0.65224
1 41 -0.6544 -0.65224
2 41 -0.6544 -0.65224
0 42 -0.21808 -0.56152
1 42 -0.21808 -0.55936
2 42 -0.21808 -0.55936
0 43 -0.217216 -0.561952
1 43 -0.217216 -0.561952
2 43 -0.217216 -0.55936
0 44 -0.19648 -0.621568
1 44 -0.19648 -0.618976
2 44 -0.19648 -0.618976
0 45 -0.696736 -0.865216
1 45 -0.696736 -0.865216
2 45 -0.696736 -0.865216
0 46 -0.372736 -0.626752
1 46 -0.372736 -0.626752
2 46 -0.372736 -0.626752
0 47 -0.256096 -0.528256
1 47 -0.256096 -0.528256
2 47 -0.256096 -0.528256
0 48 -0.678592 -0.849664
1 48 -0.678592 -0.849664
2 48 -0.678592 -0.847072
0 49 -0.344224 -0.479008
1 49 -0.344224 -0.476416
2 49 -0.344224 -0.476416
0 50 -0.401248 -0.629344
1 50 -0.401248 -0.626752
2 50 -0.401248 -0.626752
0 51 0.109376 -0.660448
1 51 0.109376 -0.657856
2 51 0.109376 -0.657856
0 52 -0.4816 -0.795232
1 52 -0.4816 -0.795232
2 52 -0.4816 -0.795232
0 53 -0.336448 -0.473824
1 53 -0.336448 -0.471232
2 53 -0.336448 -0.471232
0 54 0.62674 -0.589427
1 54 0.62674 -0.589427
2 54 0.62674 -0.589427
0 55 -0.256614 -0.527219
1 55 -0.256614 -0.527219
2 55 -0.256614 -0.527219
0 56 -0.623641 -0.61431
1 56 -0.623641 -0.61431
2 56 -0.623641 -0.61431
0 57 -0.695181 -0.863142
1 57 -0.695181 -0.863142
2 57 -0.695181 -0.863142
0 58 -0.197517 -0.617421
1 58 -0.197517 -0.617421
2 58 -0.197517 -0.617421
0 59 -0.60809 -0.592537
1 59 -0.60809 -0.592537
2 59 -0.60809 -0.592537
0 60 0.657844 -0.418355
1 60 0.657844 -0.418355
2 60 0.657844 -0.418355
0 61 -0.601869 -0.617421
1 61 -0.601869 -0.617421
2 61 -0.601869 -0.617421
0 62 -0.353037 -0.514777
1 62 -0.353037 -0.514777
2 62 -0.353037 -0.514777
0 63 -0.667187 -0.657856
1 63 -0.670297 -0.657856
2 63 -0.670297 -0.657856
0 64 -0.483673 -0.794714
1 64 -0.483673 -0.794714
2 64 -0.483673 -0.794714
0 65 -0.679629 -0.850701
1 65 -0.679629 -0.850701
2 65 -0.679629 -0.84759
0 66 -0.600625 -0.619287
1 66 -0.600625 -0.619287
2 66 -0.600625 -0.619287
0 67 -0.47372 -0.302026
1 67 -0.477453 -0.302026
2 67 -0.477453 -0.302026
0 68 -0.02209 -0.664077
1 68 -0.02209 -0.664077
2 68 -0.02209 -0.664077
0 69 -0.309491 -0.596892
1 69 -0.309491 -0.596892
2 69 -0.309491 -0.596892
0 70 -0.387873 -0.462523
1 70 -0.387873 -0.462523
2 70 -0.387873 -0.462523
0 71 0.638559 -0.447593
1 71 0.638559 -0.447593
2 71 0.638559 -0.447593
0 72 0.0712221 -0.604357
1 72 0.0712221 -0.604357
2 72 0.0712221 -0.604357
0 73 -0.623019 -0.615554
1 73 -0.623019 -0.615554
2 73 -0.623019 -0.615554
0 74 -0.197517 -0.619287
1 74 -0.197517 -0.619287
2 74 -0.197517 -0.619287
0 75 0.086152 -0.660344
1 75 0.086152 -0.660344
2 75 0.086152 -0.660344
