102
0 0 0.575 -0.569792
1 0 0.575 -0.56875
2 0 0.575 -0.56875
0 1 0.65375 -0.54125
1 1 0.63125 -0.55625
2 1 0.65375 -0.54
0 2 0.57375 -0.57
1 2 0.57375 -0.56875
2 2 0.57375 -0.56875
0 3 0.475 -0.58375
1 3 0.475 -0.58375
2 3 0.475 -0.58375
0 4 -0.0175 -0.66
1 4 -0.0175 -0.66
2 4 -0.0175 -0.66
0 5 0.6335 -0.5665
1 5 0.6335 -0.5665
2 5 0.6335 -0.5665
0 6 0.4985 -0.5785
1 6 0.4985 -0.577
2 6 0.4985 -0.577
0 7 -0.0175 -0.6595
1 7 -0.0175 -0.6595
2 7 -0.0175 -0.6595
0 8 0.4535 -0.5725
1 8 0.4535 -0.5725
2 8 0.4535 -0.5725
0 9 0.6275 -0.544
1 9 0.6275 -0.544
2 9 0.6275 -0.544
0 10 -0.487 -0.802
1 10 -0.487 -0.802
2 10 -0.487 -0.802
0 11 0.677 -0.571
1 11 0.6785 -0.571
2 11 0.6785 -0.571
0 12 0.6815 -0.547
1 12 0.6815 -0.5455
2 12 0.6815 -0.5455
0 13 -0.2206 -0.5536
1 13 -0.2206 -0.5518
2 13 -0.2206 -0.5518
0 14 0.5552 -0.5698
1 14 0.5552 -0.5698
2 14 0.5552 -0.5698
0 15 -0.6364 -0.2818
1 15 -0.6364 -0.2818
2 15 -0.6364 -0.2818
0 16 -0.487 -0.802
1 16 -0.487 -0.802
2 16 -0.487 -0.802
0 17 -0.6418 -0.2836
1 17 -0.6418 -0.2836
2 17 -0.6418 -0.2836
0 18 -0.658 -0.451
1 18 -0.658 -0.451
2 18 -0.658 -0.451
0 19 0.638 -0.577
1 19 0.638 -0.577
2 19 0.638 -0.577
0 20 0.6236 -0.532
1 20 0.6236 -0.532
2 20 0.6236 -0.532
0 21 0.107 -0.6526
1 21 0.107 -0.6526
2 21 0.107 -0.6526
0 22 0.6398 -0.5302
1 22 0.6398 -0.5302
2 22 0.6398 -0.5302
0 23 0.5516 -0.5572
1 23 0.5516 -0.5572
2 23 0.5516 -0.5572
0 24 -0.63712 -0.28504
1 24 -0.63712 -0.28288
2 24 -0.63712 -0.28288
0 25 -0.47944 -0.29368
1 25 -0.47944 -0.29368
2 25 -0.47944 -0.29368
0 26 -0.47296 -0.29368
1 26 -0.47296 -0.29368
2 26 -0.47296 -0.29368
0 27 0.47312 -0.59824
1 27 0.47312 -0.59824
2 27 0.47312 -0.59824
0 28 -0.22024 -0.55504
1 28 -0.22024 -0.55504
2 28 -0.22024 -0.55504
0 29 -0.32608 -0.51832
1 29 -0.32608 -0.51832
2 29 -0.32608 -0.51832
0 30 -0.64144 -0.28288
1 30 -0.64144 -0.28288
2 30 -0.64144 -0.28288
0 31 0.0908001 -0.6544
1 31 0.0908001 -0.6544
2 31 0.0908001 -0.6544
0 32 0.47744 -0.59392
1 32 0.47744 -0.59392
2 32 0.47744 -0.59392
0 33 0.1124 -0.65224
1 33 0.1124 -0.65008
2 33 0.1124 -0.65008
0 34 0.10592 -0.65224
1 34 0.10592 -0.65224
2 34 0.10592 -0.65224
0 35 0.5552 -0.57016
1 35 0.5552 -0.57016
2 35 0.5552 -0.57016
0 36 -0.62848 -0.60688
1 36 -0.62848 -0.60688
2 36 -0.62848 -0.60688
0 37 -0.61552 -0.59176
1 37 -0.61552 -0.59176
2 37 -0.61552 -0.59176
0 38 0.67616 -0.56152
1 38 0.67616 -0.56152
2 38 0.67616 -0.56152
0 39 0.54872 -0.58744
1 39 0.54872 -0.58744
2 39 0.54872 -0.58744
0 40 -0.25912 -0.61768
1 40 -0.25912 -0.61768
2 40 -0.25912 -0.61768
0 41 -0.6004 -0.6112
1 41 -0.6004 -0.60904
2 41 -0.6004 -0.60904
0 42 -0.22888 -0.61768
1 42 -0.22888 -0.61552
2 42 -0.22888 -0.61552
0 43 -0.19864 -0.61552
1 43 -0.19864 -0.61552
2 43 -0.19864 -0.61552
0 44 -0.40384 -0.622
1 44 -0.40384 -0.622
2 44 -0.40384 -0.622
0 45 0.62432 -0.58096
1 45 0.62432 -0.58096
2 45 0.62432 -0.58096
0 46 -0.618976 -0.587872
1 46 -0.618976 -0.587872
2 46 -0.618976 -0.587872
0 47 -0.199072 -0.613792
1 47 -0.199072 -0.613792
2 47 -0.199072 -0.613792
0 48 -0.696736 -0.85744
1 48 -0.696736 -0.85744
2 48 -0.699328 -0.85744
0 49 -0.204256 -0.548992
1 49 -0.204256 -0.548992
2 49 -0.204256 -0.548992
0 50 -0.258688 -0.523072
1 50 -0.258688 -0.523072
2 50 -0.258688 -0.523072
0 51 -0.626752 -0.608608
1 51 -0.626752 -0.608608
2 51 -0.626752 -0.608608
0 52 -0.40384 -0.621568
1 52 -0.40384 -0.621568
2 52 -0.40384 -0.621568
0 53 0.109376 -0.652672
1 53 0.109376 -0.652672
2 53 0.109376 -0.652672
0 54 -0.489376 -0.808192
1 54 -0.489376 -0.808192
2 54 -0.489376 -0.808192
0 55 0.63296 -0.582688
1 55 0.63296 -0.580096
2 55 0.63296 -0.580096
0 56 0.456704 -0.600832
1 56 0.456704 -0.600832
2 56 0.456704 -0.600832
0 57 -0.33904 -0.466048
1 57 -0.33904 -0.466048
2 57 -0.33904 -0.466048
0 58 -0.346816 -0.471232
1 58 -0.346816 -0.471232
2 58 -0.346816 -0.471232
0 59 -0.258688 -0.616384
1 59 -0.258688 -0.616384
2 59 -0.258688 -0.616384
0 60 -0.63712 -0.284608
1 60 -0.63712 -0.284608
2 60 -0.63712 -0.284608
0 61 -0.608608 -0.587872
1 61 -0.608608 -0.587872
2 61 -0.608608 -0.587872
0 62 -0.0979838 -0.523072
1 62 -0.0979838 -0.523072
2 62 -0.0979838 -0.523072
0 63 -0.655264 -0.647488
1 63 -0.655264 -0.647488
2 63 -0.655264 -0.647488
0 64 0.677024 -0.561952
1 64 0.677024 -0.561952
2 64 0.677024 -0.561952
0 65 -0.42976 -0.621568
1 65 -0.42976 -0.621568
2 65 -0.42976 -0.621568
0 66 -0.489894 -0.807155
1 66 -0.489894 -0.807155
2 66 -0.489894 -0.807155
0 67 -0.601869 -0.6112
1 67 -0.601869 -0.6112
2 67 -0.601869 -0.6112
0 68 -0.626752 -0.60809
1 68 -0.626752 -0.60809
2 68 -0.626752 -0.60809
0 69 -0.474342 -0.293939
1 69 -0.474342 -0.293939
2 69 -0.474342 -0.293939
0 70 -0.0233341 -0.654746
1 70 -0.0233341 -0.654746
2 70 -0.0233341 -0.654746
0 71 -0.645414 -0.371699
1 71 -0.645414 -0.371699
2 71 -0.645414 -0.371699
0 72 -0.337485 -0.468121
1 72 -0.337485 -0.468121
2 72 -0.337485 -0.468121
0 73 -0.670297 -0.651635
1 73 -0.670297 -0.651635
2 73 -0.670297 -0.651635
0 74 -0.346816 -0.471232
1 74 -0.346816 -0.471232
2 74 -0.346816 -0.471232
0 75 -0.68585 -0.632973
1 75 -0.68585 -0.632973
2 75 -0.68585 -0.632973
0 76 -0.231731 -0.61431
1 76 -0.231731 -0.61431
2 76 -0.231731 -0.61431
0 77 -0.387251 -0.45568
1 77 -0.387251 -0.45568
2 77 -0.387251 -0.45568
0 78 -0.371699 -0.570765
1 78 -0.371699 -0.570765
2 78 -0.371699 -0.570765
0 79 0.654733 -0.412134
1 79 0.654733 -0.412134
2 79 0.654733 -0.412134
0 80 0.405901 -0.474342
1 80 0.405901 -0.474342
2 80 0.405901 -0.474342
0 81 -0.698291 -0.856922
1 81 -0.698291 -0.856922
2 81 -0.698291 -0.856922
0 82 -0.259725 -0.524109
1 82 -0.259725 -0.520998
2 82 -0.259725 -0.520998
0 83 -0.197517 -0.6112
1 83 -0.197517 -0.6112
2 83 -0.197517 -0.6112
0 84 -0.595648 -0.483673
1 84 -0.595648 -0.483673
2 84 -0.595648 -0.483673
0 85 -0.611822 -0.589427
1 85 -0.611822 -0.589427
2 85 -0.611822 -0.589427
0 86 0.653489 -0.414
1 86 0.653489 -0.414
2 86 0.653489 -0.414
0 87 0.0674896 -0.596892
1 87 0.0674896 -0.596892
2 87 0.0674896 -0.596892
0 88 -0.339351 -0.469988
1 88 -0.339351 -0.469988
2 88 -0.339351 -0.469988
0 89 -0.477453 -0.294561
1 89 -0.477453 -0.294561
2 89 -0.477453 -0.294561
0 90 0.638559 -0.44386
1 90 0.638559 -0.44386
2 90 0.638559 -0.44386
0 91 -0.645414 -0.372943
1 91 -0.645414 -0.372943
2 91 -0.645414 -0.372943
0 92 -0.686472 -0.634217
1 92 -0.686472 -0.634217
2 92 -0.686472 -0.634217
0 93 -0.656612 -0.507312
1 93 -0.656612 -0.507312
2 93 -0.656612 -0.507312
0 94 -0.652879 -0.350548
1 94 -0.652879 -0.350548
2 94 -0.652879 -0.350548
0 95 -0.671542 -0.649147
1 95 -0.671542 -0.649147
2 95 -0.671542 -0.649147
0 96 -0.402803 -0.619287
1 96 -0.402803 -0.619287
2 96 -0.402803 -0.619287
0 97 -0.313223 -0.59316
1 97 -0.313223 -0.59316
2 97 -0.313223 -0.59316
0 98 -0.623019 -0.611822
1 98 -0.623019 -0.611822
2 98 -0.623019 -0.611822
0 99 -0.697669 -0.858166
1 99 -0.697669 -0.858166
2 99 -0.697669 -0.858166
0 100 -0.197517 -0.611822
1 100 -0.197517 -0.611822
2 100 -0.197517 -0.611822
0 101 -0.604357 -0.611822
1 101 -0.604357 -0.611822
2 101 -0.604357 -0.611822
