102
0 0 0.322917 -0.845833
1 0 0.322917 -0.845833
2 0 0.322917 -0.845833
0 1 0.557292 -0.582292
1 1 0.557292 -0.58125
2 1 0.557292 -0.58125
0 2 0.62625 -0.55125
1 2 0.62625 -0.55125
2 2 0.62625 -0.55125
0 3 0.64625 -0.5625
1 3 0.64625 -0.56125
2 3 0.64625 -0.56125
0 4 0.625 -0.5775
1 4 0.625 -0.57625
2 4 0.625 -0.57625
0 5 0.6525 -0.57625
1 5 0.6525 -0.575
2 5 0.6525 -0.575
0 6 0.63 -0.555
1 6 0.63 -0.55375
2 6 0.63 -0.55375
0 7 0.64 -0.58625
1 7 0.64 -0.585
2 7 0.64 -0.585
0 8 -0.67875 -0.85
1 8 -0.67875 -0.85
2 8 -0.67875 -0.85
0 9 0.40625 -0.6725
1 9 0.40625 -0.67125
2 9 0.40625 -0.67125
0 10 0.48375 -0.5925
1 10 0.48375 -0.5925
2 10 0.48375 -0.5925
0 11 -0.22 -0.562
1 11 -0.22 -0.5605
2 11 -0.22 -0.5605
0 12 0.6545 -0.55
1 12 0.6545 -0.55
2 12 0.6545 -0.55
0 13 -0.4855 -0.8035
1 13 -0.4855 -0.8035
2 13 -0.4855 -0.8035
0 14 0.6725 -0.5575
1 14 0.6725 -0.5575
2 14 0.6725 -0.5575
0 15 -0.679 -0.85
1 15 -0.679 -0.85
2 15 -0.679 -0.85
0 16 0.6785 -0.544
1 16 0.68 -0.544
2 16 0.6785 -0.544
0 17 0.6395 -0.5395
1 17 0.6395 -0.5395
2 17 0.6395 -0.5395
0 18 -0.4312 -0.5932
1 18 -0.4312 -0.5932
2 18 -0.4312 -0.5932
0 19 -0.6796 -0.8506
1 19 -0.6796 -0.8506
2 19 -0.6796 -0.8506
0 20 0.6506 -0.5752
1 20 0.6506 -0.5752
2 20 0.6506 -0.5752
0 21 0.6236 -0.5914
1 21 0.6236 -0.5896
2 21 0.6236 -0.5896
0 22 -0.4708 -0.3034
1 22 -0.4708 -0.3016
2 22 -0.4708 -0.3016
0 23 -0.2206 -0.5626
1 23 -0.2206 -0.5626
2 23 -0.2206 -0.5626
0 24 -0.487 -0.811
1 24 -0.487 -0.811
2 24 -0.487 -0.811
0 25 0.5642 -0.5788
1 25 0.5642 -0.5788
2 25 0.5642 -0.5788
0 26 -0.0981999 -0.532
1 26 -0.0981999 -0.532
2 26 -0.0981999 -0.532
0 27 0.557 -0.5806
1 27 0.557 -0.5806
2 27 0.557 -0.5806
0 28 -0.4024 -0.6328
1 28 -0.4024 -0.6328
2 28 -0.4024 -0.6328
0 29 -0.658 -0.4618
1 29 -0.658 -0.46
2 29 -0.658 -0.46
0 30 -0.6994 -0.8686
1 30 -0.6994 -0.8686
2 30 -0.6994 -0.8686
0 31 0.539 -0.5698
1 31 0.539 -0.5698
2 31 0.539 -0.5698
0 32 -0.2044 -0.5608
1 32 -0.2044 -0.559
2 32 -0.2044 -0.559
0 33 0.6542 -0.55
1 33 0.6542 -0.55
2 33 0.6542 -0.55
0 34 0.6146 -0.5446
1 34 0.6146 -0.5428
2 34 0.6146 -0.5428
0 35 -0.69976 -0.86824
1 35 -0.69976 -0.86824
2 35 -0.69976 -0.86824
0 36 -0.19864 -0.62416
1 36 -0.19864 -0.62416
2 36 -0.19864 -0.62416
0 37 -0.20512 -0.55936
1 37 -0.20512 -0.55936
2 37 -0.20512 -0.55936
0 38 -0.37576 -0.63064
1 38 -0.37576 -0.63064
2 38 -0.37576 -0.63064
0 39 0.67832 -0.57016
1 39 0.67832 -0.57016
2 39 0.67832 -0.57016
0 40 0.55736 -0.58096
1 40 0.55736 -0.5788
2 40 0.55736 -0.5788
0 41 0.6524 -0.58744
1 41 0.6524 -0.58528
2 41 0.6524 -0.58528
0 42 -0.47944 -0.30232
1 42 -0.47944 -0.30232
2 42 -0.47944 -0.30232
0 43 -0.64144 -0.29368
1 43 -0.64144 -0.29368
2 43 -0.64144 -0.29368
0 44 -0.47296 -0.30232
1 44 -0.47296 -0.30232
2 44 -0.47296 -0.30232
0 45 0.512 -0.58744
1 45 0.512 -0.58744
2 45 0.512 -0.58744
0 46 0.10808 -0.66304
1 46 0.10808 -0.66304
2 46 0.10808 -0.66088
0 47 -0.6004 -0.61984
1 47 -0.6004 -0.61984
2 47 -0.6004 -0.61984
0 48 0.0912323 -0.66304
1 48 0.0912323 -0.66304
2 48 0.0912323 -0.66304
0 49 -0.673408 -0.660448
1 49 -0.673408 -0.660448
2 49 -0.673408 -0.660448
0 50 -0.0331838 -0.497152
1 50 -0.0331838 -0.497152
2 50 -0.0331838 -0.497152
0 51 -0.626752 -0.618976
1 51 -0.626752 -0.616384
2 51 -0.626752 -0.616384
0 52 -0.375328 -0.629344
1 52 -0.375328 -0.629344
2 52 -0.375328 -0.629344
0 53 -0.699328 -0.867808
1 53 -0.699328 -0.867808
2 53 -0.699328 -0.867808
0 54 0.640736 -0.432352
1 54 0.640736 -0.432352
2 54 0.640736 -0.432352
0 55 -0.219808 -0.567136
1 55 -0.219808 -0.564544
2 55 -0.219808 -0.564544
0 56 -0.0228158 -0.66304
1 56 -0.0228158 -0.66304
2 56 -0.0228158 -0.66304
0 57 -0.479008 -0.302752
1 57 -0.479008 -0.302752
2 57 -0.479008 -0.302752
0 58 -0.230176 -0.62416
1 58 -0.230176 -0.62416
2 58 -0.230176 -0.62416
0 59 -0.199072 -0.62416
1 59 -0.199072 -0.62416
2 59 -0.199072 -0.62416
0 60 -0.473824 -0.302752
1 60 -0.473824 -0.302752
2 60 -0.473824 -0.302752
0 61 -0.258688 -0.53344
1 61 -0.258688 -0.53344
2 61 -0.258688 -0.530848
0 62 0.109376 -0.66304
1 62 0.109376 -0.66304
2 62 0.109376 -0.66304
0 63 0.625184 -0.593056
1 63 0.625184 -0.593056
2 63 0.625184 -0.593056
0 64 0.643328 -0.44272
1 64 0.643328 -0.44272
2 64 0.643328 -0.44272
0 65 -0.595648 -0.49456
1 65 -0.595648 -0.49456
2 65 -0.595648 -0.49456
0 66 0.63296 -0.590464
1 66 0.63296 -0.590464
2 66 0.63296 -0.590464
0 67 -0.42976 -0.631936
1 67 -0.42976 -0.631936
2 67 -0.42976 -0.631936
0 68 -0.681184 -0.852256
1 68 -0.681184 -0.852256
2 68 -0.681184 -0.852256
0 69 0.640736 -0.590464
1 69 0.640736 -0.590464
2 69 0.640736 -0.590464
0 70 -0.387251 -0.465011
1 70 -0.387251 -0.465011
2 70 -0.387251 -0.465011
0 71 -0.474342 -0.30327
1 71 -0.474342 -0.30327
2 71 -0.474342 -0.30327
0 72 0.113523 -0.430797
1 72 0.113523 -0.430797
2 72 0.113523 -0.430797
0 73 -0.68896 -0.642304
1 73 -0.68585 -0.642304
2 73 -0.68585 -0.642304
0 74 -0.346816 -0.480563
1 74 -0.346816 -0.480563
2 74 -0.346816 -0.480563
0 75 -0.402803 -0.629862
1 75 -0.402803 -0.629862
2 75 -0.402803 -0.629862
0 76 -0.228621 -0.623641
1 76 -0.228621 -0.623641
2 76 -0.228621 -0.623641
0 77 -0.489894 -0.816486
1 77 -0.489894 -0.816486
2 77 -0.489894 -0.816486
0 78 -0.626752 -0.617421
1 78 -0.626752 -0.617421
2 78 -0.626752 -0.617421
0 79 -0.657856 -0.517888
1 79 -0.657856 -0.517888
2 79 -0.657856 -0.517888
0 80 0.545869 -0.499225
1 80 0.545869 -0.499225
2 80 0.545869 -0.499225
0 81 -0.337485 -0.477453
1 81 -0.337485 -0.477453
2 81 -0.337485 -0.477453
0 82 -0.595648 -0.493005
1 82 -0.595648 -0.493005
2 82 -0.595648 -0.493005
0 83 0.713831 -0.346816
1 83 0.713831 -0.343705
2 83 0.713831 -0.343705
0 84 -0.698291 -0.866253
1 84 -0.698291 -0.866253
2 84 -0.698291 -0.866253
0 85 0.639181 -0.452569
1 85 0.639181 -0.452569
2 85 0.639181 -0.452569
0 86 -0.615554 -0.600625
1 86 -0.615554 -0.600625
2 86 -0.615554 -0.600625
0 87 -0.604357 -0.623019
1 87 -0.604357 -0.623019
2 87 -0.604357 -0.623019
0 88 -0.626752 -0.619287
1 88 -0.626752 -0.619287
2 88 -0.626752 -0.619287
0 89 -0.656612 -0.514777
1 89 -0.656612 -0.514777
2 89 -0.656612 -0.514777
0 90 -0.335618 -0.481185
1 90 -0.335618 -0.481185
2 90 -0.335618 -0.481185
0 91 0.545247 -0.499848
1 91 0.545247 -0.499848
2 91 0.545247 -0.499848
0 92 -0.02209 -0.667809
1 92 -0.02209 -0.667809
2 92 -0.02209 -0.667809
0 93 -0.354281 -0.51851
1 93 -0.354281 -0.51851
2 93 -0.354281 -0.51851
0 94 -0.492383 -0.817108
1 94 -0.492383 -0.817108
2 94 -0.492383 -0.817108
0 95 -0.697669 -0.869363
1 95 -0.697669 -0.865631
2 95 -0.697669 -0.865631
0 96 0.590037 -0.522242
1 96 0.590037 -0.522242
2 96 0.590037 -0.522242
0 97 -0.387873 -0.466255
1 97 -0.387873 -0.466255
2 97 -0.387873 -0.466255
0 98 0.086152 -0.664077
1 98 0.086152 -0.664077
2 98 0.086152 -0.664077
0 99 -0.231109 -0.623019
1 99 -0.231109 -0.623019
2 99 -0.231109 -0.623019
0 100 -0.671542 -0.660344
1 100 -0.671542 -0.660344
2 100 -0.671542 -0.660344
0 101 -0.552102 -0.589427
1 101 -0.552102 -0.589427
2 101 -0.552102 -0.589427
