86
0 0 -0.0291667 -0.678125
1 0 -0.0291667 -0.678125
2 0 -0.0291667 -0.677083
0 1 -0.677083 -0.84375
1 1 -0.677083 -0.842708
2 1 -0.677083 -0.842708
0 2 0.361458 -0.614583
1 2 0.361458 -0.613542
2 2 0.361458 -0.613542
0 3 0.3225 -0.84
1 3 0.3225 -0.84
2 3 0.3225 -0.83875
0 4 0.6525 -0.5775
1 4 0.6525 -0.5775
2 4 0.6525 -0.5775
0 5 -0.22 -0.555
1 5 -0.22 -0.55375
2 5 -0.22 -0.55375
0 6 -0.195 -0.55375
1 6 -0.195 -0.55375
2 6 -0.195 -0.5525
0 7 0.539 -0.5635
1 7 0.539 -0.562
2 7 0.539 -0.562
0 8 0.5735 -0.5725
1 8 0.5735 -0.5725
2 8 0.5735 -0.5725
0 9 0.5645 -0.574
1 9 0.5645 -0.5725
2 9 0.5645 -0.5725
0 10 0.65 -0.532
1 10 0.65 -0.532
2 10 0.65 -0.5305
0 11 -0.22 -0.556
1 11 -0.22 -0.5545
2 11 -0.22 -0.5545
0 12 0.6524 -0.5788
1 12 0.6524 -0.5788
2 12 0.6524 -0.5788
0 13 0.6542 -0.5428
1 13 0.6542 -0.5428
2 13 0.6542 -0.5428
0 14 0.6146 -0.5374
1 14 0.6146 -0.5374
2 14 0.6146 -0.5374
0 15 0.6182 -0.55
1 15 0.6182 -0.5482
2 15 0.6182 -0.5482
0 16 -0.487 -0.8056
1 16 -0.487 -0.8038
2 16 -0.487 -0.8038
0 17 -0.6976 -0.8632
1 17 -0.6976 -0.8614
2 17 -0.6976 -0.8614
0 18 0.6398 -0.5806
1 18 0.6398 -0.5806
2 18 0.6398 -0.5806
0 19 -0.2188 -0.5554
1 19 -0.2188 -0.5554
2 19 -0.2188 -0.5554
0 20 -0.4852 -0.7984
1 20 -0.4852 -0.7966
2 20 -0.4852 -0.7966
0 21 -0.6778 -0.8452
1 21 -0.6778 -0.8434
2 21 -0.6778 -0.8434
0 22 0.6776 -0.5644
1 22 0.6776 -0.5644
2 22 0.6776 -0.5644
0 23 0.6254 -0.5356
1 23 0.6254 -0.5356
2 23 0.6254 -0.5356
0 24 -0.6976 -0.86176
1 24 -0.6976 -0.86176
2 24 -0.6976 -0.86176
0 25 -0.40168 -0.62632
1 25 -0.40168 -0.62632
2 25 -0.40168 -0.62632
0 26 0.10808 -0.65656
1 26 0.10808 -0.65656
2 26 0.10808 -0.6544
0 27 -0.47944 -0.29584
1 27 -0.47944 -0.29584
2 27 -0.47944 -0.29584
0 28 -0.67816 -0.84448
1 28 -0.67816 -0.84448
2 28 -0.67816 -0.84448
0 29 -0.64144 -0.2872
1 29 -0.64144 -0.2872
2 29 -0.64144 -0.2872
0 30 0.68048 -0.53776
1 30 0.68048 -0.53776
2 30 0.68048 -0.53776
0 31 0.58112 -0.58096
1 31 0.58112 -0.58096
2 31 0.58112 -0.58096
0 32 0.6416 -0.43624
1 32 0.6416 -0.43624
2 32 0.6416 -0.43624
0 33 -0.489376 -0.810784
1 33 -0.489376 -0.810784
2 33 -0.489376 -0.810784
0 34 -0.19648 -0.616384
1 34 -0.19648 -0.616384
2 34 -0.19648 -0.616384
0 35 -0.227584 -0.618976
1 35 -0.227584 -0.618976
2 35 -0.227584 -0.618976
0 36 0.640736 -0.427168
1 36 0.640736 -0.427168
2 36 0.640736 -0.427168
0 37 -0.0228158 -0.657856
1 37 -0.0228158 -0.657856
2 37 -0.0228158 -0.657856
0 38 -0.479008 -0.297568
1 38 -0.479008 -0.297568
2 38 -0.479008 -0.297568
0 39 -0.471232 -0.297568
1 39 -0.471232 -0.297568
2 39 -0.471232 -0.297568
0 40 -0.401248 -0.62416
1 40 -0.401248 -0.62416
2 40 -0.401248 -0.62416
0 41 -0.258688 -0.618976
1 41 -0.258688 -0.618976
2 41 -0.258688 -0.618976
0 42 -0.63712 -0.289792
1 42 -0.63712 -0.2872
2 42 -0.63712 -0.2872
0 43 0.713312 -0.33904
1 43 0.713312 -0.33904
2 43 0.713312 -0.33904
0 44 -0.219808 -0.55936
1 44 -0.219808 -0.55936
2 44 -0.219808 -0.55936
0 45 0.625184 -0.58528
1 45 0.625184 -0.58528
2 45 0.625184 -0.58528
0 46 -0.256096 -0.525664
1 46 -0.256096 -0.525664
2 46 -0.256096 -0.525664
0 47 -0.642304 -0.37792
1 47 -0.642304 -0.37792
2 47 -0.642304 -0.37792
0 48 -0.204256 -0.551584
1 48 -0.204256 -0.551584
2 48 -0.204256 -0.551584
0 49 -0.551584 -0.582688
1 49 -0.551584 -0.582688
2 49 -0.551584 -0.582688
0 50 -0.33904 -0.46864
1 50 -0.33904 -0.46864
2 50 -0.33904 -0.46864
0 51 0.640736 -0.582688
1 51 0.640736 -0.582688
2 51 0.640736 -0.582688
0 52 -0.655264 -0.65008
1 52 -0.655264 -0.65008
2 52 -0.655264 -0.65008
0 53 0.545869 -0.493005
1 53 0.545869 -0.493005
2 53 0.545869 -0.493005
0 54 -0.228621 -0.617421
1 54 -0.228621 -0.617421
2 54 -0.228621 -0.617421
0 55 -0.346816 -0.474342
1 55 -0.346816 -0.474342
2 55 -0.346816 -0.474342
0 56 -0.219289 -0.561433
1 56 -0.219289 -0.561433
2 56 -0.219289 -0.561433
0 57 -0.670297 -0.654746
1 57 -0.670297 -0.654746
2 57 -0.670297 -0.654746
0 58 -0.642304 -0.37792
1 58 -0.642304 -0.374809
2 58 -0.642304 -0.374809
0 59 -0.0233341 -0.657856
1 59 -0.0233341 -0.657856
2 59 -0.0233341 -0.657856
0 60 -0.489894 -0.810266
1 60 -0.489894 -0.810266
2 60 -0.489894 -0.810266
0 61 -0.337485 -0.471232
1 61 -0.337485 -0.471232
2 61 -0.337485 -0.471232
0 62 -0.68585 -0.636083
1 62 -0.68585 -0.636083
2 62 -0.68585 -0.636083
0 63 -0.626752 -0.6112
1 63 -0.626752 -0.6112
2 63 -0.626752 -0.6112
0 64 -0.402803 -0.623641
1 64 -0.402803 -0.623641
2 64 -0.402803 -0.623641
0 65 0.0699778 -0.601869
1 65 0.0699778 -0.601869
2 65 0.0699778 -0.601869
0 66 -0.474342 -0.297049
1 66 -0.474342 -0.297049
2 66 -0.474342 -0.297049
0 67 -0.353037 -0.511667
1 67 -0.353037 -0.511667
2 67 -0.353037 -0.511667
0 68 -0.0357758 -0.489894
1 68 -0.0357758 -0.489894
2 68 -0.0357758 -0.489894
0 69 -0.256614 -0.524109
1 69 -0.256614 -0.524109
2 69 -0.256614 -0.524109
0 70 -0.194406 -0.561433
1 70 -0.194406 -0.561433
2 70 -0.194406 -0.561433
0 71 -0.318822 -0.617421
1 71 -0.318822 -0.617421
2 71 -0.318822 -0.617421
0 72 -0.698291 -0.860032
1 72 -0.698291 -0.860032
2 72 -0.698291 -0.860032
0 73 -0.371699 -0.573875
1 73 -0.371699 -0.573875
2 73 -0.371699 -0.573875
0 74 -0.346816 -0.619287
1 74 -0.346816 -0.619287
2 74 -0.346816 -0.619287
0 75 -0.02209 -0.660344
1 75 -0.02209 -0.660344
2 75 -0.02209 -0.660344
0 76 -0.197517 -0.615554
1 76 -0.197517 -0.615554
2 76 -0.197517 -0.615554
0 77 -0.630484 -0.626752
1 77 -0.630484 -0.626752
2 77 -0.630484 -0.626752
0 78 -0.686472 -0.637949
1 78 -0.686472 -0.637949
2 78 -0.686472 -0.634217
0 79 0.112279 -0.425198
1 79 0.112279 -0.425198
2 79 0.112279 -0.425198
0 80 0.086152 -0.656612
1 80 0.086152 -0.656612
2 80 0.086152 -0.656612
0 81 -0.641682 -0.376676
1 81 -0.641682 -0.376676
2 81 -0.641682 -0.376676
0 82 -0.216179 -0.552102
1 82 -0.216179 -0.552102
2 82 -0.216179 -0.552102
0 83 -0.477453 -0.298294
1 83 -0.477453 -0.298294
2 83 -0.477453 -0.298294
0 84 0.571375 -0.525975
1 84 0.571375 -0.522242
2 84 0.571375 -0.522242
0 85 0.590037 -0.51851
1 85 0.590037 -0.514777
2 85 0.590037 -0.514777
