60
0 0 0.0114583 -0.667708
1 0 0.0114583 -0.666667
2 0 0.0114583 -0.665625
0 1 0.40875 -0.67375
1 1 0.40875 -0.67375
2 1 0.40875 -0.6725
0 2 0.555 -0.59875
1 2 0.555 -0.5975
2 2 0.555 -0.5975
0 3 0.68125 -0.54625
1 3 0.68125 -0.545
2 3 0.68125 -0.545
0 4 0.47875 -0.59625
1 4 0.47875 -0.595
2 4 0.47875 -0.595
0 5 0.3635 -0.622
1 5 0.36375 -0.62125
2 5 0.36375 -0.62125
0 6 0.6815 -0.5455
1 6 0.6815 -0.5455
2 6 0.6815 -0.544
0 7 0.638 -0.58
1 7 0.638 -0.5785
2 7 0.638 -0.5785
0 8 0.647 -0.5395
1 8 0.647 -0.538
2 8 0.647 -0.538
0 9 0.668 -0.5845
1 9 0.668 -0.5845
2 9 0.668 -0.583
0 10 0.554 -0.598
1 10 0.554 -0.598
2 10 0.554 -0.5965
0 11 -0.676 -0.853
1 11 -0.676 -0.853
2 11 -0.676 -0.8515
0 12 0.653 -0.541
1 12 0.653 -0.5395
2 12 0.653 -0.5395
0 13 -0.469 -0.307
1 13 -0.469 -0.3052
2 13 -0.469 -0.3052
0 14 0.5678 -0.5806
1 14 0.566 -0.5788
2 14 0.566 -0.5788
0 15 0.5588 -0.5824
1 15 0.5588 -0.5806
2 15 0.5588 -0.5806
0 16 -0.676 -0.8542
1 16 -0.676 -0.8524
2 16 -0.676 -0.8524
0 17 0.6272 -0.5806
1 17 0.6272 -0.5788
2 17 0.6272 -0.5788
0 18 0.6272 -0.5446
1 18 0.6272 -0.5428
2 18 0.6272 -0.5428
0 19 0.683 -0.5464
1 19 0.683 -0.5464
2 19 0.683 -0.5446
0 20 -0.4834 -0.8074
1 20 -0.4834 -0.8056
2 20 -0.4834 -0.8056
0 21 -0.217 -0.5644
1 21 -0.217 -0.5644
2 21 -0.217 -0.5626
0 22 -0.6544 -0.4636
1 22 -0.6544 -0.4618
2 22 -0.6544 -0.4618
0 23 0.11456 -0.66304
1 23 0.11456 -0.66304
2 23 0.11456 -0.66088
0 24 -0.69544 -0.8704
1 24 -0.69544 -0.8704
2 24 -0.69544 -0.8704
0 25 -0.19648 -0.56368
1 25 -0.19648 -0.56368
2 25 -0.19648 -0.56152
0 26 0.69128 -0.57232
1 26 0.69128 -0.57016
2 26 0.69128 -0.57016
0 27 -0.47728 -0.30664
1 27 -0.47728 -0.30448
2 27 -0.47728 -0.30448
0 28 0.11024 -0.6652
1 28 0.11024 -0.66304
2 28 0.11024 -0.66304
0 29 -0.19648 -0.626752
1 29 -0.19648 -0.62416
2 29 -0.19648 -0.62416
0 30 -0.256096 -0.536032
1 30 -0.256096 -0.53344
2 30 -0.256096 -0.53344
0 31 -0.191296 -0.57232
1 31 -0.191296 -0.569728
2 31 -0.191296 -0.569728
0 32 0.64592 -0.445312
1 32 0.64592 -0.44272
2 32 0.64592 -0.44272
0 33 -0.62416 -0.621568
1 33 -0.62416 -0.618976
2 33 -0.62416 -0.618976
0 34 -0.19648 -0.318304
1 34 -0.193888 -0.315712
2 34 -0.193888 -0.315712
0 35 -0.217216 -0.567136
1 35 -0.217216 -0.567136
2 35 -0.217216 -0.567136
0 36 -0.401248 -0.634528
1 36 -0.401248 -0.631936
2 36 -0.401248 -0.631936
0 37 0.627776 -0.595648
1 37 0.627776 -0.593056
2 37 0.627776 -0.593056
0 38 0.715904 -0.346816
1 38 0.715904 -0.346816
2 38 0.715904 -0.344224
0 39 0.674432 -0.548992
1 39 0.674432 -0.548992
2 39 0.674432 -0.548992
0 40 -0.486784 -0.821152
1 40 -0.486784 -0.81856
2 40 -0.486784 -0.81856
0 41 -0.682739 -0.645414
1 41 -0.682739 -0.642304
2 41 -0.682739 -0.642304
0 42 0.657844 -0.424576
1 42 0.657844 -0.424576
2 42 0.657844 -0.421465
0 43 -0.667187 -0.664077
1 43 -0.667187 -0.660966
2 43 -0.667187 -0.660966
0 44 -0.598758 -0.623641
1 44 -0.598758 -0.623641
2 44 -0.598758 -0.623641
0 45 0.461888 -0.6112
1 45 0.461888 -0.6112
2 45 0.461888 -0.6112
0 46 -0.623641 -0.620531
1 46 -0.623641 -0.620531
2 46 -0.623641 -0.620531
0 47 -0.486784 -0.819597
1 47 -0.486784 -0.819597
2 47 -0.486784 -0.819597
0 48 -0.256614 -0.53344
1 48 -0.256614 -0.53344
2 48 -0.256614 -0.53344
0 49 -0.695181 -0.869363
1 49 -0.695181 -0.869363
2 49 -0.695181 -0.869363
0 50 -0.193784 -0.623019
1 50 -0.193784 -0.623019
2 50 -0.193784 -0.623019
0 51 -0.682739 -0.645414
1 51 -0.682739 -0.645414
2 51 -0.682739 -0.645414
0 52 -0.600625 -0.626752
1 52 -0.600625 -0.623019
2 52 -0.600625 -0.623019
0 53 -0.384141 -0.469988
1 53 -0.384141 -0.466255
2 53 -0.384141 -0.466255
0 54 -0.335618 -0.481185
1 54 -0.335618 -0.481185
2 54 -0.335618 -0.481185
0 55 0.657222 -0.425198
1 55 0.657222 -0.425198
2 55 0.657222 -0.425198
0 56 -0.216179 -0.559567
1 56 -0.216179 -0.559567
2 56 -0.216179 -0.559567
0 57 -0.350548 -0.522242
1 57 -0.350548 -0.522242
2 57 -0.350548 -0.51851
0 58 -0.47372 -0.305759
1 58 -0.47372 -0.305759
2 58 -0.47372 -0.305759
0 59 -0.649147 -0.361746
1 59 -0.649147 -0.361746
2 59 -0.649147 -0.361746
