117
0 0 0.68125 -0.569792
1 0 0.68125 -0.570833
2 0 0.68125 -0.570833
0 1 -0.214583 -0.502083
1 1 -0.214583 -0.503125
2 1 -0.214583 -0.503125
0 2 -0.0291667 -0.682292
1 2 -0.0291667 -0.683333
2 2 -0.0291667 -0.683333
0 3 0.5125 -0.586458
1 3 0.5125 -0.5875
2 3 0.5125 -0.5875
0 4 0.3625 -0.617708
1 4 0.3625 -0.61875
2 4 0.3625 -0.61875
0 5 -0.208333 -0.510417
1 5 -0.208333 -0.511458
2 5 -0.208333 -0.511458
0 6 0.677083 -0.566667
1 6 0.677083 -0.567708
2 6 0.677083 -0.567708
0 7 0.3625 -0.6175
1 7 0.3625 -0.61875
2 7 0.3625 -0.61875
0 8 0.5575 -0.57875
1 8 0.5575 -0.58
2 8 0.5575 -0.58
0 9 0.68375 -0.55375
1 9 0.68375 -0.555
2 9 0.68375 -0.555
0 10 0.6275 -0.55
1 10 0.6275 -0.55125
2 10 0.6275 -0.55125
0 11 0.62625 -0.5775
1 11 0.62625 -0.57875
2 11 0.62625 -0.57875
0 12 -0.22 -0.55875
1 12 -0.22 -0.55875
2 12 -0.22 -0.56
0 13 0.575 -0.57625
1 13 0.575 -0.5775
2 13 0.575 -0.5775
0 14 0.6375 -0.57625
1 14 0.6375 -0.5775
2 14 0.6375 -0.5775
0 15 0.53375 -0.5925
1 15 0.53375 -0.59375
2 15 0.53375 -0.59375
0 16 0.65375 -0.57375
1 16 0.65375 -0.575
2 16 0.65375 -0.575
0 17 0.68 -0.57
1 17 0.68 -0.57125
2 17 0.68 -0.57125
0 18 0.5125 -0.58625
1 18 0.5125 -0.5875
2 18 0.5125 -0.5875
0 19 0.64125 -0.5375
1 19 0.64125 -0.53875
2 19 0.64125 -0.53875
0 20 0.62625 -0.54
1 20 0.62625 -0.54125
2 20 0.62625 -0.54125
0 21 0.455 -0.58
1 21 0.455 -0.5815
2 21 0.455 -0.5815
0 22 0.476 -0.5905
1 22 0.476 -0.592
2 22 0.476 -0.592
0 23 0.6365 -0.5755
1 23 0.6365 -0.577
2 23 0.6365 -0.577
0 24 0.6875 -0.5665
1 24 0.6875 -0.568
2 24 0.6875 -0.568
0 25 0.6785 -0.5695
1 25 0.6785 -0.571
2 25 0.6785 -0.571
0 26 0.653 -0.5815
1 26 0.653 -0.583
2 26 0.653 -0.583
0 27 0.6155 -0.541
1 27 0.6155 -0.5425
2 27 0.6155 -0.5425
0 28 -0.679 -0.8485
1 28 -0.679 -0.8485
2 28 -0.679 -0.8485
0 29 0.4895 -0.574
1 29 0.4895 -0.5755
2 29 0.4895 -0.5755
0 30 0.3695 -0.616
1 30 0.3695 -0.6175
2 30 0.3695 -0.6175
0 31 0.68 -0.5785
1 31 0.68 -0.58
2 31 0.68 -0.58
0 32 0.0935 -0.661
1 32 0.0935 -0.6625
2 32 0.0935 -0.6625
0 33 0.6755 -0.5575
1 33 0.6755 -0.559
2 33 0.6755 -0.559
0 34 0.6395 -0.5845
1 34 0.6395 -0.586
2 34 0.6395 -0.586
0 35 0.1145 -0.6595
1 35 0.1145 -0.661
2 35 0.1145 -0.661
0 36 -0.628 -0.613
1 36 -0.628 -0.6145
2 36 -0.628 -0.6145
0 37 0.6665 -0.58
1 37 0.6665 -0.5815
2 37 0.6665 -0.5815
0 38 -0.6346 -0.289
1 38 -0.6346 -0.2908
2 38 -0.6346 -0.2908
0 39 0.6254 -0.5392
1 39 0.6254 -0.541
2 39 0.6254 -0.541
0 40 0.557 -0.577
1 40 0.557 -0.5788
2 40 0.557 -0.5788
0 41 0.6884 -0.5662
1 41 0.6884 -0.568
2 41 0.6884 -0.568
0 42 -0.6274 -0.613
1 42 -0.6274 -0.6148
2 42 -0.6274 -0.6148
0 43 0.6506 -0.5734
1 43 0.6506 -0.5734
2 43 0.6506 -0.5734
0 44 0.5534 -0.5644
1 44 0.5534 -0.5662
2 44 0.5534 -0.5662
0 45 0.6182 -0.5518
1 45 0.6182 -0.5518
2 45 0.6182 -0.5536
0 46 -0.0243999 -0.6598
1 46 -0.0243999 -0.6616
2 46 -0.0243999 -0.6616
0 47 0.6776 -0.568
1 47 0.6776 -0.5698
2 47 0.6776 -0.5698
0 48 0.1142 -0.6598
1 48 0.1142 -0.6598
2 48 0.1142 -0.6616
0 49 -0.478 -0.2998
1 49 -0.478 -0.3016
2 49 -0.478 -0.3016
0 50 -0.6796 -0.8488
1 50 -0.6796 -0.8488
2 50 -0.6796 -0.8506
0 51 0.566 -0.577
1 51 0.566 -0.577
2 51 0.566 -0.577
0 52 -0.6994 -0.8668
1 52 -0.6994 -0.8668
2 52 -0.6994 -0.8686
0 53 -0.1972 -0.6238
1 53 -0.1972 -0.6238
2 53 -0.1972 -0.6238
0 54 -0.4708 -0.2998
1 54 -0.4708 -0.3016
2 54 -0.4708 -0.3016
0 55 -0.2188 -0.559
1 55 -0.2188 -0.5608
2 55 -0.2188 -0.5608
0 56 0.0929601 -0.66088
1 56 0.0929601 -0.66304
2 56 0.0929601 -0.66304
0 57 0.65456 -0.58528
1 57 0.65456 -0.58528
2 57 0.65456 -0.58528
0 58 0.55736 -0.5788
1 58 0.55736 -0.5788
2 58 0.55736 -0.5788
0 59 0.10808 -0.66088
1 59 0.10808 -0.66088
2 59 0.10808 -0.66088
0 60 -0.63496 -0.28936
1 60 -0.63496 -0.29152
2 60 -0.63496 -0.29152
0 61 -0.64144 -0.29152
1 61 -0.64144 -0.29152
2 61 -0.63928 -0.29152
0 62 -0.21808 -0.55936
1 62 -0.21808 -0.56152
2 62 -0.21808 -0.56152
0 63 -0.69976 -0.86608
1 63 -0.6976 -0.86608
2 63 -0.69976 -0.86824
0 64 -0.19864 -0.55936
1 64 -0.19864 -0.55936
2 64 -0.19864 -0.55936
0 65 0.1124 -0.65872
1 65 0.1124 -0.65872
2 65 0.1124 -0.65872
0 66 0.62648 -0.57664
1 66 0.62648 -0.57664
2 66 0.62648 -0.57664
0 67 -0.22888 -0.62416
1 67 -0.22888 -0.62416
2 67 -0.22888 -0.62416
0 68 -0.40168 -0.63064
1 68 -0.40168 -0.63064
2 68 -0.40168 -0.63064
0 69 0.67832 -0.568
1 69 0.67832 -0.57016
2 69 0.67832 -0.57016
0 70 -0.61552 -0.6004
1 70 -0.61552 -0.6004
2 70 -0.61552 -0.6004
0 71 -0.25912 -0.62416
1 71 -0.25912 -0.62632
2 71 -0.25912 -0.62632
0 72 -0.33904 -0.473824
1 72 -0.33904 -0.473824
2 72 -0.33904 -0.473824
0 73 -0.489376 -0.815968
1 73 -0.489376 -0.815968
2 73 -0.489376 -0.815968
0 74 -0.199072 -0.55936
1 74 -0.199072 -0.55936
2 74 -0.199072 -0.55936
0 75 0.459296 -0.608608
1 75 0.459296 -0.608608
2 75 0.459296 -0.608608
0 76 -0.476416 -0.30016
1 76 -0.476416 -0.30016
2 76 -0.476416 -0.30016
0 77 -0.626752 -0.613792
1 77 -0.626752 -0.616384
2 77 -0.626752 -0.616384
0 78 -0.219808 -0.561952
1 78 -0.219808 -0.564544
2 78 -0.219808 -0.564544
0 79 -0.686368 -0.639712
1 79 -0.686368 -0.639712
2 79 -0.686368 -0.639712
0 80 -0.600832 -0.618976
1 80 -0.600832 -0.618976
2 80 -0.600832 -0.618976
0 81 -0.19648 -0.621568
1 81 -0.19648 -0.621568
2 81 -0.19648 -0.621568
0 82 -0.204256 -0.556768
1 82 -0.204256 -0.556768
2 82 -0.204256 -0.556768
0 83 -0.401248 -0.629344
1 83 -0.401248 -0.629344
2 83 -0.401248 -0.629344
0 84 -0.63712 -0.289792
1 84 -0.63712 -0.292384
2 84 -0.63712 -0.292384
0 85 -0.699328 -0.865216
1 85 -0.699328 -0.865216
2 85 -0.699328 -0.865216
0 86 -0.193888 -0.567136
1 86 -0.193888 -0.567136
2 86 -0.193888 -0.567136
0 87 -0.258688 -0.62416
1 87 -0.258688 -0.62416
2 87 -0.258688 -0.62416
0 88 -0.681184 -0.849664
1 88 -0.681184 -0.849664
2 88 -0.681184 -0.849664
0 89 -0.19648 -0.31312
1 89 -0.19648 -0.31312
2 89 -0.19648 -0.31312
0 90 0.458778 -0.60809
1 90 0.458778 -0.60809
2 90 0.458778 -0.60809
0 91 -0.626752 -0.61431
1 91 -0.626752 -0.617421
2 91 -0.626752 -0.617421
0 92 -0.474342 -0.30016
1 92 -0.474342 -0.30016
2 92 -0.474342 -0.30016
0 93 -0.68585 -0.639194
1 93 -0.68585 -0.639194
2 93 -0.68585 -0.639194
0 94 -0.642304 -0.38103
1 94 -0.642304 -0.38103
2 94 -0.642304 -0.38103
0 95 -0.489894 -0.813376
1 95 -0.489894 -0.816486
2 95 -0.489894 -0.816486
0 96 0.63296 -0.589427
1 96 0.63296 -0.589427
2 96 0.63296 -0.589427
0 97 -0.197517 -0.620531
1 97 -0.197517 -0.620531
2 97 -0.197517 -0.620531
0 98 -0.483673 -0.794714
1 98 -0.483673 -0.797824
2 98 -0.483673 -0.797824
0 99 0.0886403 -0.660966
1 99 0.0886403 -0.660966
2 99 0.0886403 -0.660966
0 100 -0.256614 -0.527219
1 100 -0.256614 -0.530329
2 100 -0.256614 -0.530329
0 101 -0.219289 -0.564544
1 101 -0.219289 -0.564544
2 101 -0.219289 -0.564544
0 102 -0.272166 -0.312601
1 102 -0.272166 -0.312601
2 102 -0.272166 -0.312601
0 103 -0.402803 -0.626752
1 103 -0.402803 -0.626752
2 103 -0.402803 -0.626752
0 104 0.590037 -0.522242
1 104 0.590037 -0.522242
2 104 0.590037 -0.522242
0 105 -0.156459 -0.619287
1 105 -0.156459 -0.619287
2 105 -0.156459 -0.619287
0 106 -0.216179 -0.555835
1 106 -0.216179 -0.555835
2 106 -0.216179 -0.555835
0 107 -0.630484 -0.630484
1 107 -0.630484 -0.630484
2 107 -0.630484 -0.630484
0 108 0.112279 -0.42893
1 108 0.112279 -0.42893
2 108 0.112279 -0.42893
0 109 -0.197517 -0.619287
1 109 -0.197517 -0.619287
2 109 -0.197517 -0.619287
0 110 -0.335618 -0.477453
1 110 -0.335618 -0.477453
2 110 -0.335618 -0.477453
0 111 0.0712221 -0.608089
1 111 0.0712221 -0.608089
2 111 0.0712221 -0.608089
0 112 -0.477453 -0.302026
1 112 -0.477453 -0.302026
2 112 -0.477453 -0.302026
0 113 -0.402803 -0.626752
1 113 -0.402803 -0.626752
2 113 -0.402803 -0.626752
0 114 -0.372943 -0.57823
1 114 -0.372943 -0.57823
2 114 -0.372943 -0.57823
0 115 -0.641682 -0.380408
1 115 -0.641682 -0.380408
2 115 -0.641682 -0.380408
0 116 -0.652879 -0.358013
1 116 -0.652879 -0.358013
2 116 -0.652879 -0.358013
