149
0 0 0.455208 -0.584375
1 0 0.455208 -0.584375
2 0 0.455208 -0.584375
0 1 0.552083 -0.596875
1 1 0.552083 -0.596875
2 1 0.552083 -0.596875
0 2 0.566667 -0.580208
1 2 0.566667 -0.580208
2 2 0.566667 -0.580208
0 3 0.0739583 -0.73125
1 3 0.0739583 -0.73125
2 3 0.0739583 -0.73125
0 4 0.680208 -0.571875
1 4 0.680208 -0.571875
2 4 0.680208 -0.571875
0 5 0.571875 -0.564583
1 5 0.571875 -0.564583
2 5 0.571875 -0.564583
0 6 -0.15625 -0.525
1 6 -0.15625 -0.525
2 6 -0.15625 -0.525
0 7 0.6175 -0.5525
1 7 0.6175 -0.5525
2 7 0.6175 -0.5525
0 8 0.55625 -0.5775
1 8 0.55625 -0.5775
2 8 0.55625 -0.5775
0 9 0.455 -0.58125
1 9 0.455 -0.58125
2 9 0.455 -0.58125
0 10 0.53125 -0.6
1 10 0.53125 -0.6
2 10 0.53125 -0.6
0 11 -0.67875 -0.85
1 11 -0.67875 -0.85
2 11 -0.67875 -0.85
0 12 0.36125 -0.62
1 12 0.36125 -0.62
2 12 0.36125 -0.62
0 13 0.3225 -0.84625
1 13 0.3225 -0.84625
2 13 0.3225 -0.84625
0 14 0.57375 -0.575
1 14 0.57375 -0.575
2 14 0.57375 -0.575
0 15 0.40625 -0.67125
1 15 0.40625 -0.67125
2 15 0.405 -0.67125
0 16 0.662 -0.574
1 16 0.662 -0.5725
2 16 0.662 -0.574
0 17 0.5555 -0.5785
1 17 0.5555 -0.5785
2 17 0.5555 -0.5785
0 18 0.5735 -0.5785
1 18 0.5735 -0.5785
2 18 0.5735 -0.5785
0 19 -0.487 -0.811
1 19 -0.487 -0.811
2 19 -0.487 -0.811
0 20 0.683 -0.556
1 20 0.683 -0.556
2 20 0.683 -0.556
0 21 0.533 -0.595
1 21 0.533 -0.595
2 21 0.533 -0.595
0 22 0.6545 -0.55
1 22 0.6545 -0.55
2 22 0.6545 -0.55
0 23 0.518 -0.586
1 23 0.518 -0.586
2 23 0.518 -0.586
0 24 0.644 -0.5515
1 24 0.644 -0.5515
2 24 0.644 -0.5515
0 25 -0.679 -0.85
1 25 -0.679 -0.85
2 25 -0.679 -0.85
0 26 0.6395 -0.5395
1 26 0.6395 -0.5395
2 26 0.6395 -0.5395
0 27 0.5642 -0.5788
1 27 0.5642 -0.5788
2 27 0.5642 -0.5788
0 28 0.6776 -0.5698
1 28 0.6776 -0.5698
2 28 0.6776 -0.5698
0 29 -0.0981999 -0.532
1 29 -0.0981999 -0.532
2 29 -0.0981999 -0.532
0 30 -0.6364 -0.2926
1 30 -0.6364 -0.2926
2 30 -0.6364 -0.2926
0 31 0.0530001 -0.4492
1 31 0.0530001 -0.4492
2 31 0.0530001 -0.4492
0 32 0.557 -0.5806
1 32 0.557 -0.5806
2 32 0.557 -0.5806
0 33 0.6236 -0.5896
1 33 0.6236 -0.5896
2 33 0.6236 -0.5896
0 34 -0.2044 -0.559
1 34 -0.2044 -0.559
2 34 -0.2044 -0.559
0 35 -0.2206 -0.5626
1 35 -0.2206 -0.5626
2 35 -0.2206 -0.5626
0 36 -0.4312 -0.5932
1 36 -0.4312 -0.5932
2 36 -0.4312 -0.5932
0 37 -0.487 -0.811
1 37 -0.487 -0.811
2 37 -0.487 -0.811
0 38 -0.3754 -0.631
1 38 -0.3754 -0.631
2 38 -0.3754 -0.631
0 39 0.6614 -0.5734
1 39 0.6614 -0.5734
2 39 0.6614 -0.5734
0 40 -0.6796 -0.8506
1 40 -0.6796 -0.8506
2 40 -0.6796 -0.8506
0 41 0.6254 -0.5788
1 41 0.6254 -0.5788
2 41 0.6254 -0.5788
0 42 0.6146 -0.5428
1 42 0.6146 -0.5428
2 42 0.6146 -0.5428
0 43 0.5102 -0.586
1 43 0.5102 -0.586
2 43 0.5102 -0.586
0 44 0.6506 -0.5752
1 44 0.6506 -0.5752
2 44 0.6506 -0.5752
0 45 0.6272 -0.5518
1 45 0.6272 -0.5518
2 45 0.6272 -0.5518
0 46 0.6794 -0.5806
1 46 0.6794 -0.5806
2 46 0.6794 -0.5806
0 47 -0.4024 -0.6328
1 47 -0.4024 -0.6328
2 47 -0.4024 -0.6328
0 48 0.6416 -0.442
1 48 0.6416 -0.442
2 48 0.6416 -0.442
0 49 -0.658 -0.46
1 49 -0.658 -0.46
2 49 -0.658 -0.46
0 50 0.6704 -0.5464
1 50 0.6704 -0.5464
2 50 0.6704 -0.5464
0 51 -0.6166 -0.5068
1 51 -0.6166 -0.5068
2 51 -0.6166 -0.5068
0 52 -0.6994 -0.8686
1 52 -0.6994 -0.8686
2 52 -0.6994 -0.8686
0 53 -0.48808 -0.80992
1 53 -0.48808 -0.80992
2 53 -0.48808 -0.80992
0 54 -0.47296 -0.30232
1 54 -0.47296 -0.30232
2 54 -0.47296 -0.30232
0 55 -0.47944 -0.30232
1 55 -0.47944 -0.30232
2 55 -0.47944 -0.30232
0 56 -0.22024 -0.56368
1 56 -0.22024 -0.56368
2 56 -0.22024 -0.56368
0 57 0.63944 -0.58744
1 57 0.63944 -0.58744
2 57 0.63944 -0.58744
0 58 0.62432 -0.5896
1 58 0.62432 -0.5896
2 58 0.62432 -0.5896
0 59 -0.19648 -0.31312
1 59 -0.19432 -0.31312
2 59 -0.19648 -0.31312
0 60 -0.19864 -0.62416
1 60 -0.19864 -0.62416
2 60 -0.19864 -0.62416
0 61 -0.61552 -0.6004
1 61 -0.61552 -0.6004
2 61 -0.61552 -0.6004
0 62 -0.0236799 -0.66304
1 62 -0.0236799 -0.66304
2 62 -0.0236799 -0.66304
0 63 0.10808 -0.66304
1 63 0.10808 -0.66088
2 63 0.10808 -0.66304
0 64 0.6524 -0.58528
1 64 0.6524 -0.58528
2 64 0.6524 -0.58528
0 65 0.512 -0.58744
1 65 0.512 -0.58744
2 65 0.512 -0.58744
0 66 -0.22888 -0.62632
1 66 -0.22888 -0.62632
2 66 -0.22888 -0.62632
0 67 -0.37576 -0.63064
1 67 -0.37576 -0.63064
2 67 -0.37576 -0.63064
0 68 0.67832 -0.57016
1 68 0.67832 -0.57016
2 68 0.67832 -0.57016
0 69 -0.20512 -0.55936
1 69 -0.20512 -0.55936
2 69 -0.20512 -0.55936
0 70 0.0908001 -0.66304
1 70 0.0908001 -0.66304
2 70 0.0908001 -0.66304
0 71 0.55088 -0.59608
1 71 0.55088 -0.59608
2 71 0.55088 -0.59608
0 72 -0.0992798 -0.53128
1 72 -0.0992798 -0.53128
2 72 -0.0992798 -0.53128
0 73 0.64808 -0.56152
1 73 0.64808 -0.56152
2 73 0.64808 -0.56152
0 74 -0.69976 -0.86824
1 74 -0.69976 -0.86824
2 74 -0.69976 -0.86824
0 75 -0.62848 -0.61552
1 75 -0.62848 -0.61552
2 75 -0.62848 -0.61552
0 76 0.62216 -0.56584
1 76 0.62216 -0.56584
2 76 0.62216 -0.56584
0 77 0.4796 -0.60256
1 77 0.4796 -0.60256
2 77 0.4796 -0.60256
0 78 0.5552 -0.59176
1 78 0.5552 -0.59176
2 78 0.5552 -0.59176
0 79 -0.6004 -0.61984
1 79 -0.6004 -0.61984
2 79 -0.6004 -0.61984
0 80 -0.375328 -0.629344
1 80 -0.375328 -0.629344
2 80 -0.375328 -0.629344
0 81 -0.193888 -0.567136
1 81 -0.193888 -0.567136
2 81 -0.193888 -0.567136
0 82 -0.616384 -0.595648
1 82 -0.616384 -0.595648
2 82 -0.616384 -0.595648
0 83 -0.616384 -0.600832
1 83 -0.616384 -0.600832
2 83 -0.616384 -0.600832
0 84 -0.479008 -0.302752
1 84 -0.479008 -0.302752
2 84 -0.479008 -0.302752
0 85 0.109376 -0.66304
1 85 0.109376 -0.66304
2 85 0.109376 -0.66304
0 86 -0.40384 -0.631936
1 86 -0.40384 -0.629344
2 86 -0.40384 -0.631936
0 87 -0.199072 -0.62416
1 87 -0.199072 -0.62416
2 87 -0.199072 -0.62416
0 88 -0.626752 -0.616384
1 88 -0.626752 -0.616384
2 88 -0.626752 -0.616384
0 89 -0.336448 -0.476416
1 89 -0.336448 -0.476416
2 89 -0.336448 -0.476416
0 90 0.640736 -0.590464
1 90 0.640736 -0.590464
2 90 0.640736 -0.590464
0 91 -0.219808 -0.564544
1 91 -0.219808 -0.564544
2 91 -0.219808 -0.564544
0 92 0.625184 -0.593056
1 92 0.625184 -0.593056
2 92 0.625184 -0.593056
0 93 -0.699328 -0.867808
1 93 -0.699328 -0.867808
2 93 -0.699328 -0.867808
0 94 -0.258688 -0.530848
1 94 -0.258688 -0.530848
2 94 -0.258688 -0.53344
0 95 -0.0331838 -0.497152
1 95 -0.0331838 -0.497152
2 95 -0.0331838 -0.497152
0 96 -0.354592 -0.517888
1 96 -0.354592 -0.517888
2 96 -0.354592 -0.517888
0 97 -0.673408 -0.660448
1 97 -0.673408 -0.660448
2 97 -0.673408 -0.660448
0 98 -0.595648 -0.49456
1 98 -0.595648 -0.49456
2 98 -0.595648 -0.49456
0 99 -0.230176 -0.62416
1 99 -0.230176 -0.62416
2 99 -0.230176 -0.62416
0 100 -0.204256 -0.556768
1 100 -0.204256 -0.556768
2 100 -0.204256 -0.556768
0 101 0.63296 -0.590464
1 101 0.63296 -0.590464
2 101 0.63296 -0.590464
0 102 -0.484192 -0.797824
1 102 -0.484192 -0.797824
2 102 -0.484192 -0.797824
0 103 0.0912323 -0.66304
1 103 0.0912323 -0.66304
2 103 0.0912323 -0.66304
0 104 0.643328 -0.44272
1 104 0.643328 -0.44272
2 104 0.643328 -0.44272
0 105 0.713312 -0.344224
1 105 0.713312 -0.344224
2 105 0.713312 -0.344224
0 106 -0.402803 -0.629862
1 106 -0.402803 -0.629862
2 106 -0.402803 -0.629862
0 107 -0.489894 -0.816486
1 107 -0.489894 -0.816486
2 107 -0.489894 -0.816486
0 108 -0.0233341 -0.664077
1 108 -0.0233341 -0.664077
2 108 -0.0233341 -0.664077
0 109 0.113523 -0.430797
1 109 0.113523 -0.430797
2 109 0.113523 -0.430797
0 110 -0.337485 -0.477453
1 110 -0.337485 -0.477453
2 110 -0.337485 -0.477453
0 111 -0.474342 -0.30327
1 111 -0.474342 -0.30327
2 111 -0.474342 -0.30327
0 112 0.545869 -0.499225
1 112 0.545869 -0.499225
2 112 0.545869 -0.499225
0 113 -0.61431 -0.598758
1 113 -0.61431 -0.598758
2 113 -0.61431 -0.598758
0 114 -0.626752 -0.617421
1 114 -0.626752 -0.617421
2 114 -0.626752 -0.617421
0 115 -0.68585 -0.642304
1 115 -0.68896 -0.642304
2 115 -0.68585 -0.642304
0 116 -0.698291 -0.866253
1 116 -0.698291 -0.866253
2 116 -0.698291 -0.866253
0 117 0.639181 -0.452569
1 117 0.639181 -0.452569
2 117 0.639181 -0.452569
0 118 -0.374809 -0.626752
1 118 -0.374809 -0.626752
2 118 -0.374809 -0.626752
0 119 -0.197517 -0.620531
1 119 -0.197517 -0.620531
2 119 -0.197517 -0.620531
0 120 -0.387251 -0.465011
1 120 -0.387251 -0.465011
2 120 -0.387251 -0.465011
0 121 -0.486784 -0.797824
1 121 -0.486784 -0.797824
2 121 -0.486784 -0.797824
0 122 0.713831 -0.343705
1 122 0.713831 -0.343705
2 122 0.713831 -0.343705
0 123 -0.256614 -0.530329
1 123 -0.256614 -0.530329
2 123 -0.256614 -0.530329
0 124 -0.657856 -0.517888
1 124 -0.657856 -0.517888
2 124 -0.657856 -0.517888
0 125 -0.595648 -0.493005
1 125 -0.595648 -0.493005
2 125 -0.595648 -0.493005
0 126 -0.356147 -0.517888
1 126 -0.356147 -0.517888
2 126 -0.356147 -0.517888
0 127 -0.371699 -0.580096
1 127 -0.371699 -0.580096
2 127 -0.371699 -0.580096
0 128 -0.657856 -0.657856
1 128 -0.657856 -0.657856
2 128 -0.657856 -0.657856
0 129 -0.354281 -0.51851
1 129 -0.354281 -0.51851
2 129 -0.354281 -0.51851
0 130 -0.634217 -0.634217
1 130 -0.634217 -0.634217
2 130 -0.634217 -0.634217
0 131 -0.656612 -0.514777
1 131 -0.656612 -0.514777
2 131 -0.656612 -0.514777
0 132 -0.02209 -0.667809
1 132 -0.02209 -0.667809
2 132 -0.02209 -0.667809
0 133 0.545247 -0.499848
1 133 0.545247 -0.499848
2 133 0.545247 -0.499848
0 134 -0.626752 -0.619287
1 134 -0.626752 -0.619287
2 134 -0.626752 -0.619287
0 135 -0.231109 -0.623019
1 135 -0.231109 -0.623019
2 135 -0.231109 -0.623019
0 136 -0.615554 -0.600625
1 136 -0.615554 -0.600625
2 136 -0.615554 -0.600625
0 137 -0.552102 -0.589427
1 137 -0.552102 -0.589427
2 137 -0.552102 -0.589427
0 138 0.086152 -0.664077
1 138 0.086152 -0.664077
2 138 0.086152 -0.664077
0 139 -0.697669 -0.865631
1 139 -0.697669 -0.865631
2 139 -0.697669 -0.865631
0 140 -0.671542 -0.660344
1 140 -0.671542 -0.660344
2 140 -0.671542 -0.660344
0 141 -0.604357 -0.623019
1 141 -0.604357 -0.623019
2 141 -0.604357 -0.623019
0 142 -0.335618 -0.481185
1 142 -0.335618 -0.481185
2 142 -0.335618 -0.481185
0 143 -0.372943 -0.626752
1 143 -0.372943 -0.626752
2 143 -0.372943 -0.626752
0 144 -0.387873 -0.466255
1 144 -0.387873 -0.466255
2 144 -0.387873 -0.466255
0 145 0.590037 -0.522242
1 145 0.590037 -0.522242
2 145 0.590037 -0.522242
0 146 -0.402803 -0.626752
1 146 -0.402803 -0.626752
2 146 -0.402803 -0.626752
0 147 -0.492383 -0.817108
1 147 -0.492383 -0.817108
2 147 -0.492383 -0.817108
0 148 -0.484918 -0.798446
1 148 -0.484918 -0.798446
2 148 -0.484918 -0.798446
