54
0 0 0.654167 -0.580208
1 0 0.653125 -0.579167
2 0 0.653125 -0.579167
0 1 0.161458 -0.615625
1 1 0.161458 -0.614583
2 1 0.161458 -0.614583
0 2 0.5125 -0.585
1 2 0.5125 -0.58375
2 2 0.5125 -0.58375
0 3 -0.2075 -0.51
1 3 -0.2075 -0.50875
2 3 -0.2075 -0.50875
0 4 0.641 -0.5365
1 4 0.641 -0.535
2 4 0.641 -0.535
0 5 -0.64 -0.2905
1 5 -0.64 -0.289
2 5 -0.6415 -0.289
0 6 -0.6775 -0.847
1 6 -0.6775 -0.847
2 6 -0.6775 -0.8455
0 7 -0.6778 -0.847
1 7 -0.6778 -0.847
2 7 -0.6778 -0.847
0 8 -0.6562 -0.4582
1 8 -0.6562 -0.4564
2 8 -0.6562 -0.4564
0 9 -0.3736 -0.6292
1 9 -0.3736 -0.6274
2 9 -0.3736 -0.6274
0 10 0.6794 -0.568
1 10 0.6776 -0.5662
2 10 0.6776 -0.5662
0 11 0.6812 -0.577
1 11 0.6812 -0.577
2 11 0.6812 -0.577
0 12 -0.3916 -0.505
1 12 -0.3916 -0.505
2 12 -0.3916 -0.505
0 13 -0.2188 -0.559
1 13 -0.2188 -0.559
2 13 -0.2188 -0.5572
0 14 0.512 -0.58312
1 14 0.512 -0.58312
2 14 0.512 -0.58312
0 15 -0.63496 -0.28936
1 15 -0.63496 -0.28936
2 15 -0.63496 -0.2872
0 16 0.11456 -0.65872
1 16 0.11456 -0.65656
2 16 0.11456 -0.65656
0 17 -0.63928 -0.28936
1 17 -0.63928 -0.28936
2 17 -0.64144 -0.28936
0 18 -0.19648 -0.3088
1 18 -0.19864 -0.3088
2 18 -0.19864 -0.3088
0 19 -0.6976 -0.86608
1 19 -0.6976 -0.86392
2 19 -0.6976 -0.86392
0 20 0.68264 -0.54208
1 20 0.68264 -0.53992
2 20 0.68264 -0.53992
0 21 0.62864 -0.55072
1 21 0.62864 -0.54856
2 21 0.62864 -0.54856
0 22 -0.48592 -0.80776
1 22 -0.48592 -0.8056
2 22 -0.48592 -0.8056
0 23 0.0929601 -0.66088
1 23 0.0929601 -0.65872
2 23 0.0929601 -0.65872
0 24 -0.4816 -0.795232
1 24 -0.4816 -0.795232
2 24 -0.4816 -0.795232
0 25 -0.344224 -0.476416
1 25 -0.344224 -0.476416
2 25 -0.344224 -0.476416
0 26 -0.486784 -0.813376
1 26 -0.486784 -0.813376
2 26 -0.486784 -0.813376
0 27 -0.696736 -0.865216
1 27 -0.696736 -0.865216
2 27 -0.696736 -0.862624
0 28 -0.471232 -0.30016
1 28 -0.471232 -0.30016
2 28 -0.471232 -0.30016
0 29 -0.336448 -0.471232
1 29 -0.336448 -0.471232
2 29 -0.336448 -0.471232
0 30 -0.401248 -0.626752
1 30 -0.401248 -0.626752
2 30 -0.401248 -0.626752
0 31 -0.19648 -0.618976
1 31 -0.19648 -0.618976
2 31 -0.19648 -0.618976
0 32 -0.678592 -0.849664
1 32 -0.678592 -0.847072
2 32 -0.678592 -0.847072
0 33 -0.655264 -0.652672
1 33 -0.655264 -0.652672
2 33 -0.655264 -0.652672
0 34 -0.256096 -0.528256
1 34 -0.256096 -0.528256
2 34 -0.256096 -0.528256
0 35 -0.551584 -0.587872
1 35 -0.551584 -0.58528
2 35 -0.551584 -0.58528
0 36 -0.695181 -0.863142
1 36 -0.695181 -0.863142
2 36 -0.695181 -0.863142
0 37 -0.371699 -0.576985
1 37 -0.371699 -0.576985
2 37 -0.371699 -0.576985
0 38 -0.601869 -0.617421
1 38 -0.601869 -0.617421
2 38 -0.601869 -0.617421
0 39 -0.657856 -0.514777
1 39 -0.657856 -0.514777
2 39 -0.657856 -0.514777
0 40 -0.256614 -0.527219
1 40 -0.256614 -0.527219
2 40 -0.256614 -0.527219
0 41 0.0699778 -0.604979
1 41 0.0699778 -0.604979
2 41 0.0699778 -0.604979
0 42 -0.197517 -0.617421
1 42 -0.197517 -0.617421
2 42 -0.197517 -0.617421
0 43 -0.623641 -0.61431
1 43 -0.623641 -0.61431
2 43 -0.623641 -0.61431
0 44 -0.483673 -0.794714
1 44 -0.483673 -0.794714
2 44 -0.483673 -0.794714
0 45 -0.353037 -0.514777
1 45 -0.353037 -0.514777
2 45 -0.353037 -0.514777
0 46 0.0712221 -0.604357
1 46 0.0712221 -0.604357
2 46 0.0712221 -0.604357
0 47 -0.02209 -0.664077
1 47 -0.02209 -0.664077
2 47 -0.02209 -0.664077
0 48 0.54898 -0.496115
1 48 0.54898 -0.496115
2 48 0.54898 -0.496115
0 49 -0.611822 -0.596892
1 49 -0.611822 -0.596892
2 49 -0.611822 -0.596892
0 50 -0.477453 -0.302026
1 50 -0.477453 -0.302026
2 50 -0.477453 -0.302026
0 51 -0.623019 -0.615554
1 51 -0.623019 -0.615554
2 51 -0.623019 -0.615554
0 52 0.086152 -0.660344
1 52 0.086152 -0.660344
2 52 0.086152 -0.660344
0 53 0.716941 -0.343083
1 53 0.716941 -0.343083
2 53 0.716941 -0.343083
