75
0 0 0.56 -0.5825
1 0 0.56 -0.5825
2 0 0.56 -0.58125
0 1 0.68125 -0.545
1 1 0.68125 -0.545
2 1 0.68125 -0.54375
0 2 0.555 -0.5975
1 2 0.555 -0.5975
2 2 0.555 -0.59625
0 3 0.4925 -0.58
1 3 0.4925 -0.58
2 3 0.4925 -0.57875
0 4 0.47875 -0.595
1 4 0.47875 -0.595
2 4 0.47875 -0.59375
0 5 0.57625 -0.57625
1 5 0.575 -0.57625
2 5 0.575 -0.575
0 6 0.36375 -0.62125
1 6 0.36375 -0.62125
2 6 0.36375 -0.62
0 7 0.5125 -0.58625
1 7 0.5125 -0.58625
2 7 0.5125 -0.585
0 8 0.554 -0.598
1 8 0.554 -0.5965
2 8 0.554 -0.5965
0 9 0.536 -0.5965
1 9 0.536 -0.5965
2 9 0.536 -0.595
0 10 0.542 -0.571
1 10 0.542 -0.5695
2 10 0.542 -0.5695
0 11 0.4775 -0.595
1 11 0.4775 -0.5935
2 11 0.4775 -0.5935
0 12 0.6305 -0.556
1 12 0.6305 -0.5545
2 12 0.6305 -0.5545
0 13 0.6815 -0.5455
1 13 0.6815 -0.544
2 13 0.6815 -0.544
0 14 0.5675 -0.5815
1 14 0.5675 -0.5815
2 14 0.5675 -0.58
0 15 -0.484 -0.814
1 15 -0.484 -0.814
2 15 -0.484 -0.8125
0 16 0.6815 -0.5815
1 16 0.6815 -0.5815
2 16 0.6815 -0.58
0 17 0.653 -0.5395
1 17 0.653 -0.5395
2 17 0.653 -0.538
0 18 0.521 -0.589
1 18 0.521 -0.5875
2 18 0.521 -0.5875
0 19 -0.676 -0.8524
1 19 -0.676 -0.8524
2 19 -0.676 -0.8506
0 20 -0.1954 -0.6274
1 20 -0.1954 -0.6256
2 20 -0.1954 -0.6256
0 21 0.62 -0.5572
1 21 0.62 -0.5554
2 21 0.62 -0.5554
0 22 0.6794 -0.5716
1 22 0.6794 -0.5716
2 22 0.6794 -0.5698
0 23 -0.217 -0.5644
1 23 -0.217 -0.5626
2 23 -0.217 -0.5626
0 24 -0.6256 -0.6184
1 24 -0.6256 -0.6166
2 24 -0.6256 -0.6166
0 25 0.683 -0.5464
1 25 0.683 -0.5446
2 25 0.683 -0.5446
0 26 0.647 -0.5392
1 26 0.647 -0.5374
2 26 0.647 -0.5374
0 27 -0.613 -0.5104
1 27 -0.613 -0.5086
2 27 -0.613 -0.5086
0 28 0.6308 -0.5554
1 28 0.6308 -0.5536
2 28 0.6308 -0.5536
0 29 -0.47728 -0.30448
1 29 -0.47728 -0.30448
2 29 -0.47728 -0.30448
0 30 -0.0301599 -0.49672
1 30 -0.0301599 -0.49672
2 30 -0.0301599 -0.49672
0 31 -0.69544 -0.8704
1 31 -0.69544 -0.8704
2 31 -0.69544 -0.86824
0 32 -0.61336 -0.60472
1 32 -0.61336 -0.60256
2 32 -0.61336 -0.60256
0 33 0.11024 -0.66304
1 33 0.11024 -0.66304
2 33 0.11024 -0.66304
0 34 0.69128 -0.57016
1 34 0.69128 -0.57016
2 34 0.69128 -0.57016
0 35 -0.22672 -0.62848
1 35 -0.22672 -0.62632
2 35 -0.22672 -0.62632
0 36 -0.39088 -0.50968
1 36 -0.39088 -0.50752
2 36 -0.39088 -0.50752
0 37 -0.19648 -0.56368
1 37 -0.19648 -0.56152
2 37 -0.19648 -0.56152
0 38 0.68048 -0.57232
1 38 0.68048 -0.57232
2 38 0.68048 -0.57016
0 39 -0.63928 -0.29584
1 39 -0.63928 -0.29584
2 39 -0.63928 -0.29368
0 40 0.62 -0.5572
1 40 0.62 -0.55504
2 40 0.62 -0.55504
0 41 -0.4276 -0.63496
1 41 -0.4276 -0.6328
2 41 -0.4276 -0.6328
0 42 0.111968 -0.66304
1 42 0.111968 -0.66304
2 42 0.111968 -0.66304
0 43 -0.486784 -0.81856
1 43 -0.486784 -0.81856
2 43 -0.486784 -0.81856
0 44 0.627776 -0.593056
1 44 0.627776 -0.593056
2 44 0.627776 -0.593056
0 45 -0.62416 -0.618976
1 45 -0.62416 -0.618976
2 45 -0.62416 -0.618976
0 46 -0.256096 -0.53344
1 46 -0.256096 -0.53344
2 46 -0.256096 -0.53344
0 47 -0.401248 -0.631936
1 47 -0.401248 -0.631936
2 47 -0.401248 -0.631936
0 48 -0.19648 -0.62416
1 48 -0.19648 -0.62416
2 48 -0.19648 -0.62416
0 49 -0.227584 -0.626752
1 49 -0.227584 -0.626752
2 49 -0.227584 -0.62416
0 50 -0.193888 -0.315712
1 50 -0.193888 -0.315712
2 50 -0.19648 -0.315712
0 51 0.643328 -0.590464
1 51 0.643328 -0.590464
2 51 0.643328 -0.590464
0 52 -0.217216 -0.567136
1 52 -0.217216 -0.567136
2 52 -0.217216 -0.564544
0 53 -0.696736 -0.8704
1 53 -0.696736 -0.8704
2 53 -0.696736 -0.8704
0 54 -0.634528 -0.297568
1 54 -0.634528 -0.294976
2 54 -0.634528 -0.294976
0 55 0.715904 -0.346816
1 55 0.715904 -0.344224
2 55 0.715904 -0.344224
0 56 0.64592 -0.44272
1 56 0.64592 -0.44272
2 56 0.64592 -0.44272
0 57 -0.623641 -0.620531
1 57 -0.623641 -0.620531
2 57 -0.623641 -0.617421
0 58 -0.682739 -0.642304
1 58 -0.682739 -0.642304
2 58 -0.682739 -0.642304
0 59 -0.486784 -0.819597
1 59 -0.486784 -0.819597
2 59 -0.486784 -0.816486
0 60 -0.639194 -0.384141
1 60 -0.639194 -0.384141
2 60 -0.639194 -0.384141
0 61 -0.667187 -0.660966
1 61 -0.667187 -0.660966
2 61 -0.667187 -0.660966
0 62 -0.256614 -0.53344
1 62 -0.256614 -0.53344
2 62 -0.256614 -0.530329
0 63 0.657844 -0.424576
1 63 0.657844 -0.421465
2 63 0.657844 -0.421465
0 64 -0.548992 -0.592537
1 64 -0.548992 -0.589427
2 64 -0.548992 -0.589427
0 65 -0.695181 -0.869363
1 65 -0.695181 -0.869363
2 65 -0.695181 -0.866253
0 66 0.0917507 -0.664077
1 66 0.0917507 -0.664077
2 66 0.0917507 -0.664077
0 67 -0.600625 -0.623019
1 67 -0.600625 -0.623019
2 67 -0.600625 -0.623019
0 68 -0.216179 -0.559567
1 68 -0.216179 -0.559567
2 68 -0.216179 -0.559567
0 69 -0.02209 -0.667809
1 69 -0.02209 -0.667809
2 69 -0.02209 -0.667809
0 70 -0.350548 -0.522242
1 70 -0.350548 -0.51851
2 70 -0.350548 -0.51851
0 71 -0.682739 -0.645414
1 71 -0.682739 -0.645414
2 71 -0.682739 -0.641682
0 72 -0.335618 -0.481185
1 72 -0.335618 -0.481185
2 72 -0.335618 -0.481185
0 73 -0.47372 -0.305759
1 73 -0.47372 -0.305759
2 73 -0.47372 -0.305759
0 74 -0.649147 -0.361746
1 74 -0.649147 -0.361746
2 74 -0.649147 -0.361746
