198
0 0 0.64375 -0.547917
1 0 0.64375 -0.547917
2 0 0.64375 -0.547917
0 1 0.645833 -0.559375
1 1 0.645833 -0.559375
2 1 0.645833 -0.559375
0 2 0.616667 -0.552083
1 2 0.616667 -0.552083
2 2 0.616667 -0.552083
0 3 0.405208 -0.671875
1 3 0.405208 -0.671875
2 3 0.405208 -0.671875
0 4 -0.0302083 -0.684375
1 4 -0.0302083 -0.684375
2 4 -0.0302083 -0.684375
0 5 0.648958 -0.572917
1 5 0.648958 -0.572917
2 5 0.648958 -0.572917
0 6 0.361458 -0.619792
1 6 0.361458 -0.619792
2 6 0.361458 -0.619792
0 7 0.5125 -0.5875
1 7 0.5125 -0.5875
2 7 0.5125 -0.5875
0 8 0.575 -0.578125
1 8 0.575 -0.578125
2 8 0.575 -0.578125
0 9 -0.14375 -0.521875
1 9 -0.14375 -0.521875
2 9 -0.14375 -0.521875
0 10 0.55625 -0.58125
1 10 0.55625 -0.58125
2 10 0.55625 -0.58125
0 11 -0.29375 -0.58125
1 11 -0.29375 -0.58125
2 11 -0.29375 -0.58125
0 12 0.651042 -0.583333
1 12 0.651042 -0.583333
2 12 0.651042 -0.583333
0 13 0.519792 -0.586458
1 13 0.519792 -0.586458
2 13 0.519792 -0.586458
0 14 -0.145833 -0.516667
1 14 -0.145833 -0.516667
2 14 -0.145833 -0.516667
0 15 -0.102083 -0.46875
1 15 -0.102083 -0.46875
2 15 -0.102083 -0.46875
0 16 0.6175 -0.5525
1 16 0.6175 -0.5525
2 16 0.6175 -0.5525
0 17 0.3225 -0.84625
1 17 0.3225 -0.84625
2 17 0.3225 -0.845
0 18 0.36875 -0.61875
1 18 0.36875 -0.61875
2 18 0.36875 -0.61875
0 19 0.0487501 -0.58875
1 19 0.0487501 -0.58875
2 19 0.0487501 -0.58875
0 20 0.62625 -0.55125
1 20 0.62625 -0.55125
2 20 0.62625 -0.55125
0 21 0.61875 -0.555
1 21 0.61875 -0.555
2 21 0.61875 -0.555
0 22 -0.20875 -0.505
1 22 -0.20875 -0.505
2 22 -0.20875 -0.505
0 23 0.6125 -0.2875
1 23 0.6125 -0.2875
2 23 0.6125 -0.2875
0 24 0.615 -0.54375
1 24 0.615 -0.54375
2 24 0.615 -0.54375
0 25 0.51125 -0.5875
1 25 0.51125 -0.5875
2 25 0.51125 -0.5875
0 26 0.65125 -0.58375
1 26 0.65125 -0.58375
2 26 0.65125 -0.58375
0 27 0.455 -0.58375
1 27 0.455 -0.58375
2 27 0.455 -0.58375
0 28 0.66875 -0.545
1 28 0.66875 -0.545
2 28 0.66875 -0.545
0 29 0.56375 -0.57625
1 29 0.56375 -0.57625
2 29 0.56375 -0.57625
0 30 0.55625 -0.58125
1 30 0.55625 -0.58125
2 30 0.55625 -0.58125
0 31 0.68625 -0.5675
1 31 0.68625 -0.5675
2 31 0.68625 -0.5675
0 32 0.51875 -0.58625
1 32 0.51875 -0.58625
2 32 0.51875 -0.58625
0 33 -0.487 -0.811
1 33 -0.487 -0.811
2 33 -0.487 -0.811
0 34 0.668 -0.5455
1 34 0.668 -0.5455
2 34 0.668 -0.5455
0 35 0.482 -0.589
1 35 0.482 -0.589
2 35 0.482 -0.589
0 36 0.5105 -0.5875
1 36 0.5105 -0.5875
2 36 0.5105 -0.5875
0 37 0.6545 -0.55
1 37 0.6545 -0.55
2 37 0.6545 -0.55
0 38 0.6395 -0.586
1 38 0.6395 -0.586
2 38 0.6395 -0.586
0 39 0.542 -0.5815
1 39 0.542 -0.5815
2 39 0.542 -0.5815
0 40 0.533 -0.595
1 40 0.533 -0.595
2 40 0.533 -0.595
0 41 0.5555 -0.5785
1 41 0.5555 -0.5785
2 41 0.5555 -0.5785
0 42 0.5735 -0.5785
1 42 0.5735 -0.5785
2 42 0.5735 -0.5785
0 43 0.4895 -0.577
1 43 0.4895 -0.577
2 43 0.4895 -0.577
0 44 0.683 -0.556
1 44 0.683 -0.556
2 44 0.683 -0.556
0 45 0.572 -0.5755
1 45 0.572 -0.5755
2 45 0.572 -0.5755
0 46 0.497 -0.574
1 46 0.497 -0.574
2 46 0.497 -0.574
0 47 0.506 -0.5725
1 47 0.506 -0.5725
2 47 0.506 -0.5725
0 48 0.662 -0.5725
1 48 0.662 -0.5725
2 48 0.662 -0.5725
0 49 -0.679 -0.85
1 49 -0.679 -0.85
2 49 -0.679 -0.85
0 50 0.3605 -0.619
1 50 0.3605 -0.619
2 50 0.3605 -0.619
0 51 0.614 -0.544
1 51 0.614 -0.544
2 51 0.614 -0.544
0 52 0.4535 -0.61
1 52 0.4535 -0.61
2 52 0.4535 -0.61
0 53 0.518 -0.586
1 53 0.518 -0.586
2 53 0.518 -0.586
0 54 -0.0264999 -0.6625
1 54 -0.0264999 -0.6625
2 54 -0.0264999 -0.6625
0 55 0.6785 -0.58
1 55 0.6785 -0.58
2 55 0.6785 -0.58
0 56 0.4535 -0.5815
1 56 0.4535 -0.5815
2 56 0.4535 -0.5815
0 57 0.6395 -0.5395
1 57 0.6395 -0.5395
2 57 0.6395 -0.5395
0 58 0.056 -0.4045
1 58 0.056 -0.4045
2 58 0.056 -0.4045
0 59 -0.4312 -0.5932
1 59 -0.4312 -0.5932
2 59 -0.4312 -0.5932
0 60 0.6614 -0.5734
1 60 0.6614 -0.5734
2 60 0.6614 -0.5734
0 61 0.6236 -0.541
1 61 0.6236 -0.541
2 61 0.6236 -0.541
0 62 0.5642 -0.5788
1 62 0.5642 -0.5788
2 62 0.5642 -0.5788
0 63 -0.6796 -0.8506
1 63 -0.6796 -0.8506
2 63 -0.6796 -0.8506
0 64 0.6776 -0.5698
1 64 0.6776 -0.5698
2 64 0.6776 -0.5698
0 65 0.6236 -0.5896
1 65 0.6236 -0.5896
2 65 0.6236 -0.5896
0 66 0.6272 -0.5518
1 66 0.6272 -0.5518
2 66 0.6272 -0.5518
0 67 -0.6364 -0.2926
1 67 -0.6364 -0.2944
2 67 -0.6364 -0.2944
0 68 -0.487 -0.811
1 68 -0.487 -0.811
2 68 -0.487 -0.811
0 69 -0.487 -0.8038
1 69 -0.487 -0.8038
2 69 -0.487 -0.8038
0 70 -0.4726 -0.3034
1 70 -0.4726 -0.3016
2 70 -0.4726 -0.3016
0 71 0.4724 -0.5788
1 71 0.4724 -0.5788
2 71 0.4724 -0.5788
0 72 -0.4024 -0.6328
1 72 -0.4024 -0.6328
2 72 -0.4024 -0.6328
0 73 -0.4798 -0.3016
1 73 -0.4798 -0.3016
2 73 -0.4798 -0.3016
0 74 0.557 -0.5806
1 74 0.557 -0.5806
2 74 0.557 -0.5806
0 75 0.6524 -0.5842
1 75 0.6524 -0.5842
2 75 0.6524 -0.5842
0 76 -0.0261999 -0.6616
1 76 -0.0261999 -0.6616
2 76 -0.0261999 -0.6616
0 77 0.107 -0.6616
1 77 0.107 -0.6616
2 77 0.107 -0.6616
0 78 0.0566001 -0.4042
1 78 0.0566001 -0.4042
2 78 0.0566001 -0.4042
0 79 0.4796 -0.5788
1 79 0.4796 -0.5788
2 79 0.4796 -0.5788
0 80 0.6794 -0.5806
1 80 0.6794 -0.5806
2 80 0.6794 -0.5806
0 81 0.6146 -0.5428
1 81 0.6146 -0.5428
2 81 0.6146 -0.5428
0 82 -0.3754 -0.631
1 82 -0.3754 -0.631
2 82 -0.3754 -0.631
0 83 0.4544 -0.5824
1 83 0.4544 -0.5824
2 83 0.4544 -0.5824
0 84 -0.6994 -0.8686
1 84 -0.6994 -0.8686
2 84 -0.6994 -0.8686
0 85 0.6704 -0.5464
1 85 0.6704 -0.5464
2 85 0.6704 -0.5464
0 86 0.5426 -0.5824
1 86 0.5426 -0.5824
2 86 0.5426 -0.5824
0 87 -0.0279999 -0.685
1 87 -0.0279999 -0.685
2 87 -0.0279999 -0.685
0 88 0.6542 -0.55
1 88 0.6542 -0.55
2 88 0.6542 -0.55
0 89 -0.658 -0.46
1 89 -0.658 -0.46
2 89 -0.658 -0.46
0 90 0.6398 -0.586
1 90 0.6398 -0.586
2 90 0.6398 -0.586
0 91 0.6452 -0.5374
1 91 0.6452 -0.5374
2 91 0.6452 -0.5374
0 92 0.6236 -0.577
1 92 0.6236 -0.577
2 92 0.6236 -0.577
0 93 -0.6004 -0.61984
1 93 -0.6004 -0.61984
2 93 -0.6004 -0.61984
0 94 -0.19864 -0.62416
1 94 -0.19864 -0.62416
2 94 -0.19864 -0.62416
0 95 -0.0560799 -0.62848
1 95 -0.0560799 -0.62848
2 95 -0.0560799 -0.62848
0 96 -0.25912 -0.62632
1 96 -0.25912 -0.62632
2 96 -0.25912 -0.62632
0 97 -0.62848 -0.61552
1 97 -0.62848 -0.61552
2 97 -0.62848 -0.61552
0 98 -0.37576 -0.63064
1 98 -0.37576 -0.63064
2 98 -0.37576 -0.63064
0 99 -0.40384 -0.63064
1 99 -0.40384 -0.63064
2 99 -0.40384 -0.63064
0 100 -0.64576 -0.42544
1 100 -0.64576 -0.42544
2 100 -0.64576 -0.42544
0 101 0.47312 -0.60688
1 101 0.47312 -0.60688
2 101 0.47312 -0.60688
0 102 -0.52696 -0.55288
1 102 -0.52696 -0.55288
2 102 -0.52696 -0.55288
0 103 -0.55504 -0.5896
1 103 -0.55504 -0.5896
2 103 -0.55504 -0.5896
0 104 -0.65656 -0.6544
1 104 -0.65656 -0.6544
2 104 -0.65656 -0.6544
0 105 0.62432 -0.5896
1 105 0.62432 -0.5896
2 105 0.62432 -0.5896
0 106 0.1124 -0.66088
1 106 0.1124 -0.65872
2 106 0.1124 -0.65872
0 107 0.63944 -0.58744
1 107 0.63944 -0.58744
2 107 0.63944 -0.58744
0 108 0.6524 -0.58528
1 108 0.6524 -0.58528
2 108 0.6524 -0.58528
0 109 0.0908001 -0.66304
1 109 0.0908001 -0.66304
2 109 0.0908001 -0.66304
0 110 -0.0236799 -0.66304
1 110 -0.0236799 -0.66304
2 110 -0.0236799 -0.66304
0 111 0.66536 -0.58312
1 111 0.66536 -0.58312
2 111 0.66536 -0.58312
0 112 0.4796 -0.5788
1 112 0.4796 -0.5788
2 112 0.4796 -0.5788
0 113 -0.63712 -0.29368
1 113 -0.63712 -0.29152
2 113 -0.63712 -0.29368
0 114 -0.64144 -0.29368
1 114 -0.64144 -0.29152
2 114 -0.64144 -0.29368
0 115 -0.69976 -0.86824
1 115 -0.69976 -0.86824
2 115 -0.69976 -0.86824
0 116 -0.47296 -0.30232
1 116 -0.47296 -0.30232
2 116 -0.47296 -0.30232
0 117 -0.68032 -0.85096
1 117 -0.68032 -0.85096
2 117 -0.68032 -0.85096
0 118 -0.47944 -0.30232
1 118 -0.47944 -0.30232
2 118 -0.47944 -0.30232
0 119 -0.19432 -0.568
1 119 -0.19432 -0.568
2 119 -0.19432 -0.568
0 120 -0.22024 -0.56368
1 120 -0.22024 -0.56368
2 120 -0.22024 -0.56368
0 121 0.6308 -0.56368
1 121 0.6308 -0.56368
2 121 0.6308 -0.56368
0 122 0.64808 -0.56152
1 122 0.64808 -0.56152
2 122 0.64808 -0.56152
0 123 -0.20512 -0.55936
1 123 -0.20512 -0.55936
2 123 -0.20512 -0.55936
0 124 -0.19864 -0.55936
1 124 -0.19864 -0.55936
2 124 -0.19864 -0.55936
0 125 -0.48808 -0.80992
1 125 -0.48808 -0.80992
2 125 -0.48808 -0.80992
0 126 -0.204256 -0.556768
1 126 -0.204256 -0.556768
2 126 -0.204256 -0.556768
0 127 -0.375328 -0.629344
1 127 -0.375328 -0.629344
2 127 -0.375328 -0.629344
0 128 -0.616384 -0.600832
1 128 -0.616384 -0.600832
2 128 -0.616384 -0.600832
0 129 0.0756803 -0.6112
1 129 0.0756803 -0.6112
2 129 0.0756803 -0.6112
0 130 -0.489376 -0.815968
1 130 -0.489376 -0.815968
2 130 -0.489376 -0.815968
0 131 -0.0254078 -0.66304
1 131 -0.0254078 -0.66304
2 131 -0.0254078 -0.66304
0 132 -0.479008 -0.302752
1 132 -0.479008 -0.302752
2 132 -0.479008 -0.302752
0 133 -0.626752 -0.616384
1 133 -0.626752 -0.616384
2 133 -0.626752 -0.616384
0 134 -0.473824 -0.302752
1 134 -0.473824 -0.302752
2 134 -0.473824 -0.302752
0 135 -0.699328 -0.867808
1 135 -0.699328 -0.867808
2 135 -0.699328 -0.867808
0 136 -0.484192 -0.797824
1 136 -0.484192 -0.797824
2 136 -0.484192 -0.797824
0 137 -0.219808 -0.564544
1 137 -0.219808 -0.564544
2 137 -0.219808 -0.564544
0 138 -0.63712 -0.292384
1 138 -0.63712 -0.292384
2 138 -0.63712 -0.292384
0 139 0.0912323 -0.66304
1 139 0.0912323 -0.66304
2 139 0.0912323 -0.66304
0 140 -0.681184 -0.852256
1 140 -0.681184 -0.852256
2 140 -0.681184 -0.852256
0 141 0.640736 -0.432352
1 141 0.640736 -0.432352
2 141 0.640736 -0.432352
0 142 -0.258688 -0.530848
1 142 -0.258688 -0.530848
2 142 -0.258688 -0.530848
0 143 -0.642304 -0.383104
1 143 -0.642304 -0.383104
2 143 -0.642304 -0.383104
0 144 -0.600832 -0.618976
1 144 -0.600832 -0.618976
2 144 -0.600832 -0.618976
0 145 -0.230176 -0.62416
1 145 -0.230176 -0.62416
2 145 -0.230176 -0.62416
0 146 0.713312 -0.344224
1 146 0.713312 -0.344224
2 146 0.713312 -0.344224
0 147 -0.595648 -0.49456
1 147 -0.595648 -0.49456
2 147 -0.595648 -0.49456
0 148 -0.354592 -0.517888
1 148 -0.354592 -0.517888
2 148 -0.354592 -0.517888
0 149 -0.42976 -0.631936
1 149 -0.42976 -0.631936
2 149 -0.42976 -0.631936
0 150 0.63296 -0.590464
1 150 0.63296 -0.590464
2 150 0.63296 -0.590464
0 151 -0.258688 -0.62416
1 151 -0.258688 -0.62416
2 151 -0.258688 -0.62416
0 152 0.640736 -0.590464
1 152 0.640736 -0.590464
2 152 0.640736 -0.590464
0 153 -0.19648 -0.31312
1 153 -0.19648 -0.31312
2 153 -0.19648 -0.31312
0 154 -0.197517 -0.620531
1 154 -0.197517 -0.620531
2 154 -0.197517 -0.620531
0 155 0.642292 -0.440128
1 155 0.642292 -0.440128
2 155 0.642292 -0.440128
0 156 0.113523 -0.430797
1 156 0.113523 -0.430797
2 156 0.113523 -0.430797
0 157 -0.337485 -0.477453
1 157 -0.337485 -0.477453
2 157 -0.337485 -0.477453
0 158 -0.216179 -0.555213
1 158 -0.216179 -0.555213
2 158 -0.216179 -0.555213
0 159 0.654733 -0.421465
1 159 0.654733 -0.421465
2 159 0.654733 -0.421465
0 160 -0.402803 -0.629862
1 160 -0.402803 -0.629862
2 160 -0.402803 -0.629862
0 161 -0.374809 -0.626752
1 161 -0.374809 -0.626752
2 161 -0.374809 -0.626752
0 162 -0.0233341 -0.664077
1 162 -0.0233341 -0.664077
2 162 -0.0233341 -0.664077
0 163 0.545869 -0.499225
1 163 0.545869 -0.499225
2 163 0.545869 -0.499225
0 164 -0.604979 -0.620531
1 164 -0.604979 -0.620531
2 164 -0.604979 -0.620531
0 165 -0.68896 -0.642304
1 165 -0.68896 -0.642304
2 165 -0.68896 -0.642304
0 166 -0.489894 -0.816486
1 166 -0.489894 -0.816486
2 166 -0.489894 -0.816486
0 167 -0.626752 -0.617421
1 167 -0.626752 -0.617421
2 167 -0.626752 -0.617421
0 168 0.458778 -0.60809
1 168 0.458778 -0.60809
2 168 0.458778 -0.60809
0 169 -0.595648 -0.493005
1 169 -0.595648 -0.493005
2 169 -0.595648 -0.493005
0 170 0.713831 -0.343705
1 170 0.713831 -0.343705
2 170 0.713831 -0.343705
0 171 -0.259725 -0.530329
1 171 -0.259725 -0.530329
2 171 -0.259725 -0.530329
0 172 -0.698291 -0.866253
1 172 -0.698291 -0.866253
2 172 -0.698291 -0.866253
0 173 -0.486784 -0.797824
1 173 -0.486784 -0.797824
2 173 -0.486784 -0.797824
0 174 -0.371699 -0.580096
1 174 -0.371699 -0.580096
2 174 -0.371699 -0.580096
0 175 -0.387251 -0.465011
1 175 -0.387251 -0.465011
2 175 -0.387251 -0.465011
0 176 -0.318822 -0.623641
1 176 -0.318822 -0.623641
2 176 -0.318822 -0.623641
0 177 -0.656612 -0.514777
1 177 -0.656612 -0.514777
2 177 -0.656612 -0.514777
0 178 0.653489 -0.421465
1 178 0.653489 -0.421465
2 178 0.653489 -0.421465
0 179 -0.387873 -0.466255
1 179 -0.387873 -0.466255
2 179 -0.387873 -0.466255
0 180 -0.615554 -0.600625
1 180 -0.615554 -0.600625
2 180 -0.615554 -0.600625
0 181 -0.339351 -0.477453
1 181 -0.339351 -0.477453
2 181 -0.339351 -0.477453
0 182 -0.671542 -0.660344
1 182 -0.671542 -0.660344
2 182 -0.671542 -0.660344
0 183 -0.372943 -0.626752
1 183 -0.372943 -0.626752
2 183 -0.372943 -0.626752
0 184 -0.156459 -0.619287
1 184 -0.156459 -0.619287
2 184 -0.156459 -0.619287
0 185 0.4594 -0.671542
1 185 0.4594 -0.671542
2 185 0.4594 -0.671542
0 186 0.545247 -0.499848
1 186 0.545247 -0.499848
2 186 0.545247 -0.499848
0 187 -0.604357 -0.623019
1 187 -0.604357 -0.623019
2 187 -0.604357 -0.623019
0 188 -0.231109 -0.623019
1 188 -0.231109 -0.623019
2 188 -0.231109 -0.623019
0 189 -0.626752 -0.619287
1 189 -0.626752 -0.619287
2 189 -0.626752 -0.619287
0 190 -0.552102 -0.589427
1 190 -0.552102 -0.589427
2 190 -0.552102 -0.589427
0 191 -0.02209 -0.667809
1 191 -0.02209 -0.667809
2 191 -0.02209 -0.667809
0 192 -0.477453 -0.302026
1 192 -0.477453 -0.302026
2 192 -0.477453 -0.302026
0 193 -0.316956 -0.623019
1 193 -0.316956 -0.623019
2 193 -0.316956 -0.623019
0 194 0.086152 -0.664077
1 194 0.086152 -0.664077
2 194 0.086152 -0.664077
0 195 0.590037 -0.522242
1 195 0.590037 -0.522242
2 195 0.590037 -0.522242
0 196 -0.697669 -0.865631
1 196 -0.697669 -0.865631
2 196 -0.697669 -0.865631
0 197 -0.484918 -0.798446
1 197 -0.484918 -0.798446
2 197 -0.484918 -0.798446
