69
0 0 0.64375 -0.54875
1 0 0.64375 -0.5475
2 0 0.64375 -0.5475
0 1 0.57625 -0.57875
1 1 0.575 -0.5775
2 1 0.575 -0.5775
0 2 0.4775 -0.5925
1 2 0.4775 -0.59125
2 2 0.4775 -0.59125
0 3 0.63 -0.55375
1 3 0.63 -0.5525
2 3 0.63 -0.5525
0 4 0.6215 -0.5935
1 4 0.6215 -0.592
2 4 0.6215 -0.592
0 5 0.689 -0.568
1 5 0.689 -0.5665
2 5 0.689 -0.5665
0 6 0.5315 -0.583
1 6 0.5315 -0.5815
2 6 0.5315 -0.5815
0 7 0.4745 -0.58
1 7 0.4745 -0.58
2 7 0.4745 -0.5785
0 8 0.491 -0.5755
1 8 0.491 -0.574
2 8 0.491 -0.574
0 9 0.6455 -0.5515
1 9 0.6455 -0.55
2 9 0.6455 -0.55
0 10 0.6545 -0.547
1 10 0.6545 -0.5455
2 10 0.6545 -0.5455
0 11 0.5525 -0.5965
1 11 0.5525 -0.595
2 11 0.5525 -0.595
0 12 0.554 -0.565
1 12 0.554 -0.5635
2 12 0.554 -0.5635
0 13 0.68 -0.571
1 13 0.68 -0.5695
2 13 0.68 -0.5695
0 14 -0.6565 -0.4615
1 14 -0.6565 -0.46
2 14 -0.6565 -0.46
0 15 0.641 -0.586
1 15 0.641 -0.5845
2 15 0.641 -0.5845
0 16 0.1085 -0.6625
1 16 0.1085 -0.661
2 16 0.1085 -0.661
0 17 0.6254 -0.5896
1 17 0.6254 -0.5878
2 17 0.6254 -0.5878
0 18 -0.4852 -0.811
1 18 -0.4852 -0.8092
2 18 -0.4852 -0.8092
0 19 -0.6256 -0.6166
1 19 -0.6256 -0.6148
2 19 -0.6256 -0.6148
0 20 0.6794 -0.5698
1 20 0.6794 -0.5698
2 20 0.6794 -0.5698
0 21 -0.469 -0.3034
1 21 -0.469 -0.3016
2 21 -0.469 -0.3016
0 22 0.629 -0.5518
1 22 0.629 -0.55
2 22 0.629 -0.55
0 23 0.116 -0.6616
1 23 0.116 -0.6598
2 23 0.116 -0.6598
0 24 0.6164 -0.5428
1 24 0.6164 -0.541
2 24 0.6164 -0.541
0 25 0.557 -0.5914
1 25 0.557 -0.5896
2 25 0.557 -0.5896
0 26 0.647 -0.5374
1 26 0.647 -0.5356
2 26 0.647 -0.5356
0 27 -0.676 -0.8506
1 27 -0.676 -0.8488
2 27 -0.676 -0.8488
0 28 -0.42328 -0.30664
1 28 -0.42328 -0.30448
2 28 -0.42328 -0.30448
0 29 -0.59824 -0.61984
1 29 -0.59824 -0.61768
2 29 -0.59824 -0.61768
0 30 -0.41896 -0.30664
1 30 -0.41896 -0.30448
2 30 -0.41896 -0.30448
0 31 0.65456 -0.54856
1 31 0.65456 -0.5464
2 31 0.65456 -0.5464
0 32 -0.63928 -0.29368
1 32 -0.63928 -0.29152
2 32 -0.63928 -0.29152
0 33 -0.67816 -0.86824
1 33 -0.67816 -0.86608
2 33 -0.67816 -0.86608
0 34 -0.69544 -0.86824
1 34 -0.69544 -0.86608
2 34 -0.69544 -0.86608
0 35 -0.63496 -0.29368
1 35 -0.63496 -0.29152
2 35 -0.63496 -0.29152
0 36 0.11456 -0.65872
1 36 0.11456 -0.66088
2 36 0.11456 -0.65872
0 37 -0.4816 -0.797824
1 37 -0.4816 -0.797824
2 37 -0.4816 -0.797824
0 38 -0.59824 -0.621568
1 38 -0.59824 -0.618976
2 38 -0.59824 -0.618976
0 39 -0.315712 -0.626752
1 39 -0.315712 -0.62416
2 39 -0.315712 -0.62416
0 40 0.627776 -0.590464
1 40 0.627776 -0.590464
2 40 0.627776 -0.590464
0 41 -0.256096 -0.530848
1 41 -0.256096 -0.530848
2 41 -0.256096 -0.530848
0 42 -0.634528 -0.294976
1 42 -0.634528 -0.292384
2 42 -0.634528 -0.292384
0 43 -0.486784 -0.815968
1 43 -0.486784 -0.815968
2 43 -0.486784 -0.815968
0 44 -0.401248 -0.631936
1 44 -0.401248 -0.629344
2 44 -0.401248 -0.629344
0 45 -0.227584 -0.62416
1 45 -0.227584 -0.62416
2 45 -0.227584 -0.62416
0 46 -0.344224 -0.4816
1 46 -0.344224 -0.479008
2 46 -0.344224 -0.479008
0 47 0.635552 -0.590464
1 47 0.635552 -0.590464
2 47 0.635552 -0.587872
0 48 -0.19648 -0.621568
1 48 -0.19648 -0.621568
2 48 -0.19648 -0.621568
0 49 -0.256614 -0.530329
1 49 -0.256614 -0.530329
2 49 -0.256614 -0.530329
0 50 0.657844 -0.421465
1 50 0.657844 -0.421465
2 50 0.657844 -0.421465
0 51 -0.483673 -0.797824
1 51 -0.483673 -0.797824
2 51 -0.483673 -0.797824
0 52 -0.623641 -0.617421
1 52 -0.623641 -0.617421
2 52 -0.623641 -0.617421
0 53 -0.197517 -0.620531
1 53 -0.197517 -0.620531
2 53 -0.197517 -0.620531
0 54 -0.682739 -0.642304
1 54 -0.682739 -0.639194
2 54 -0.682739 -0.639194
0 55 -0.0202237 -0.664077
1 55 -0.0202237 -0.664077
2 55 -0.0202237 -0.664077
0 56 -0.667187 -0.660966
1 56 -0.667187 -0.657856
2 56 -0.667187 -0.657856
0 57 0.592525 -0.517888
1 57 0.592525 -0.517888
2 57 0.592525 -0.517888
0 58 0.54898 -0.499848
1 58 0.54898 -0.499848
2 58 0.54898 -0.499848
0 59 -0.623019 -0.619287
1 59 -0.623019 -0.619287
2 59 -0.623019 -0.619287
0 60 -0.652879 -0.514777
1 60 -0.652879 -0.514777
2 60 -0.652879 -0.514777
0 61 -0.335618 -0.477453
1 61 -0.335618 -0.477453
2 61 -0.335618 -0.477453
0 62 -0.682739 -0.641682
1 62 -0.682739 -0.641682
2 62 -0.682739 -0.641682
0 63 0.657222 -0.421465
1 63 0.657222 -0.421465
2 63 0.657222 -0.421465
0 64 -0.641682 -0.380408
1 64 -0.641682 -0.380408
2 64 -0.641682 -0.380408
0 65 -0.48865 -0.817108
1 65 -0.48865 -0.813376
2 65 -0.48865 -0.813376
0 66 -0.47372 -0.305759
1 66 -0.47372 -0.302026
2 66 -0.47372 -0.302026
0 67 -0.197517 -0.623019
1 67 -0.197517 -0.619287
2 67 -0.197517 -0.619287
0 68 -0.272166 -0.316956
1 68 -0.272166 -0.313223
2 68 -0.272166 -0.313223
