105
0 0 0.51875 -0.58125
1 0 0.51875 -0.582292
2 0 0.51875 -0.582292
0 1 -0.0302083 -0.678125
1 1 -0.0302083 -0.679167
2 1 -0.0302083 -0.679167
0 2 0.5125 -0.582292
1 2 0.5125 -0.583333
2 2 0.5125 -0.583333
0 3 0.498958 -0.570833
1 3 0.498958 -0.571875
2 3 0.498958 -0.571875
0 4 0.322917 -0.839583
1 4 0.322917 -0.839583
2 4 0.322917 -0.840625
0 5 0.5325 -0.58875
1 5 0.5325 -0.59
2 5 0.5325 -0.59
0 6 0.3225 -0.84
1 6 0.3225 -0.84125
2 6 0.3225 -0.84125
0 7 0.6245 -0.5365
1 7 0.6245 -0.5365
2 7 0.6245 -0.5365
0 8 -0.7 -0.8635
1 8 -0.7 -0.8635
2 8 -0.7 -0.8635
0 9 -0.487 -0.8065
1 9 -0.487 -0.8065
2 9 -0.487 -0.8065
0 10 0.6275 -0.5485
1 10 0.6275 -0.5485
2 10 0.6275 -0.55
0 11 -0.679 -0.844
1 11 -0.679 -0.844
2 11 -0.679 -0.8455
0 12 0.569 -0.5575
1 12 0.569 -0.5575
2 12 0.569 -0.5575
0 13 0.5255 -0.565
1 13 0.5255 -0.565
2 13 0.5255 -0.565
0 14 0.4886 -0.5716
1 14 0.4886 -0.5716
2 14 0.4886 -0.5716
0 15 -0.2206 -0.5572
1 15 -0.2206 -0.5572
2 15 -0.2206 -0.5572
0 16 -0.0981999 -0.5266
1 16 -0.0981999 -0.5266
2 16 -0.0981999 -0.5266
0 17 -0.6796 -0.8452
1 17 -0.6796 -0.8452
2 17 -0.6796 -0.8452
0 18 -0.1972 -0.6202
1 18 -0.1972 -0.6202
2 18 -0.1972 -0.6202
0 19 -0.6994 -0.8632
1 19 -0.6994 -0.8632
2 19 -0.6994 -0.8632
0 20 -0.487 -0.8056
1 20 -0.487 -0.8056
2 20 -0.487 -0.8056
0 21 -0.658 -0.4546
1 21 -0.658 -0.4546
2 21 -0.658 -0.4546
0 22 -0.6364 -0.2854
1 22 -0.6364 -0.2872
2 22 -0.6364 -0.2872
0 23 0.557 -0.5752
1 23 0.557 -0.5752
2 23 0.557 -0.5752
0 24 0.6704 -0.541
1 24 0.6704 -0.5428
2 24 0.6704 -0.5428
0 25 0.6524 -0.58096
1 25 0.6524 -0.58096
2 25 0.6524 -0.58096
0 26 0.63944 -0.58312
1 26 0.63944 -0.58312
2 26 0.63944 -0.58312
0 27 0.62432 -0.58528
1 27 0.62432 -0.58528
2 27 0.62432 -0.58528
0 28 0.1124 -0.65656
1 28 0.1124 -0.6544
2 28 0.1124 -0.65656
0 29 -0.63712 -0.2872
1 29 -0.63712 -0.2872
2 29 -0.63712 -0.2872
0 30 -0.47944 -0.298
1 30 -0.47944 -0.298
2 30 -0.47944 -0.298
0 31 -0.69976 -0.86176
1 31 -0.69976 -0.86392
2 31 -0.69976 -0.86392
0 32 0.10808 -0.65656
1 32 0.10808 -0.65656
2 32 0.10808 -0.65656
0 33 -0.61552 -0.59608
1 33 -0.61552 -0.59608
2 33 -0.61552 -0.59608
0 34 -0.22024 -0.5572
1 34 -0.22024 -0.55936
2 34 -0.22024 -0.55936
0 35 -0.48808 -0.8056
1 35 -0.48808 -0.8056
2 35 -0.48808 -0.8056
0 36 -0.6004 -0.61336
1 36 -0.6004 -0.61336
2 36 -0.6004 -0.61336
0 37 -0.62848 -0.6112
1 37 -0.62848 -0.6112
2 37 -0.62848 -0.6112
0 38 -0.39304 -0.5032
1 38 -0.39304 -0.5032
2 38 -0.39304 -0.5032
0 39 0.47312 -0.60256
1 39 0.47312 -0.60256
2 39 0.47312 -0.60256
0 40 -0.25912 -0.622
1 40 -0.25912 -0.622
2 40 -0.25912 -0.622
0 41 -0.19432 -0.30664
1 41 -0.19432 -0.3088
2 41 -0.19432 -0.3088
0 42 0.68048 -0.53992
1 42 0.68048 -0.53992
2 42 0.68048 -0.53992
0 43 0.61352 -0.53776
1 43 0.61352 -0.53776
2 43 0.61352 -0.53776
0 44 0.653696 -0.582688
1 44 0.653696 -0.582688
2 44 0.653696 -0.582688
0 45 -0.473824 -0.297568
1 45 -0.473824 -0.297568
2 45 -0.473824 -0.297568
0 46 -0.479008 -0.297568
1 46 -0.479008 -0.297568
2 46 -0.479008 -0.297568
0 47 -0.19648 -0.561952
1 47 -0.19648 -0.561952
2 47 -0.19648 -0.561952
0 48 -0.681184 -0.847072
1 48 -0.681184 -0.847072
2 48 -0.681184 -0.847072
0 49 -0.626752 -0.6112
1 49 -0.626752 -0.6112
2 49 -0.626752 -0.6112
0 50 -0.699328 -0.860032
1 50 -0.699328 -0.862624
2 50 -0.699328 -0.862624
0 51 -0.600832 -0.613792
1 51 -0.600832 -0.613792
2 51 -0.600832 -0.613792
0 52 -0.375328 -0.62416
1 52 -0.375328 -0.62416
2 52 -0.375328 -0.62416
0 53 -0.354592 -0.512704
1 53 -0.354592 -0.512704
2 53 -0.354592 -0.512704
0 54 0.0679043 -0.603424
1 54 0.0679043 -0.603424
2 54 0.0679043 -0.603424
0 55 -0.489376 -0.810784
1 55 -0.489376 -0.810784
2 55 -0.489376 -0.813376
0 56 -0.336448 -0.471232
1 56 -0.336448 -0.471232
2 56 -0.336448 -0.471232
0 57 -0.595648 -0.489376
1 57 -0.595648 -0.489376
2 57 -0.595648 -0.489376
0 58 -0.673408 -0.655264
1 58 -0.673408 -0.655264
2 58 -0.673408 -0.655264
0 59 -0.230176 -0.618976
1 59 -0.230176 -0.618976
2 59 -0.230176 -0.618976
0 60 0.640736 -0.582688
1 60 0.640736 -0.58528
2 60 0.640736 -0.58528
0 61 -0.608608 -0.590464
1 61 -0.608608 -0.590464
2 61 -0.608608 -0.590464
0 62 -0.616384 -0.595648
1 62 -0.616384 -0.595648
2 62 -0.616384 -0.595648
0 63 -0.219808 -0.55936
1 63 -0.219808 -0.55936
2 63 -0.219808 -0.55936
0 64 -0.258688 -0.525664
1 64 -0.258688 -0.525664
2 64 -0.258688 -0.528256
0 65 -0.42976 -0.626752
1 65 -0.42976 -0.626752
2 65 -0.42976 -0.626752
0 66 -0.68585 -0.636083
1 66 -0.68585 -0.636083
2 66 -0.68585 -0.636083
0 67 -0.272166 -0.309491
1 67 -0.272166 -0.309491
2 67 -0.272166 -0.309491
0 68 -0.657856 -0.511667
1 68 -0.657856 -0.511667
2 68 -0.657856 -0.511667
0 69 -0.402803 -0.623641
1 69 -0.402803 -0.623641
2 69 -0.402803 -0.623641
0 70 -0.374809 -0.623641
1 70 -0.374809 -0.623641
2 70 -0.374809 -0.623641
0 71 -0.639194 -0.371699
1 71 -0.639194 -0.371699
2 71 -0.639194 -0.371699
0 72 -0.489894 -0.810266
1 72 -0.489894 -0.810266
2 72 -0.489894 -0.813376
0 73 -0.228621 -0.617421
1 73 -0.228621 -0.617421
2 73 -0.228621 -0.617421
0 74 -0.197517 -0.617421
1 74 -0.197517 -0.617421
2 74 -0.197517 -0.617421
0 75 -0.157081 -0.617421
1 75 -0.157081 -0.617421
2 75 -0.157081 -0.617421
0 76 -0.601869 -0.61431
1 76 -0.601869 -0.61431
2 76 -0.601869 -0.61431
0 77 -0.626752 -0.6112
1 77 -0.626752 -0.6112
2 77 -0.626752 -0.6112
0 78 -0.642304 -0.37792
1 78 -0.642304 -0.37792
2 78 -0.642304 -0.37792
0 79 -0.698291 -0.860032
1 79 -0.698291 -0.860032
2 79 -0.698291 -0.863142
0 80 0.545869 -0.493005
1 80 0.545869 -0.493005
2 80 0.545869 -0.493005
0 81 -0.337485 -0.471232
1 81 -0.337485 -0.471232
2 81 -0.337485 -0.471232
0 82 -0.0233341 -0.657856
1 82 -0.0233341 -0.657856
2 82 -0.0233341 -0.657856
0 83 -0.346816 -0.474342
1 83 -0.346816 -0.474342
2 83 -0.346816 -0.474342
0 84 -0.371699 -0.573875
1 84 -0.371699 -0.573875
2 84 -0.371699 -0.573875
0 85 -0.595648 -0.486784
1 85 -0.595648 -0.486784
2 85 -0.595648 -0.486784
0 86 -0.474342 -0.297049
1 86 -0.474342 -0.297049
2 86 -0.474342 -0.297049
0 87 -0.552102 -0.583206
1 87 -0.552102 -0.583206
2 87 -0.552102 -0.583206
0 88 0.086152 -0.660344
1 88 0.086152 -0.660344
2 88 0.086152 -0.660344
0 89 -0.197517 -0.615554
1 89 -0.197517 -0.615554
2 89 -0.197517 -0.615554
0 90 -0.402803 -0.623019
1 90 -0.402803 -0.623019
2 90 -0.402803 -0.623019
0 91 0.545247 -0.496115
1 91 0.545247 -0.496115
2 91 0.545247 -0.496115
0 92 -0.686472 -0.637949
1 92 -0.686472 -0.637949
2 92 -0.686472 -0.637949
0 93 -0.313223 -0.596892
1 93 -0.313223 -0.596892
2 93 -0.313223 -0.596892
0 94 -0.387873 -0.45879
1 94 -0.387873 -0.45879
2 94 -0.387873 -0.45879
0 95 0.653489 -0.417733
1 95 0.653489 -0.417733
2 95 0.653489 -0.417733
0 96 -0.372943 -0.574497
1 96 -0.372943 -0.574497
2 96 -0.372943 -0.574497
0 97 -0.656612 -0.511045
1 97 -0.656612 -0.511045
2 97 -0.656612 -0.511045
0 98 -0.604357 -0.615554
1 98 -0.604357 -0.615554
2 98 -0.604357 -0.615554
0 99 -0.216179 -0.552102
1 99 -0.216179 -0.552102
2 99 -0.216179 -0.552102
0 100 -0.645414 -0.376676
1 100 -0.645414 -0.376676
2 100 -0.645414 -0.376676
0 101 -0.335618 -0.47372
1 101 -0.335618 -0.47372
2 101 -0.335618 -0.47372
0 102 -0.477453 -0.298294
1 102 -0.477453 -0.298294
2 102 -0.477453 -0.298294
0 103 -0.346816 -0.619287
1 103 -0.346816 -0.619287
2 103 -0.346816 -0.619287
0 104 -0.492383 -0.809643
1 104 -0.492383 -0.809643
2 104 -0.492383 -0.809643
