179
0 0 0.569792 -0.566667
1 0 0.569792 -0.566667
2 0 0.569792 -0.566667
0 1 0.552083 -0.596875
1 1 0.552083 -0.596875
2 1 0.552083 -0.596875
0 2 -0.14375 -0.522917
1 2 -0.14375 -0.522917
2 2 -0.14375 -0.522917
0 3 0.530208 -0.6
1 3 0.530208 -0.6
2 3 0.530208 -0.6
0 4 -0.009375 -0.373958
1 4 -0.009375 -0.373958
2 4 -0.009375 -0.373958
0 5 0.45625 -0.584375
1 5 0.455208 -0.584375
2 5 0.455208 -0.584375
0 6 0.532292 -0.594792
1 6 0.532292 -0.594792
2 6 0.532292 -0.594792
0 7 0.0302083 -0.646875
1 7 0.0302083 -0.646875
2 7 0.0302083 -0.646875
0 8 -0.794792 -0.294792
1 8 -0.794792 -0.294792
2 8 -0.794792 -0.294792
0 9 -0.220833 -0.560417
1 9 -0.220833 -0.560417
2 9 -0.220833 -0.560417
0 10 -0.208333 -0.5125
1 10 -0.208333 -0.5125
2 10 -0.208333 -0.5125
0 11 0.645833 -0.561458
1 11 0.645833 -0.561458
2 11 0.645833 -0.561458
0 12 0.361458 -0.620833
1 12 0.361458 -0.620833
2 12 0.361458 -0.620833
0 13 0.65875 -0.5625
1 13 0.65875 -0.5625
2 13 0.65875 -0.5625
0 14 0.53 -0.6
1 14 0.53 -0.6
2 14 0.53 -0.6
0 15 0.0300001 -0.64625
1 15 0.0300001 -0.64625
2 15 0.0300001 -0.64625
0 16 0.65625 -0.55
1 16 0.65625 -0.55
2 16 0.65625 -0.55
0 17 0.57 -0.56625
1 17 0.57 -0.56625
2 17 0.57 -0.56625
0 18 0.51125 -0.58875
1 18 0.51125 -0.58875
2 18 0.51125 -0.58875
0 19 0.67 -0.54875
1 19 0.67 -0.54875
2 19 0.67 -0.54875
0 20 0.47625 -0.59375
1 20 0.47625 -0.59375
2 20 0.47625 -0.59375
0 21 0.48375 -0.5925
1 21 0.48375 -0.5925
2 21 0.48375 -0.5925
0 22 0.48 -0.5775
1 22 0.48 -0.5775
2 22 0.48 -0.5775
0 23 0.57375 -0.575
1 23 0.57375 -0.575
2 23 0.57375 -0.575
0 24 0.36125 -0.62
1 24 0.36125 -0.62
2 24 0.36125 -0.62
0 25 -0.00624994 -0.62125
1 25 -0.00624994 -0.62125
2 25 -0.00624994 -0.62125
0 26 0.6185 -0.556
1 26 0.6185 -0.556
2 26 0.6185 -0.556
0 27 0.5645 -0.58
1 27 0.5645 -0.58
2 27 0.5645 -0.58
0 28 0.557 -0.5815
1 28 0.557 -0.5815
2 28 0.557 -0.5815
0 29 0.53 -0.5995
1 29 0.53 -0.5995
2 29 0.53 -0.5995
0 30 0.5735 -0.5785
1 30 0.5735 -0.5785
2 30 0.5735 -0.5785
0 31 0.635 -0.5785
1 31 0.635 -0.5785
2 31 0.635 -0.5785
0 32 0.6335 -0.5755
1 32 0.6335 -0.5755
2 32 0.6335 -0.5755
0 33 0.662 -0.574
1 33 0.662 -0.574
2 33 0.662 -0.574
0 34 0.6785 -0.5725
1 34 0.6785 -0.5725
2 34 0.6785 -0.5725
0 35 0.4625 -0.583
1 35 0.4625 -0.583
2 35 0.4625 -0.583
0 36 0.6245 -0.5425
1 36 0.6245 -0.5425
2 36 0.6245 -0.5425
0 37 0.533 -0.595
1 37 0.533 -0.595
2 37 0.533 -0.595
0 38 0.5555 -0.5785
1 38 0.5555 -0.5785
2 38 0.5555 -0.5785
0 39 -0.6355 -0.292
1 39 -0.6355 -0.292
2 39 -0.6355 -0.292
0 40 0.53 -0.583
1 40 0.53 -0.583
2 40 0.53 -0.583
0 41 0.6395 -0.5395
1 41 0.6395 -0.5395
2 41 0.6395 -0.5395
0 42 -0.22 -0.562
1 42 -0.22 -0.562
2 42 -0.22 -0.562
0 43 0.5645 -0.577
1 43 0.5645 -0.577
2 43 0.5645 -0.577
0 44 -0.0984999 -0.532
1 44 -0.0984999 -0.532
2 44 -0.0984999 -0.532
0 45 0.0470001 -0.592
1 45 0.0470001 -0.592
2 45 0.0470001 -0.592
0 46 0.6875 -0.5695
1 46 0.6875 -0.5695
2 46 0.6875 -0.5695
0 47 -0.679 -0.85
1 47 -0.679 -0.85
2 47 -0.679 -0.85
0 48 0.6725 -0.5575
1 48 0.6725 -0.5575
2 48 0.6725 -0.5575
0 49 0.674 -0.5605
1 49 0.674 -0.5605
2 49 0.674 -0.5605
0 50 0.6155 -0.544
1 50 0.6155 -0.544
2 50 0.6155 -0.544
0 51 0.4835 -0.592
1 51 0.4835 -0.592
2 51 0.4835 -0.592
0 52 -0.4855 -0.8035
1 52 -0.4855 -0.8035
2 52 -0.4855 -0.8035
0 53 -0.2206 -0.5626
1 53 -0.2206 -0.5626
2 53 -0.2206 -0.5626
0 54 0.5642 -0.5788
1 54 0.5642 -0.5788
2 54 0.5642 -0.5788
0 55 -0.0981999 -0.532
1 55 -0.0981999 -0.532
2 55 -0.0981999 -0.532
0 56 -0.4708 -0.3034
1 56 -0.4708 -0.3034
2 56 -0.4708 -0.3034
0 57 -0.0243999 -0.6634
1 57 -0.0243999 -0.6634
2 57 -0.0243999 -0.6634
0 58 -0.487 -0.811
1 58 -0.487 -0.811
2 58 -0.487 -0.811
0 59 0.557 -0.5806
1 59 0.557 -0.5806
2 59 0.557 -0.5806
0 60 0.6272 -0.5518
1 60 0.6272 -0.5518
2 60 0.6272 -0.5518
0 61 -0.6364 -0.2926
1 61 -0.6364 -0.2926
2 61 -0.6364 -0.2926
0 62 0.1142 -0.6616
1 62 0.1142 -0.6616
2 62 0.1142 -0.6616
0 63 -0.6274 -0.6166
1 63 -0.6274 -0.6166
2 63 -0.6274 -0.6166
0 64 0.6776 -0.5716
1 64 0.6776 -0.5716
2 64 0.6776 -0.5716
0 65 0.6884 -0.5698
1 65 0.6884 -0.5698
2 65 0.6884 -0.5698
0 66 0.6398 -0.5878
1 66 0.6398 -0.5878
2 66 0.6398 -0.5878
0 67 0.0530001 -0.4492
1 67 0.0530001 -0.4492
2 67 0.0530001 -0.4492
0 68 -0.5266 -0.5536
1 68 -0.5266 -0.5536
2 68 -0.5266 -0.5536
0 69 -0.4024 -0.6328
1 69 -0.4024 -0.6328
2 69 -0.4024 -0.6328
0 70 0.6668 -0.5842
1 70 0.6668 -0.5842
2 70 0.6668 -0.5842
0 71 -0.6796 -0.8506
1 71 -0.6796 -0.8506
2 71 -0.6796 -0.8506
0 72 0.6614 -0.5734
1 72 0.6614 -0.5734
2 72 0.6614 -0.5734
0 73 0.4724 -0.5806
1 73 0.4724 -0.5806
2 73 0.4724 -0.5806
0 74 -0.6994 -0.8686
1 74 -0.6994 -0.8686
2 74 -0.6994 -0.8686
0 75 0.6182 -0.5554
1 75 0.6182 -0.5554
2 75 0.6182 -0.5554
0 76 0.6506 -0.5752
1 76 0.6506 -0.5752
2 76 0.6506 -0.5752
0 77 0.4796 -0.5788
1 77 0.4796 -0.5788
2 77 0.4796 -0.5788
0 78 0.5426 -0.5824
1 78 0.5426 -0.5824
2 78 0.5426 -0.5824
0 79 0.6146 -0.5446
1 79 0.6146 -0.5446
2 79 0.6146 -0.5446
0 80 0.6398 -0.5392
1 80 0.6398 -0.5392
2 80 0.6398 -0.5392
0 81 0.10808 -0.66304
1 81 0.10808 -0.66304
2 81 0.10808 -0.66304
0 82 -0.0236799 -0.66304
1 82 -0.0236799 -0.66304
2 82 -0.0236799 -0.66304
0 83 -0.47944 -0.30232
1 83 -0.47944 -0.30232
2 83 -0.47944 -0.30232
0 84 -0.19864 -0.62416
1 84 -0.19864 -0.62416
2 84 -0.19864 -0.62416
0 85 -0.63712 -0.29368
1 85 -0.63712 -0.29368
2 85 -0.63712 -0.29368
0 86 0.55736 -0.58096
1 86 0.55736 -0.58096
2 86 0.55736 -0.58096
0 87 -0.69976 -0.86824
1 87 -0.69976 -0.86824
2 87 -0.69976 -0.86824
0 88 -0.64144 -0.29368
1 88 -0.64144 -0.29368
2 88 -0.64144 -0.29368
0 89 -0.20512 -0.55936
1 89 -0.20512 -0.55936
2 89 -0.20512 -0.55936
0 90 0.58112 -0.58744
1 90 0.58112 -0.58744
2 90 0.58112 -0.58744
0 91 0.65672 -0.56152
1 91 0.65672 -0.56152
2 91 0.65672 -0.56152
0 92 -0.25912 -0.53344
1 92 -0.25912 -0.53344
2 92 -0.25912 -0.53344
0 93 -0.19864 -0.56152
1 93 -0.19864 -0.56152
2 93 -0.19864 -0.56152
0 94 0.62216 -0.56584
1 94 0.62216 -0.56584
2 94 0.62216 -0.56584
0 95 0.68048 -0.58312
1 95 0.68048 -0.58312
2 95 0.68048 -0.58312
0 96 -0.6004 -0.61984
1 96 -0.6004 -0.61984
2 96 -0.6004 -0.61984
0 97 0.67832 -0.57016
1 97 0.67832 -0.57016
2 97 0.67832 -0.57016
0 98 -0.68032 -0.85096
1 98 -0.68032 -0.85096
2 98 -0.68032 -0.85096
0 99 0.68912 -0.57016
1 99 0.68912 -0.57016
2 99 0.68912 -0.57016
0 100 0.512 -0.58744
1 100 0.512 -0.58744
2 100 0.512 -0.58744
0 101 -0.67384 -0.66088
1 101 -0.67384 -0.66088
2 101 -0.67384 -0.66088
0 102 0.66104 -0.57448
1 102 0.66104 -0.57448
2 102 0.66104 -0.57448
0 103 -0.55504 -0.5896
1 103 -0.55504 -0.5896
2 103 -0.55504 -0.5896
0 104 0.625184 -0.593056
1 104 0.625184 -0.593056
2 104 0.625184 -0.593056
0 105 -0.600832 -0.621568
1 105 -0.600832 -0.621568
2 105 -0.600832 -0.621568
0 106 -0.199072 -0.62416
1 106 -0.199072 -0.62416
2 106 -0.199072 -0.62416
0 107 -0.673408 -0.660448
1 107 -0.673408 -0.660448
2 107 -0.673408 -0.660448
0 108 0.109376 -0.66304
1 108 0.109376 -0.66304
2 108 0.109376 -0.66304
0 109 -0.199072 -0.561952
1 109 -0.199072 -0.561952
2 109 -0.199072 -0.561952
0 110 -0.616384 -0.600832
1 110 -0.616384 -0.600832
2 110 -0.616384 -0.600832
0 111 -0.489376 -0.81856
1 111 -0.489376 -0.81856
2 111 -0.489376 -0.81856
0 112 -0.0228158 -0.66304
1 112 -0.0228158 -0.66304
2 112 -0.0228158 -0.66304
0 113 -0.699328 -0.867808
1 113 -0.699328 -0.867808
2 113 -0.699328 -0.867808
0 114 -0.258688 -0.53344
1 114 -0.258688 -0.53344
2 114 -0.258688 -0.53344
0 115 -0.375328 -0.629344
1 115 -0.375328 -0.629344
2 115 -0.375328 -0.629344
0 116 -0.616384 -0.595648
1 116 -0.616384 -0.595648
2 116 -0.616384 -0.595648
0 117 -0.479008 -0.302752
1 117 -0.479008 -0.302752
2 117 -0.479008 -0.302752
0 118 -0.258688 -0.626752
1 118 -0.258688 -0.626752
2 118 -0.258688 -0.626752
0 119 -0.0331838 -0.497152
1 119 -0.0331838 -0.497152
2 119 -0.0331838 -0.497152
0 120 0.640736 -0.432352
1 120 0.640736 -0.432352
2 120 0.640736 -0.432352
0 121 -0.608608 -0.59824
1 121 -0.608608 -0.59824
2 121 -0.608608 -0.59824
0 122 0.643328 -0.44272
1 122 0.643328 -0.44272
2 122 0.643328 -0.44272
0 123 -0.655264 -0.655264
1 123 -0.655264 -0.655264
2 123 -0.655264 -0.655264
0 124 -0.595648 -0.49456
1 124 -0.595648 -0.49456
2 124 -0.595648 -0.49456
0 125 0.640736 -0.590464
1 125 0.640736 -0.590464
2 125 0.640736 -0.590464
0 126 0.653696 -0.587872
1 126 0.653696 -0.587872
2 126 0.653696 -0.587872
0 127 -0.554176 -0.590464
1 127 -0.554176 -0.590464
2 127 -0.554176 -0.590464
0 128 -0.681184 -0.852256
1 128 -0.681184 -0.852256
2 128 -0.681184 -0.852256
0 129 0.713312 -0.344224
1 129 0.713312 -0.344224
2 129 0.713312 -0.344224
0 130 -0.42976 -0.631936
1 130 -0.42976 -0.631936
2 130 -0.42976 -0.631936
0 131 -0.219289 -0.567654
1 131 -0.219289 -0.567654
2 131 -0.219289 -0.567654
0 132 -0.601869 -0.620531
1 132 -0.601869 -0.620531
2 132 -0.601869 -0.620531
0 133 -0.626752 -0.617421
1 133 -0.626752 -0.617421
2 133 -0.626752 -0.617421
0 134 0.113523 -0.430797
1 134 0.113523 -0.430797
2 134 0.113523 -0.430797
0 135 -0.670297 -0.660966
1 135 -0.670297 -0.660966
2 135 -0.670297 -0.660966
0 136 -0.474342 -0.30327
1 136 -0.474342 -0.30327
2 136 -0.474342 -0.30327
0 137 -0.489894 -0.816486
1 137 -0.489894 -0.816486
2 137 -0.489894 -0.816486
0 138 -0.61431 -0.598758
1 138 -0.61431 -0.598758
2 138 -0.61431 -0.598758
0 139 -0.402803 -0.629862
1 139 -0.402803 -0.629862
2 139 -0.402803 -0.629862
0 140 -0.337485 -0.477453
1 140 -0.337485 -0.477453
2 140 -0.337485 -0.477453
0 141 0.545869 -0.499225
1 141 0.545869 -0.499225
2 141 0.545869 -0.499225
0 142 -0.0233341 -0.664077
1 142 -0.0233341 -0.664077
2 142 -0.0233341 -0.664077
0 143 -0.346816 -0.480563
1 143 -0.346816 -0.480563
2 143 -0.346816 -0.480563
0 144 -0.483673 -0.797824
1 144 -0.483673 -0.797824
2 144 -0.483673 -0.797824
0 145 -0.698291 -0.866253
1 145 -0.698291 -0.866253
2 145 -0.698291 -0.866253
0 146 -0.68585 -0.642304
1 146 -0.68585 -0.642304
2 146 -0.68896 -0.642304
0 147 -0.228621 -0.623641
1 147 -0.228621 -0.623641
2 147 -0.228621 -0.623641
0 148 0.639181 -0.452569
1 148 0.639181 -0.452569
2 148 0.639181 -0.452569
0 149 -0.657856 -0.517888
1 149 -0.657856 -0.517888
2 149 -0.657856 -0.517888
0 150 0.458778 -0.6112
1 150 0.458778 -0.6112
2 150 0.458778 -0.6112
0 151 0.0886403 -0.664077
1 151 0.0886403 -0.664077
2 151 0.0886403 -0.664077
0 152 -0.595648 -0.493005
1 152 -0.595648 -0.493005
2 152 -0.595648 -0.493005
0 153 -0.371699 -0.580096
1 153 -0.371699 -0.580096
2 153 -0.371699 -0.580096
0 154 -0.387251 -0.465011
1 154 -0.387251 -0.465011
2 154 -0.387251 -0.465011
0 155 0.713831 -0.346816
1 155 0.713831 -0.346816
2 155 0.713831 -0.346816
0 156 -0.552102 -0.589427
1 156 -0.552102 -0.589427
2 156 -0.552102 -0.589427
0 157 0.571375 -0.53344
1 157 0.571375 -0.53344
2 157 0.571375 -0.53344
0 158 -0.231109 -0.623019
1 158 -0.231109 -0.623019
2 158 -0.231109 -0.623019
0 159 -0.686472 -0.641682
1 159 -0.686472 -0.641682
2 159 -0.686472 -0.641682
0 160 -0.641682 -0.384141
1 160 -0.641682 -0.384141
2 160 -0.641682 -0.384141
0 161 -0.626752 -0.619287
1 161 -0.626752 -0.619287
2 161 -0.626752 -0.619287
0 162 -0.656612 -0.514777
1 162 -0.656612 -0.514777
2 162 -0.656612 -0.514777
0 163 -0.387873 -0.466255
1 163 -0.387873 -0.466255
2 163 -0.387873 -0.466255
0 164 -0.335618 -0.481185
1 164 -0.335618 -0.481185
2 164 -0.335618 -0.481185
0 165 -0.615554 -0.600625
1 165 -0.615554 -0.600625
2 165 -0.615554 -0.600625
0 166 -0.197517 -0.623019
1 166 -0.197517 -0.623019
2 166 -0.197517 -0.623019
0 167 -0.671542 -0.660344
1 167 -0.671542 -0.660344
2 167 -0.671542 -0.660344
0 168 0.086152 -0.664077
1 168 0.086152 -0.664077
2 168 0.086152 -0.664077
0 169 -0.552102 -0.589427
1 169 -0.552102 -0.589427
2 169 -0.552102 -0.589427
0 170 -0.02209 -0.667809
1 170 -0.02209 -0.667809
2 170 -0.02209 -0.667809
0 171 -0.354281 -0.51851
1 171 -0.354281 -0.51851
2 171 -0.354281 -0.51851
0 172 -0.604357 -0.623019
1 172 -0.604357 -0.623019
2 172 -0.604357 -0.623019
0 173 0.545247 -0.499848
1 173 0.545247 -0.499848
2 173 0.545247 -0.499848
0 174 -0.477453 -0.305759
1 174 -0.477453 -0.305759
2 174 -0.477453 -0.305759
0 175 -0.492383 -0.817108
1 175 -0.492383 -0.817108
2 175 -0.492383 -0.817108
0 176 0.590037 -0.522242
1 176 0.590037 -0.522242
2 176 0.590037 -0.522242
0 177 -0.257236 -0.529707
1 177 -0.257236 -0.529707
2 177 -0.257236 -0.529707
0 178 -0.697669 -0.865631
1 178 -0.697669 -0.865631
2 178 -0.697669 -0.869363
