50
0 0 0.6425 -0.545
1 0 0.6425 -0.54375
2 0 0.6425 -0.54375
0 1 -0.00874996 -0.37
1 1 -0.00874996 -0.36875
2 1 -0.00874996 -0.36875
0 2 -0.0249999 -0.7
1 2 -0.0249999 -0.7
2 2 -0.0249999 -0.69875
0 3 0.6875 -0.5625
1 3 0.6875 -0.5625
2 3 0.6875 -0.56125
0 4 0.65 -0.5695
1 4 0.65 -0.568
2 4 0.65 -0.568
0 5 0.662 -0.5695
1 5 0.662 -0.568
2 5 0.662 -0.568
0 6 0.5075 -0.571
1 6 0.5075 -0.5695
2 6 0.5075 -0.5695
0 7 0.53 -0.5785
1 7 0.53 -0.577
2 7 0.53 -0.577
0 8 -0.6775 -0.8455
1 8 -0.6775 -0.8455
2 8 -0.6775 -0.844
0 9 0.641 -0.535
1 9 0.641 -0.5335
2 9 0.641 -0.5335
0 10 -0.6778 -0.8452
1 10 -0.6778 -0.8452
2 10 -0.6778 -0.8452
0 11 -0.4708 -0.298
1 11 -0.4708 -0.298
2 11 -0.4708 -0.2962
0 12 0.1142 -0.6562
1 12 0.1142 -0.6562
2 12 0.1142 -0.6562
0 13 -0.6976 -0.8632
1 13 -0.6976 -0.8632
2 13 -0.6976 -0.8632
0 14 -0.3736 -0.6274
1 14 -0.3736 -0.6256
2 14 -0.3736 -0.6256
0 15 0.6254 -0.5374
1 15 0.6254 -0.5356
2 15 0.6254 -0.5356
0 16 -0.2188 -0.5572
1 16 -0.2188 -0.5572
2 16 -0.2188 -0.5554
0 17 -0.6976 -0.86392
1 17 -0.6976 -0.86392
2 17 -0.6976 -0.86176
0 18 0.55736 -0.57448
1 18 0.55736 -0.57448
2 18 0.55736 -0.57448
0 19 0.67832 -0.56584
1 19 0.67832 -0.56584
2 19 0.67832 -0.56584
0 20 -0.4708 -0.298
1 20 -0.4708 -0.298
2 20 -0.4708 -0.298
0 21 -0.62632 -0.6112
1 21 -0.62632 -0.6112
2 21 -0.62632 -0.6112
0 22 -0.22888 -0.622
1 22 -0.22888 -0.61984
2 22 -0.22888 -0.61984
0 23 -0.64144 -0.28936
1 23 -0.64144 -0.2872
2 23 -0.64144 -0.2872
0 24 -0.21808 -0.55936
1 24 -0.21808 -0.5572
2 24 -0.21808 -0.5572
0 25 0.47312 -0.60256
1 25 0.47312 -0.60256
2 25 0.47312 -0.60256
0 26 -0.4816 -0.79264
1 26 -0.4816 -0.79264
2 26 -0.4816 -0.79264
0 27 -0.393472 -0.502336
1 27 -0.393472 -0.502336
2 27 -0.393472 -0.502336
0 28 -0.19648 -0.618976
1 28 -0.19648 -0.618976
2 28 -0.19648 -0.616384
0 29 -0.639712 -0.289792
1 29 -0.63712 -0.289792
2 29 -0.63712 -0.289792
0 30 0.640736 -0.427168
1 30 0.640736 -0.427168
2 30 0.640736 -0.427168
0 31 -0.696736 -0.862624
1 31 -0.696736 -0.862624
2 31 -0.696736 -0.862624
0 32 -0.471232 -0.297568
1 32 -0.471232 -0.297568
2 32 -0.471232 -0.297568
0 33 -0.68585 -0.636083
1 33 -0.68585 -0.636083
2 33 -0.68585 -0.636083
0 34 -0.642304 -0.37792
1 34 -0.642304 -0.37792
2 34 -0.642304 -0.37792
0 35 -0.402803 -0.623641
1 35 -0.402803 -0.623641
2 35 -0.402803 -0.623641
0 36 0.545869 -0.493005
1 36 0.545869 -0.493005
2 36 0.545869 -0.493005
0 37 -0.474342 -0.297049
1 37 -0.477453 -0.297049
2 37 -0.474342 -0.297049
0 38 -0.219289 -0.561433
1 38 -0.219289 -0.561433
2 38 -0.219289 -0.561433
0 39 -0.228621 -0.617421
1 39 -0.228621 -0.617421
2 39 -0.228621 -0.617421
0 40 -0.272166 -0.309491
1 40 -0.272166 -0.309491
2 40 -0.272166 -0.309491
0 41 -0.372943 -0.574497
1 41 -0.372943 -0.574497
2 41 -0.372943 -0.574497
0 42 -0.216179 -0.552102
1 42 -0.216179 -0.552102
2 42 -0.216179 -0.552102
0 43 0.112279 -0.425198
1 43 0.112279 -0.425198
2 43 0.112279 -0.425198
0 44 -0.387873 -0.45879
1 44 -0.387873 -0.45879
2 44 -0.387873 -0.45879
0 45 -0.313223 -0.596892
1 45 -0.313223 -0.596892
2 45 -0.313223 -0.596892
0 46 -0.652879 -0.511045
1 46 -0.652879 -0.511045
2 46 -0.652879 -0.511045
0 47 -0.197517 -0.615554
1 47 -0.197517 -0.615554
2 47 -0.197517 -0.615554
0 48 0.590037 -0.51851
1 48 0.590037 -0.51851
2 48 0.590037 -0.51851
0 49 -0.697669 -0.861898
1 49 -0.697669 -0.861898
2 49 -0.697669 -0.861898
